STATE/UT,YEAR,CAUSE,CASES,MALE INJURED,FEMALE INJURED,TOTAL INJURED,MALE KILLED,FEMALE KILLED,TOTAL KILLED
ANDHRA PRADESH,2001,AIR-CRASH,0,0,0,0,0,0,0
ANDHRA PRADESH,2001,COLLAPSE OF STRUCTURE(HOUSE),40,9,2,11,28,28,56
ANDHRA PRADESH,2001,COLLAPSE OF STRUCTURE(BUILDING),18,1,2,3,29,7,36
ANDHRA PRADESH,2001,COLLAPSE OF STRUCTURE(DAM),0,0,0,0,0,0,0
ANDHRA PRADESH,2001,COLLAPSE OF STRUCTURE(BRIDGE),4,2,2,4,6,6,12
ANDHRA PRADESH,2001,COLLAPSE OF STRUCTURE(OTHERS),84,17,8,25,80,33,113
ANDHRA PRADESH,2001,DROWNING(BOAT CAPSIZE),33,6,0,6,34,7,41
ANDHRA PRADESH,2001,DROWNING(OTHER),1366,27,3,30,1044,362,1406
ANDHRA PRADESH,2001,ELECTROCUTION,611,8,10,18,573,92,665
ANDHRA PRADESH,2001,EXPLOSION(BOMB EXPLOSION),8,16,4,20,13,16,29
ANDHRA PRADESH,2001,EXPLOSION(OTHER EXPLOSION LIKE BOILERS,,11,1,0,1,4,4,8
ANDHRA PRADESH,2001,FALLS(FALL FROM HEIGHT),753,14,3,17,696,88,784
ANDHRA PRADESH,2001,FALL INTO PIT/MANHOLE,69,1,0,1,55,10,65
ANDHRA PRADESH,2001,FACTORY/MACHINE ACCIDENTS,48,9,0,9,40,17,57
ANDHRA PRADESH,2001,FIRE(FIREWORKS/CRACKERS),28,16,3,19,31,8,39
ANDHRA PRADESH,2001,FIRE(SHORT-CIRCUIT),292,8,2,10,264,43,307
ANDHRA PRADESH,2001,GAS CYLINDER/STOVE BURST,1003,21,52,73,204,732,936
ANDHRA PRADESH,2001,OTHER FIRE ACCIDENTS,582,6,13,19,169,390,559
ANDHRA PRADESH,2001,FIRE-ARMS,25,1,0,1,19,7,26
ANDHRA PRADESH,2001,SUDDEN DEATHS(HEART ATTACKS),268,0,0,0,220,59,279
ANDHRA PRADESH,2001,EPILEPTIC FITS/GIDDINESS,50,1,0,1,34,15,49
ANDHRA PRADESH,2001,ABORTIONS/CHILD BIRTH,19,0,0,0,0,19,19
ANDHRA PRADESH,2001,INFLUENCE OF ALCOHOL,183,14,1,15,170,11,181
ANDHRA PRADESH,2001,KILLED BY ANIMALS,33,1,0,1,29,4,33
ANDHRA PRADESH,2001,MINES OR QUARY DISASTER,19,5,4,9,12,3,15
ANDHRA PRADESH,2001,FOOD POISIONING/ACCIDENTAL INTAKE OF INSECTICIDES ETC.,159,13,3,16,140,46,186
ANDHRA PRADESH,2001,SPURIOUS/POISIONOUS LIQUOR,23,4,1,5,20,3,23
ANDHRA PRADESH,2001,LEAKAGE OF POISINOUS GASES ETC.,4,0,0,0,4,0,4
ANDHRA PRADESH,2001,SNAKE BITE/ANIMAL BITE,643,7,5,12,508,125,633
ANDHRA PRADESH,2001,OTHER,556,10,9,19,398,181,579
ANDHRA PRADESH,2001,STAMPEDE,2,0,0,0,2,0,2
ANDHRA PRADESH,2001,SUFFOCATION,9,0,0,0,9,0,9
ANDHRA PRADESH,2001,TRAFFIC ACCIDENTS(ROAD ACCIDENTS),27188,27725,6110,33835,6947,1427,8374
ANDHRA PRADESH,2001,TRAFFIC ACCIDENTS(RAIL-ROAD ACCIDENTS),623,6,1,7,558,68,626
ANDHRA PRADESH,2001,OTHER RAILWAY ACCIDENTS,674,0,0,0,586,90,676
ANDHRA PRADESH,2001,OTHER,1096,530,191,721,880,361,1241
ANDHRA PRADESH,2001,CAUSES NOT KNOWN,486,113,72,185,509,179,688
ANDHRA PRADESH,2001,TOTAL,37010,28592,6501,35093,14315,4441,18756
ANDHRA PRADESH,2001,TOTAL COLLAPSE,146,29,14,43,143,74,217
ANDHRA PRADESH,2001,TOTAL DROWNING,1399,33,3,36,1078,369,1447
ANDHRA PRADESH,2001,TOTAL EXPLOSION,19,17,4,21,17,20,37
ANDHRA PRADESH,2001,TOTAL FALLS,822,15,3,18,751,98,849
ANDHRA PRADESH,2001,TOTAL FIRE,1905,51,70,121,668,1173,1841
ANDHRA PRADESH,2001,TOTAL SUDDEN DEATHS,520,15,1,16,424,104,528
ANDHRA PRADESH,2001,TOTAL POISONING,1385,34,18,52,1070,355,1425
ANDHRA PRADESH,2001,TOTAL TRAFFIC ACCIDENTS,28485,27731,6111,33842,8091,1585,9676
ANDHRA PRADESH,2002,AIR-CRASH,2,0,0,0,5,0,5
ANDHRA PRADESH,2002,COLLAPSE OF STRUCTURE(HOUSE),48,2,1,3,47,12,59
ANDHRA PRADESH,2002,COLLAPSE OF STRUCTURE(BUILDING),30,8,3,11,25,4,29
ANDHRA PRADESH,2002,COLLAPSE OF STRUCTURE(DAM),1,0,0,0,1,0,1
ANDHRA PRADESH,2002,COLLAPSE OF STRUCTURE(BRIDGE),7,0,0,0,7,0,7
ANDHRA PRADESH,2002,COLLAPSE OF STRUCTURE(OTHERS),111,4,1,5,90,24,114
ANDHRA PRADESH,2002,DROWNING(BOAT CAPSIZE),26,7,5,12,29,6,35
ANDHRA PRADESH,2002,DROWNING(OTHER),1404,50,18,68,1085,310,1395
ANDHRA PRADESH,2002,ELECTROCUTION,703,29,13,42,653,65,718
ANDHRA PRADESH,2002,EXPLOSION(BOMB EXPLOSION),21,9,12,21,21,8,29
ANDHRA PRADESH,2002,EXPLOSION(OTHER EXPLOSION LIKE BOILERS, GAS CYLINDER ETC.),25,5,6,11,11,8,19
ANDHRA PRADESH,2002,FALLS(FALL FROM HEIGHT),604,40,1,41,528,62,590
ANDHRA PRADESH,2002,FALL INTO PIT/MANHOLE,94,3,1,4,73,22,95
ANDHRA PRADESH,2002,FACTORY/MACHINE ACCIDENTS,51,8,0,8,42,6,48
ANDHRA PRADESH,2002,FIRE(FIREWORKS/CRACKERS),24,13,1,14,30,8,38
ANDHRA PRADESH,2002,FIRE(SHORT-CIRCUIT),198,2,0,2,184,25,209
ANDHRA PRADESH,2002,GAS CYLINDER/STOVE BURST,854,26,64,90,154,639,793
ANDHRA PRADESH,2002,OTHER FIRE ACCIDENTS,779,30,20,50,255,510,765
ANDHRA PRADESH,2002,FIRE-ARMS,6,1,0,1,5,1,6
ANDHRA PRADESH,2002,SUDDEN DEATHS(HEART ATTACKS),335,0,0,0,276,59,335
ANDHRA PRADESH,2002,EPILEPTIC FITS/GIDDINESS,104,3,2,5,87,12,99
ANDHRA PRADESH,2002,ABORTIONS/CHILD BIRTH,10,0,0,0,0,10,10
ANDHRA PRADESH,2002,INFLUENCE OF ALCOHOL,211,3,0,3,202,10,212
ANDHRA PRADESH,2002,KILLED BY ANIMALS,32,2,0,2,27,4,31
ANDHRA PRADESH,2002,MINES OR QUARY DISASTER,23,1,0,1,20,5,25
ANDHRA PRADESH,2002,FOOD POISIONING/ACCIDENTAL INTAKE OF INSECTICIDES ETC.,274,6,2,8,217,67,284
ANDHRA PRADESH,2002,SPURIOUS/POISIONOUS LIQUOR,200,0,0,0,116,84,200
ANDHRA PRADESH,2002,LEAKAGE OF POISINOUS GASES ETC.,13,0,0,0,5,9,14
ANDHRA PRADESH,2002,SNAKE BITE/ANIMAL BITE,791,5,1,6,617,184,801
ANDHRA PRADESH,2002,OTHER,813,3,0,3,584,272,856
ANDHRA PRADESH,2002,STAMPEDE,0,0,0,0,0,0,0
ANDHRA PRADESH,2002,SUFFOCATION,5,3,0,3,5,1,6
ANDHRA PRADESH,2002,TRAFFIC ACCIDENTS(ROAD ACCIDENTS),32577,34582,9815,44397,7834,1517,9351
ANDHRA PRADESH,2002,TRAFFIC ACCIDENTS(RAIL-ROAD ACCIDENTS),4,15,5,20,8,1,9
ANDHRA PRADESH,2002,OTHER RAILWAY ACCIDENTS,1185,0,0,0,1017,169,1186
ANDHRA PRADESH,2002,OTHER,764,1,2,3,683,180,863
ANDHRA PRADESH,2002,CAUSES NOT KNOWN,691,0,0,0,563,188,751
ANDHRA PRADESH,2002,TOTAL,43020,34861,9973,44834,15506,4482,19988
ANDHRA PRADESH,2002,TOTAL COLLAPSE,197,14,5,19,170,40,210
ANDHRA PRADESH,2002,TOTAL DROWNING,1430,57,23,80,1114,316,1430
ANDHRA PRADESH,2002,TOTAL EXPLOSION,46,14,18,32,32,16,48
ANDHRA PRADESH,2002,TOTAL FALLS,698,43,2,45,601,84,685
ANDHRA PRADESH,2002,TOTAL FIRE,1855,71,85,156,623,1182,1805
ANDHRA PRADESH,2002,TOTAL SUDDEN DEATHS,660,6,2,8,565,91,656
ANDHRA PRADESH,2002,TOTAL POISONING,2091,14,3,17,1539,616,2155
ANDHRA PRADESH,2002,TOTAL TRAFFIC ACCIDENTS,33766,34597,9820,44417,8859,1687,10546
ANDHRA PRADESH,2003,AIR-CRASH,2,0,0,0,4,0,4
ANDHRA PRADESH,2003,COLLAPSE OF STRUCTURE(HOUSE),42,2,2,4,41,15,56
ANDHRA PRADESH,2003,COLLAPSE OF STRUCTURE(BUILDING),22,11,2,13,21,4,25
ANDHRA PRADESH,2003,COLLAPSE OF STRUCTURE(DAM),0,0,0,0,0,0,0
ANDHRA PRADESH,2003,COLLAPSE OF STRUCTURE(BRIDGE),4,0,0,0,5,0,5
ANDHRA PRADESH,2003,COLLAPSE OF STRUCTURE(OTHERS),114,14,3,17,93,19,112
ANDHRA PRADESH,2003,DROWNING(BOAT CAPSIZE),35,3,0,3,48,41,89
ANDHRA PRADESH,2003,DROWNING(OTHER),1553,13,6,19,1224,358,1582
ANDHRA PRADESH,2003,ELECTROCUTION,875,13,0,13,745,104,849
ANDHRA PRADESH,2003,EXPLOSION(BOMB EXPLOSION),3,0,0,0,3,0,3
ANDHRA PRADESH,2003,EXPLOSION(OTHER EXPLOSION LIKE BOILERS,,161,7,1,8,97,62,159
ANDHRA PRADESH,2003,FALLS(FALL FROM HEIGHT),985,9,2,11,843,148,991
ANDHRA PRADESH,2003,FALL INTO PIT/MANHOLE,109,4,0,4,88,26,114
ANDHRA PRADESH,2003,FACTORY/MACHINE ACCIDENTS,89,7,0,7,70,18,88
ANDHRA PRADESH,2003,FIRE(FIREWORKS/CRACKERS),66,4,4,8,46,20,66
ANDHRA PRADESH,2003,FIRE(SHORT-CIRCUIT),218,4,0,4,167,52,219
ANDHRA PRADESH,2003,GAS CYLINDER/STOVE BURST,846,24,73,97,165,653,818
ANDHRA PRADESH,2003,OTHER FIRE ACCIDENTS,826,8,15,23,313,540,853
ANDHRA PRADESH,2003,FIRE-ARMS,4,0,0,0,4,0,4
ANDHRA PRADESH,2003,SUDDEN DEATHS(HEART ATTACKS),383,0,0,0,295,88,383
ANDHRA PRADESH,2003,EPILEPTIC FITS/GIDDINESS,94,1,0,1,66,28,94
ANDHRA PRADESH,2003,ABORTIONS/CHILD BIRTH,13,0,0,0,0,13,13
ANDHRA PRADESH,2003,INFLUENCE OF ALCOHOL,337,5,0,5,321,16,337
ANDHRA PRADESH,2003,KILLED BY ANIMALS,63,2,0,2,59,5,64
ANDHRA PRADESH,2003,MINES OR QUARY DISASTER,47,2,0,2,64,10,74
ANDHRA PRADESH,2003,FOOD POISIONING/ACCIDENTAL INTAKE OF INSECTICIDES ETC.,344,7,8,15,246,102,348
ANDHRA PRADESH,2003,SPURIOUS/POISIONOUS LIQUOR,116,2,0,2,79,38,117
ANDHRA PRADESH,2003,LEAKAGE OF POISINOUS GASES ETC.,8,0,0,0,8,0,8
ANDHRA PRADESH,2003,SNAKE BITE/ANIMAL BITE,711,5,2,7,542,183,725
ANDHRA PRADESH,2003,OTHER,1160,0,1,1,928,339,1267
ANDHRA PRADESH,2003,STAMPEDE,4,0,0,0,4,0,4
ANDHRA PRADESH,2003,SUFFOCATION,16,0,0,0,14,2,16
ANDHRA PRADESH,2003,TRAFFIC ACCIDENTS(ROAD ACCIDENTS),34537,37012,11203,48215,8161,2007,10168
ANDHRA PRADESH,2003,TRAFFIC ACCIDENTS(RAIL-ROAD ACCIDENTS),291,2,0,2,247,43,290
ANDHRA PRADESH,2003,OTHER RAILWAY ACCIDENTS,490,1,0,1,417,72,489
ANDHRA PRADESH,2003,OTHER,1007,7,3,10,755,234,989
ANDHRA PRADESH,2003,CAUSES NOT KNOWN,760,19,1,20,596,213,809
ANDHRA PRADESH,2003,TOTAL,46335,37188,11326,48514,16779,5453,22232
ANDHRA PRADESH,2003,TOTAL COLLAPSE,182,27,7,34,160,38,198
ANDHRA PRADESH,2003,TOTAL DROWNING,1588,16,6,22,1272,399,1671
ANDHRA PRADESH,2003,TOTAL EXPLOSION,164,7,1,8,100,62,162
ANDHRA PRADESH,2003,TOTAL FALLS,1094,13,2,15,931,174,1105
ANDHRA PRADESH,2003,TOTAL FIRE,1956,40,92,132,691,1265,1956
ANDHRA PRADESH,2003,TOTAL SUDDEN DEATHS,827,6,0,6,682,145,827
ANDHRA PRADESH,2003,TOTAL POISONING,2339,14,11,25,1803,662,2465
ANDHRA PRADESH,2003,TOTAL TRAFFIC ACCIDENTS,35318,37015,11203,48218,8825,2122,10947
ANDHRA PRADESH,2004,AIR-CRASH,0,0,0,0,0,0,0
ANDHRA PRADESH,2004,COLLAPSE OF STRUCTURE(HOUSE),24,3,4,7,23,16,39
ANDHRA PRADESH,2004,COLLAPSE OF STRUCTURE(BUILDING),32,17,3,20,19,7,26
ANDHRA PRADESH,2004,COLLAPSE OF STRUCTURE(DAM),0,0,0,0,0,0,0
ANDHRA PRADESH,2004,COLLAPSE OF STRUCTURE(BRIDGE),3,1,0,1,3,0,3
ANDHRA PRADESH,2004,COLLAPSE OF STRUCTURE(OTHERS),122,12,8,20,83,29,112
ANDHRA PRADESH,2004,DROWNING(BOAT CAPSIZE),22,0,0,0,20,2,22
ANDHRA PRADESH,2004,DROWNING(OTHER),1146,10,2,12,943,248,1191
ANDHRA PRADESH,2004,ELECTROCUTION,746,4,2,6,669,99,768
ANDHRA PRADESH,2004,EXPLOSION(BOMB EXPLOSION),10,0,0,0,13,1,14
ANDHRA PRADESH,2004,EXPLOSION(OTHER EXPLOSION LIKE BOILERS,,32,19,4,23,10,3,13
ANDHRA PRADESH,2004,FALLS(FALL FROM HEIGHT),592,14,4,18,516,65,581
ANDHRA PRADESH,2004,FALL INTO PIT/MANHOLE,116,0,0,0,93,28,121
ANDHRA PRADESH,2004,FACTORY/MACHINE ACCIDENTS,31,2,0,2,24,8,32
ANDHRA PRADESH,2004,FIRE(FIREWORKS/CRACKERS),25,15,9,24,9,5,14
ANDHRA PRADESH,2004,FIRE(SHORT-CIRCUIT),259,13,3,16,227,21,248
ANDHRA PRADESH,2004,GAS CYLINDER/STOVE BURST,537,12,58,70,104,422,526
ANDHRA PRADESH,2004,OTHER FIRE ACCIDENTS,688,9,14,23,237,458,695
ANDHRA PRADESH,2004,FIRE-ARMS,3,0,0,0,3,0,3
ANDHRA PRADESH,2004,SUDDEN DEATHS(HEART ATTACKS),409,0,0,0,316,95,411
ANDHRA PRADESH,2004,EPILEPTIC FITS/GIDDINESS,103,1,0,1,70,33,103
ANDHRA PRADESH,2004,ABORTIONS/CHILD BIRTH,32,0,0,0,0,32,32
ANDHRA PRADESH,2004,INFLUENCE OF ALCOHOL,249,7,0,7,233,8,241
ANDHRA PRADESH,2004,KILLED BY ANIMALS,37,2,0,2,29,6,35
ANDHRA PRADESH,2004,MINES OR QUARY DISASTER,31,1,0,1,26,8,34
ANDHRA PRADESH,2004,FOOD POISIONING/ACCIDENTAL INTAKE OF INSECTICIDES ETC.,147,14,3,17,95,36,131
ANDHRA PRADESH,2004,SPURIOUS/POISIONOUS LIQUOR,77,0,0,0,72,5,77
ANDHRA PRADESH,2004,LEAKAGE OF POISINOUS GASES ETC.,7,0,0,0,7,0,7
ANDHRA PRADESH,2004,SNAKE BITE/ANIMAL BITE,675,9,3,12,487,178,665
ANDHRA PRADESH,2004,OTHER,824,0,2,2,555,279,834
ANDHRA PRADESH,2004,STAMPEDE,0,0,0,0,0,0,0
ANDHRA PRADESH,2004,SUFFOCATION,2,0,0,0,2,0,2
ANDHRA PRADESH,2004,TRAFFIC ACCIDENTS(ROAD ACCIDENTS),37078,39618,8946,48564,9267,1693,10960
ANDHRA PRADESH,2004,TRAFFIC ACCIDENTS(RAIL-ROAD ACCIDENTS),119,0,0,0,100,20,120
ANDHRA PRADESH,2004,OTHER RAILWAY ACCIDENTS,992,19,2,21,1051,153,1204
ANDHRA PRADESH,2004,OTHER,987,17,12,29,691,278,969
ANDHRA PRADESH,2004,CAUSES NOT KNOWN,897,17,9,26,653,256,909
ANDHRA PRADESH,2004,TOTAL,47054,39836,9088,48924,16650,4492,21142
ANDHRA PRADESH,2004,TOTAL COLLAPSE,181,33,15,48,128,52,180
ANDHRA PRADESH,2004,TOTAL DROWNING,1168,10,2,12,963,250,1213
ANDHRA PRADESH,2004,TOTAL EXPLOSION,42,19,4,23,23,4,27
ANDHRA PRADESH,2004,TOTAL FALLS,708,14,4,18,609,93,702
ANDHRA PRADESH,2004,TOTAL FIRE,1509,49,84,133,577,906,1483
ANDHRA PRADESH,2004,TOTAL SUDDEN DEATHS,793,8,0,8,619,168,787
ANDHRA PRADESH,2004,TOTAL POISONING,1730,23,8,31,1216,498,1714
ANDHRA PRADESH,2004,TOTAL TRAFFIC ACCIDENTS,38189,39637,8948,48585,10418,1866,12284
ANDHRA PRADESH,2005,AIR-CRASH,1,0,0,0,1,0,1
ANDHRA PRADESH,2005,COLLAPSE OF STRUCTURE(HOUSE),58,8,5,13,37,25,62
ANDHRA PRADESH,2005,COLLAPSE OF STRUCTURE(BUILDING),21,18,3,21,18,5,23
ANDHRA PRADESH,2005,COLLAPSE OF STRUCTURE(DAM),7,0,0,0,6,1,7
ANDHRA PRADESH,2005,COLLAPSE OF STRUCTURE(BRIDGE),4,2,0,2,2,3,5
ANDHRA PRADESH,2005,COLLAPSE OF STRUCTURE(OTHERS),120,13,3,16,91,47,138
ANDHRA PRADESH,2005,DROWNING(BOAT CAPSIZE),18,0,0,0,28,5,33
ANDHRA PRADESH,2005,DROWNING(OTHER),1706,12,2,14,1407,401,1808
ANDHRA PRADESH,2005,ELECTROCUTION,1085,2,2,4,977,134,1111
ANDHRA PRADESH,2005,EXPLOSION(BOMB EXPLOSION),3,0,0,0,3,0,3
ANDHRA PRADESH,2005,EXPLOSION(OTHER EXPLOSION LIKE BOILERS,,37,5,0,5,37,5,42
ANDHRA PRADESH,2005,FALLS(FALL FROM HEIGHT),1013,5,2,7,887,166,1053
ANDHRA PRADESH,2005,FALL INTO PIT/MANHOLE,165,2,1,3,138,27,165
ANDHRA PRADESH,2005,FACTORY/MACHINE ACCIDENTS,28,5,0,5,24,2,26
ANDHRA PRADESH,2005,FIRE(FIREWORKS/CRACKERS),28,5,2,7,15,9,24
ANDHRA PRADESH,2005,FIRE(SHORT-CIRCUIT),104,0,0,0,86,19,105
ANDHRA PRADESH,2005,GAS CYLINDER/STOVE BURST,590,6,13,19,135,493,628
ANDHRA PRADESH,2005,OTHER FIRE ACCIDENTS,1231,2,8,10,551,708,1259
ANDHRA PRADESH,2005,FIRE-ARMS,2,0,0,0,2,0,2
ANDHRA PRADESH,2005,SUDDEN DEATHS(HEART ATTACKS),453,12,5,17,407,32,439
ANDHRA PRADESH,2005,EPILEPTIC FITS/GIDDINESS,325,8,6,14,237,75,312
ANDHRA PRADESH,2005,ABORTIONS/CHILD BIRTH,12,0,0,0,0,12,12
ANDHRA PRADESH,2005,INFLUENCE OF ALCOHOL,308,37,2,39,249,29,278
ANDHRA PRADESH,2005,KILLED BY ANIMALS,30,0,0,0,29,2,31
ANDHRA PRADESH,2005,MINES OR QUARY DISASTER,25,7,0,7,27,1,28
ANDHRA PRADESH,2005,FOOD POISIONING/ACCIDENTAL INTAKE OF INSECTICIDES ETC.,189,0,0,0,131,61,192
ANDHRA PRADESH,2005,SPURIOUS/POISIONOUS LIQUOR,35,0,0,0,28,10,38
ANDHRA PRADESH,2005,LEAKAGE OF POISINOUS GASES ETC.,13,0,0,0,11,5,16
ANDHRA PRADESH,2005,SNAKE BITE/ANIMAL BITE,902,0,1,1,687,234,921
ANDHRA PRADESH,2005,OTHER,339,0,0,0,271,101,372
ANDHRA PRADESH,2005,STAMPEDE,6,0,0,0,5,1,6
ANDHRA PRADESH,2005,SUFFOCATION,17,0,0,0,14,3,17
ANDHRA PRADESH,2005,TRAFFIC ACCIDENTS(ROAD ACCIDENTS),37289,39180,9679,48859,8880,2064,10944
ANDHRA PRADESH,2005,TRAFFIC ACCIDENTS(RAIL-ROAD ACCIDENTS),6,0,0,0,6,1,7
ANDHRA PRADESH,2005,OTHER RAILWAY ACCIDENTS,1390,153,45,198,974,313,1287
ANDHRA PRADESH,2005,OTHER,990,21,6,27,780,258,1038
ANDHRA PRADESH,2005,CAUSES NOT KNOWN,836,69,11,80,622,173,795
ANDHRA PRADESH,2005,TOTAL,49386,39572,9796,49368,17803,5425,23228
ANDHRA PRADESH,2005,TOTAL COLLAPSE,210,41,11,52,154,81,235
ANDHRA PRADESH,2005,TOTAL DROWNING,1724,12,2,14,1435,406,1841
ANDHRA PRADESH,2005,TOTAL EXPLOSION,40,5,0,5,40,5,45
ANDHRA PRADESH,2005,TOTAL FALLS,1178,7,3,10,1025,193,1218
ANDHRA PRADESH,2005,TOTAL FIRE,1953,13,23,36,787,1229,2016
ANDHRA PRADESH,2005,TOTAL SUDDEN DEATHS,1098,57,13,70,893,148,1041
ANDHRA PRADESH,2005,TOTAL POISONING,1478,0,1,1,1128,411,1539
ANDHRA PRADESH,2005,TOTAL TRAFFIC ACCIDENTS,38685,39333,9724,49057,9860,2378,12238
ANDHRA PRADESH,2006,AIR-CRASH,3,0,0,0,0,0,0
ANDHRA PRADESH,2006,COLLAPSE OF STRUCTURE(HOUSE),75,22,9,31,47,21,68
ANDHRA PRADESH,2006,COLLAPSE OF STRUCTURE(BUILDING),40,62,9,71,29,5,34
ANDHRA PRADESH,2006,COLLAPSE OF STRUCTURE(DAM),0,0,0,0,0,0,0
ANDHRA PRADESH,2006,COLLAPSE OF STRUCTURE(BRIDGE),3,0,0,0,3,0,3
ANDHRA PRADESH,2006,COLLAPSE OF STRUCTURE(OTHERS),67,4,3,7,62,29,91
ANDHRA PRADESH,2006,DROWNING(BOAT CAPSIZE),30,1,0,1,40,3,43
ANDHRA PRADESH,2006,DROWNING(OTHER),2309,37,4,41,1943,482,2425
ANDHRA PRADESH,2006,ELECTROCUTION,1318,20,0,20,1213,140,1353
ANDHRA PRADESH,2006,EXPLOSION(BOMB EXPLOSION),4,3,0,3,1,0,1
ANDHRA PRADESH,2006,EXPLOSION(OTHER EXPLOSION LIKE BOIL,34,0,0,0,14,20,34
ANDHRA PRADESH,2006,FALLS(FALL FROM HEIGHT),1052,9,0,9,879,164,1043
ANDHRA PRADESH,2006,FALL INTO PIT/MANHOLE,212,0,0,0,188,35,223
ANDHRA PRADESH,2006,FACTORY/MACHINE ACCIDENTS,35,1,0,1,32,2,34
ANDHRA PRADESH,2006,FIRE(FIREWORKS/CRACKERS),37,5,3,8,28,4,32
ANDHRA PRADESH,2006,FIRE(SHORT-CIRCUIT),270,4,0,4,238,34,272
ANDHRA PRADESH,2006,GAS CYLINDER/STOVE BURST,645,6,9,15,111,537,648
ANDHRA PRADESH,2006,OTHER FIRE ACCIDENTS,667,12,5,17,208,472,680
ANDHRA PRADESH,2006,FIRE-ARMS,4,0,0,0,6,0,6
ANDHRA PRADESH,2006,SUDDEN DEATHS(HEART ATTACKS),512,3,1,4,404,105,509
ANDHRA PRADESH,2006,EPILEPTIC FITS/GIDDINESS,148,2,0,2,115,30,145
ANDHRA PRADESH,2006,ABORTIONS/CHILD BIRTH,3,0,0,0,0,3,3
ANDHRA PRADESH,2006,INFLUENCE OF ALCOHOL,342,4,0,4,319,27,346
ANDHRA PRADESH,2006,KILLED BY ANIMALS,49,0,0,0,39,11,50
ANDHRA PRADESH,2006,MINES OR QUARY DISASTER,19,5,0,5,26,1,27
ANDHRA PRADESH,2006,FOOD POISIONING/ACCIDENTAL INTAKE OF INSECTICIDES ETC.,132,6,0,6,78,48,126
ANDHRA PRADESH,2006,SPURIOUS/POISIONOUS LIQUOR,99,0,0,0,85,19,104
ANDHRA PRADESH,2006,LEAKAGE OF POISINOUS GASES ETC.,4,0,0,0,3,1,4
ANDHRA PRADESH,2006,SNAKE BITE/ANIMAL BITE,888,7,0,7,675,214,889
ANDHRA PRADESH,2006,OTHER,524,45,3,48,314,167,481
ANDHRA PRADESH,2006,STAMPEDE,2,0,0,0,1,1,2
ANDHRA PRADESH,2006,SUFFOCATION,8,0,0,0,6,2,8
ANDHRA PRADESH,2006,TRAFFIC ACCIDENTS(ROAD ACCIDENTS),41323,45675,10810,56485,10386,2275,12661
ANDHRA PRADESH,2006,TRAFFIC ACCIDENTS(RAIL-ROAD ACCIDENTS),0,0,0,0,0,0,0
ANDHRA PRADESH,2006,OTHER RAILWAY ACCIDENTS,1958,176,17,193,1723,235,1958
ANDHRA PRADESH,2006,OTHER,1071,35,10,45,798,262,1060
ANDHRA PRADESH,2006,CAUSES NOT KNOWN,1181,17,4,21,898,293,1191
ANDHRA PRADESH,2006,TOTAL,55068,46161,10887,57048,20912,5642,26554
ANDHRA PRADESH,2006,TOTAL COLLAPSE,185,88,21,109,141,55,196
ANDHRA PRADESH,2006,TOTAL DROWNING,2339,38,4,42,1983,485,2468
ANDHRA PRADESH,2006,TOTAL EXPLOSION,38,3,0,3,15,20,35
ANDHRA PRADESH,2006,TOTAL FALLS,1264,9,0,9,1067,199,1266
ANDHRA PRADESH,2006,TOTAL FIRE,1619,27,17,44,585,1047,1632
ANDHRA PRADESH,2006,TOTAL SUDDEN DEATHS,1005,9,1,10,838,165,1003
ANDHRA PRADESH,2006,TOTAL POISONING,1647,58,3,61,1155,449,1604
ANDHRA PRADESH,2006,TOTAL TRAFFIC ACCIDENTS,43281,45851,10827,56678,12109,2510,14619
ANDHRA PRADESH,2007,AIR-CRASH,1,0,0,0,2,0,2
ANDHRA PRADESH,2007,COLLAPSE OF STRUCTURE(HOUSE),57,30,3,33,40,17,57
ANDHRA PRADESH,2007,COLLAPSE OF STRUCTURE(BUILDING),29,41,5,46,18,9,27
ANDHRA PRADESH,2007,COLLAPSE OF STRUCTURE(DAM),12,0,0,0,8,4,12
ANDHRA PRADESH,2007,COLLAPSE OF STRUCTURE(BRIDGE),5,11,3,14,5,0,5
ANDHRA PRADESH,2007,COLLAPSE OF STRUCTURE(OTHERS),92,0,8,8,69,28,97
ANDHRA PRADESH,2007,DROWNING(BOAT CAPSIZE),17,0,0,0,71,21,92
ANDHRA PRADESH,2007,DROWNING(OTHER),2389,10,3,13,2030,495,2525
ANDHRA PRADESH,2007,ELECTROCUTION,1426,6,0,6,1237,181,1418
ANDHRA PRADESH,2007,EXPLOSION(BOMB EXPLOSION),3,101,11,112,35,6,41
ANDHRA PRADESH,2007,EXPLOSION(OTHER EXPLOSION LIKE BOIL,64,1,1,2,33,47,80
ANDHRA PRADESH,2007,FALLS(FALL FROM HEIGHT),1169,7,1,8,1006,154,1160
ANDHRA PRADESH,2007,FALL INTO PIT/MANHOLE,182,0,0,0,166,39,205
ANDHRA PRADESH,2007,FACTORY/MACHINE ACCIDENTS,61,19,0,19,52,5,57
ANDHRA PRADESH,2007,FIRE(FIREWORKS/CRACKERS),13,4,3,7,9,3,12
ANDHRA PRADESH,2007,FIRE(SHORT-CIRCUIT),244,2,1,3,210,33,243
ANDHRA PRADESH,2007,GAS CYLINDER/STOVE BURST,698,3,11,14,184,585,769
ANDHRA PRADESH,2007,OTHER FIRE ACCIDENTS,809,2,3,5,267,553,820
ANDHRA PRADESH,2007,FIRE-ARMS,2,0,0,0,2,0,2
ANDHRA PRADESH,2007,SUDDEN DEATHS(HEART ATTACKS),317,0,0,0,266,51,317
ANDHRA PRADESH,2007,EPILEPTIC FITS/GIDDINESS,145,0,0,0,117,30,147
ANDHRA PRADESH,2007,ABORTIONS/CHILD BIRTH,14,0,0,0,0,14,14
ANDHRA PRADESH,2007,INFLUENCE OF ALCOHOL,322,0,0,0,272,15,287
ANDHRA PRADESH,2007,KILLED BY ANIMALS,74,0,0,0,63,13,76
ANDHRA PRADESH,2007,MINES OR QUARY DISASTER,11,0,0,0,11,0,11
ANDHRA PRADESH,2007,FOOD POISIONING/ACCIDENTAL INTAKE OF INSECTICIDES ETC.,327,30,19,49,223,106,329
ANDHRA PRADESH,2007,SPURIOUS/POISIONOUS LIQUOR,84,0,0,0,63,22,85
ANDHRA PRADESH,2007,LEAKAGE OF POISINOUS GASES ETC.,7,0,0,0,9,0,9
ANDHRA PRADESH,2007,SNAKE BITE/ANIMAL BITE,895,0,0,0,666,234,900
ANDHRA PRADESH,2007,OTHER,605,50,11,61,480,142,622
ANDHRA PRADESH,2007,STAMPEDE,1,0,0,0,1,0,1
ANDHRA PRADESH,2007,SUFFOCATION,30,0,0,0,23,12,35
ANDHRA PRADESH,2007,TRAFFIC ACCIDENTS(ROAD ACCIDENTS),43594,45180,10848,56028,11404,2358,13762
ANDHRA PRADESH,2007,TRAFFIC ACCIDENTS(RAIL-ROAD ACCIDENTS),3,0,0,0,3,0,3
ANDHRA PRADESH,2007,OTHER RAILWAY ACCIDENTS,2074,150,34,184,1787,287,2074
ANDHRA PRADESH,2007,OTHER,1439,3,2,5,1105,309,1414
ANDHRA PRADESH,2007,CAUSES NOT KNOWN,1270,0,0,0,962,319,1281
ANDHRA PRADESH,2007,TOTAL,58485,45650,10967,56617,22899,6092,28991
ANDHRA PRADESH,2007,TOTAL COLLAPSE,195,82,19,101,140,58,198
ANDHRA PRADESH,2007,TOTAL DROWNING,2406,10,3,13,2101,516,2617
ANDHRA PRADESH,2007,TOTAL EXPLOSION,67,102,12,114,68,53,121
ANDHRA PRADESH,2007,TOTAL FALLS,1351,7,1,8,1172,193,1365
ANDHRA PRADESH,2007,TOTAL FIRE,1764,11,18,29,670,1174,1844
ANDHRA PRADESH,2007,TOTAL SUDDEN DEATHS,798,0,0,0,655,110,765
ANDHRA PRADESH,2007,TOTAL POISONING,1918,80,30,110,1441,504,1945
ANDHRA PRADESH,2007,TOTAL TRAFFIC ACCIDENTS,45671,45330,10882,56212,13194,2645,15839
ANDHRA PRADESH,2008,AIR-CRASH,2,0,0,0,6,0,6
ANDHRA PRADESH,2008,COLLAPSE OF STRUCTURE(HOUSE),73,9,5,14,55,22,77
ANDHRA PRADESH,2008,COLLAPSE OF STRUCTURE(BUILDING),34,13,6,19,22,4,26
ANDHRA PRADESH,2008,COLLAPSE OF STRUCTURE(DAM),2,0,0,0,2,0,2
ANDHRA PRADESH,2008,COLLAPSE OF STRUCTURE(BRIDGE),4,0,0,0,4,0,4
ANDHRA PRADESH,2008,COLLAPSE OF STRUCTURE(OTHERS),155,51,18,69,75,39,114
ANDHRA PRADESH,2008,DROWNING(BOAT CAPSIZE),12,0,0,0,12,8,20
ANDHRA PRADESH,2008,DROWNING(OTHER),2431,15,6,21,2051,505,2556
ANDHRA PRADESH,2008,ELECTROCUTION,1532,12,10,22,1267,213,1480
ANDHRA PRADESH,2008,EXPLOSION(BOMB EXPLOSION),1,0,0,0,1,0,1
ANDHRA PRADESH,2008,EXPLOSION(OTHER EXPLOSION LIKE BOIL,29,1,1,2,13,18,31
ANDHRA PRADESH,2008,FALLS(FALL FROM HEIGHT),1124,24,6,30,1019,126,1145
ANDHRA PRADESH,2008,FALL INTO PIT/MANHOLE,122,4,0,4,102,18,120
ANDHRA PRADESH,2008,FACTORY/MACHINE ACCIDENTS,27,0,0,0,25,3,28
ANDHRA PRADESH,2008,FIRE(FIREWORKS/CRACKERS),22,2,3,5,13,9,22
ANDHRA PRADESH,2008,FIRE(SHORT-CIRCUIT),206,6,0,6,193,35,228
ANDHRA PRADESH,2008,GAS CYLINDER/STOVE BURST,613,13,23,36,105,517,622
ANDHRA PRADESH,2008,OTHER FIRE ACCIDENTS,827,18,16,34,263,623,886
ANDHRA PRADESH,2008,FIRE-ARMS,11,1,0,1,10,2,12
ANDHRA PRADESH,2008,SUDDEN DEATHS(HEART ATTACKS),410,0,0,0,365,73,438
ANDHRA PRADESH,2008,EPILEPTIC FITS/GIDDINESS,156,0,0,0,128,31,159
ANDHRA PRADESH,2008,ABORTIONS/CHILD BIRTH,6,0,0,0,0,6,6
ANDHRA PRADESH,2008,INFLUENCE OF ALCOHOL,234,0,0,0,230,13,243
ANDHRA PRADESH,2008,KILLED BY ANIMALS,33,2,0,2,25,8,33
ANDHRA PRADESH,2008,MINES OR QUARY DISASTER,6,0,0,0,6,0,6
ANDHRA PRADESH,2008,FOOD POISIONING/ACCIDENTAL INTAKE OF INSECTICIDES ETC.,308,3,0,3,219,98,317
ANDHRA PRADESH,2008,SPURIOUS/POISIONOUS LIQUOR,42,0,0,0,38,6,44
ANDHRA PRADESH,2008,LEAKAGE OF POISINOUS GASES ETC.,9,0,0,0,7,4,11
ANDHRA PRADESH,2008,SNAKE BITE/ANIMAL BITE,883,14,11,25,629,253,882
ANDHRA PRADESH,2008,OTHER,583,11,15,26,448,138,586
ANDHRA PRADESH,2008,STAMPEDE,1,0,0,0,1,5,6
ANDHRA PRADESH,2008,SUFFOCATION,9,0,0,0,10,1,11
ANDHRA PRADESH,2008,TRAFFIC ACCIDENTS(ROAD ACCIDENTS),42106,46406,10793,57199,11784,2374,14158
ANDHRA PRADESH,2008,TRAFFIC ACCIDENTS(RAIL-ROAD ACCIDENTS),11,17,1,18,5,0,5
ANDHRA PRADESH,2008,OTHER RAILWAY ACCIDENTS,1945,486,76,562,1669,274,1943
ANDHRA PRADESH,2008,OTHER,1981,29,12,41,1387,512,1899
ANDHRA PRADESH,2008,CAUSES NOT KNOWN,729,7,0,7,581,203,784
ANDHRA PRADESH,2008,TOTAL,56679,47144,11002,58146,22770,6141,28911
ANDHRA PRADESH,2008,TOTAL COLLAPSE,268,73,29,102,158,65,223
ANDHRA PRADESH,2008,TOTAL DROWNING,2443,15,6,21,2063,513,2576
ANDHRA PRADESH,2008,TOTAL EXPLOSION,30,1,1,2,14,18,32
ANDHRA PRADESH,2008,TOTAL FALLS,1246,28,6,34,1121,144,1265
ANDHRA PRADESH,2008,TOTAL FIRE,1668,39,42,81,574,1184,1758
ANDHRA PRADESH,2008,TOTAL SUDDEN DEATHS,806,0,0,0,723,123,846
ANDHRA PRADESH,2008,TOTAL POISONING,1825,28,26,54,1341,499,1840
ANDHRA PRADESH,2008,TOTAL TRAFFIC ACCIDENTS,44062,46909,10870,57779,13458,2648,16106
ANDHRA PRADESH,2009,AIR-CRASH,1,0,0,0,5,0,5
ANDHRA PRADESH,2009,COLLAPSE OF STRUCTURE(HOUSE),44,4,2,6,32,14,46
ANDHRA PRADESH,2009,COLLAPSE OF STRUCTURE(BUILDING),46,5,1,6,36,8,44
ANDHRA PRADESH,2009,COLLAPSE OF STRUCTURE(DAM),0,0,0,0,0,0,0
ANDHRA PRADESH,2009,COLLAPSE OF STRUCTURE(BRIDGE),6,1,0,1,5,0,5
ANDHRA PRADESH,2009,COLLAPSE OF STRUCTURE(OTHERS),76,5,4,9,69,18,87
ANDHRA PRADESH,2009,DROWNING(BOAT CAPSIZE),11,7,2,9,15,1,16
ANDHRA PRADESH,2009,DROWNING(OTHER),2183,12,2,14,1754,507,2261
ANDHRA PRADESH,2009,ELECTROCUTION,1339,5,6,11,1149,199,1348
ANDHRA PRADESH,2009,EXPLOSION(BOMB EXPLOSION),7,13,6,19,11,3,14
ANDHRA PRADESH,2009,EXPLOSION(OTHER EXPLOSION LIKE BOIL,93,5,5,10,35,57,92
ANDHRA PRADESH,2009,FALLS(FALL FROM HEIGHT),1168,26,4,30,1008,145,1153
ANDHRA PRADESH,2009,FALL INTO PIT/MANHOLE,121,1,0,1,95,25,120
ANDHRA PRADESH,2009,FACTORY/MACHINE ACCIDENTS,32,10,0,10,26,5,31
ANDHRA PRADESH,2009,FIRE(FIREWORKS/CRACKERS),13,8,2,10,5,0,5
ANDHRA PRADESH,2009,FIRE(SHORT-CIRCUIT),239,15,5,20,211,53,264
ANDHRA PRADESH,2009,GAS CYLINDER/STOVE BURST,514,0,16,16,104,424,528
ANDHRA PRADESH,2009,OTHER FIRE ACCIDENTS,883,6,14,20,270,603,873
ANDHRA PRADESH,2009,FIRE-ARMS,11,0,0,0,10,1,11
ANDHRA PRADESH,2009,SUDDEN DEATHS(HEART ATTACKS),490,0,0,0,406,84,490
ANDHRA PRADESH,2009,EPILEPTIC FITS/GIDDINESS,91,1,0,1,73,16,89
ANDHRA PRADESH,2009,ABORTIONS/CHILD BIRTH,4,0,0,0,0,4,4
ANDHRA PRADESH,2009,INFLUENCE OF ALCOHOL,251,0,0,0,235,26,261
ANDHRA PRADESH,2009,KILLED BY ANIMALS,28,0,0,0,21,7,28
ANDHRA PRADESH,2009,MINES OR QUARY DISASTER,10,0,0,0,8,4,12
ANDHRA PRADESH,2009,FOOD POISIONING/ACCIDENTAL INTAKE OF INSECTICIDES ETC.,296,0,0,0,204,96,300
ANDHRA PRADESH,2009,SPURIOUS/POISIONOUS LIQUOR,43,1,0,1,34,8,42
ANDHRA PRADESH,2009,LEAKAGE OF POISINOUS GASES ETC.,42,0,0,0,29,13,42
ANDHRA PRADESH,2009,SNAKE BITE/ANIMAL BITE,803,5,2,7,554,250,804
ANDHRA PRADESH,2009,OTHER,890,3,3,6,670,257,927
ANDHRA PRADESH,2009,STAMPEDE,4,0,0,0,4,0,4
ANDHRA PRADESH,2009,SUFFOCATION,11,0,0,0,9,2,11
ANDHRA PRADESH,2009,TRAFFIC ACCIDENTS(ROAD ACCIDENTS),42011,43973,10907,54880,12066,2450,14516
ANDHRA PRADESH,2009,TRAFFIC ACCIDENTS(RAIL-ROAD ACCIDENTS),4,2,0,2,2,0,2
ANDHRA PRADESH,2009,OTHER RAILWAY ACCIDENTS,1402,2,1,3,1230,174,1404
ANDHRA PRADESH,2009,OTHER,1099,20,16,36,820,316,1136
ANDHRA PRADESH,2009,CAUSES NOT KNOWN,998,21,2,23,736,244,980
ANDHRA PRADESH,2009,TOTAL,55264,44151,11000,55151,21941,6014,27955
ANDHRA PRADESH,2009,TOTAL COLLAPSE,172,15,7,22,142,40,182
ANDHRA PRADESH,2009,TOTAL DROWNING,2194,19,4,23,1769,508,2277
ANDHRA PRADESH,2009,TOTAL EXPLOSION,100,18,11,29,46,60,106
ANDHRA PRADESH,2009,TOTAL FALLS,1289,27,4,31,1103,170,1273
ANDHRA PRADESH,2009,TOTAL FIRE,1649,29,37,66,590,1080,1670
ANDHRA PRADESH,2009,TOTAL SUDDEN DEATHS,836,1,0,1,714,130,844
ANDHRA PRADESH,2009,TOTAL POISONING,2074,9,5,14,1491,624,2115
ANDHRA PRADESH,2009,TOTAL TRAFFIC ACCIDENTS,43417,43977,10908,54885,13298,2624,15922
ANDHRA PRADESH,2010,AIR-CRASH,2,1,1,2,3,0,3
ANDHRA PRADESH,2010,COLLAPSE OF STRUCTURE(HOUSE),69,4,1,5,52,30,82
ANDHRA PRADESH,2010,COLLAPSE OF STRUCTURE(BUILDING),16,6,3,9,19,8,27
ANDHRA PRADESH,2010,COLLAPSE OF STRUCTURE(DAM),0,0,0,0,0,0,0
ANDHRA PRADESH,2010,COLLAPSE OF STRUCTURE(BRIDGE),1,0,0,0,1,0,1
ANDHRA PRADESH,2010,COLLAPSE OF STRUCTURE(OTHERS),140,4,1,5,109,32,141
ANDHRA PRADESH,2010,DROWNING(BOAT CAPSIZE),34,7,3,10,35,9,44
ANDHRA PRADESH,2010,DROWNING(OTHER),2365,21,6,27,1990,484,2474
ANDHRA PRADESH,2010,ELECTROCUTION,1167,24,2,26,1005,177,1182
ANDHRA PRADESH,2010,EXPLOSION(BOMB EXPLOSION),1,1,1,2,2,2,4
ANDHRA PRADESH,2010,EXPLOSION(OTHER EXPLOSION LIKE BOIL,84,6,5,11,19,65,84
ANDHRA PRADESH,2010,FALLS(FALL FROM HEIGHT),1041,29,1,30,934,177,1111
ANDHRA PRADESH,2010,FALL INTO PIT/MANHOLE,113,0,0,0,98,17,115
ANDHRA PRADESH,2010,FACTORY/MACHINE ACCIDENTS,56,5,0,5,43,8,51
ANDHRA PRADESH,2010,FIRE(FIREWORKS/CRACKERS),24,6,5,11,17,8,25
ANDHRA PRADESH,2010,FIRE(SHORT-CIRCUIT),271,18,11,29,215,58,273
ANDHRA PRADESH,2010,GAS CYLINDER/STOVE BURST,601,4,42,46,122,462,584
ANDHRA PRADESH,2010,OTHER FIRE ACCIDENTS,946,16,12,28,307,629,936
ANDHRA PRADESH,2010,FIRE-ARMS,23,0,0,0,21,3,24
ANDHRA PRADESH,2010,SUDDEN DEATHS(HEART ATTACKS),521,19,9,28,439,91,530
ANDHRA PRADESH,2010,EPILEPTIC FITS/GIDDINESS,156,15,3,18,137,29,166
ANDHRA PRADESH,2010,ABORTIONS/CHILD BIRTH,18,0,0,0,0,18,18
ANDHRA PRADESH,2010,INFLUENCE OF ALCOHOL,238,13,0,13,246,2,248
ANDHRA PRADESH,2010,KILLED BY ANIMALS,87,4,0,4,68,19,87
ANDHRA PRADESH,2010,MINES OR QUARY DISASTER,19,0,0,0,22,1,23
ANDHRA PRADESH,2010,FOOD POISIONING/ACCIDENTAL INTAKE OF INSECTICIDES ETC.,237,17,7,24,183,58,241
ANDHRA PRADESH,2010,SPURIOUS/POISIONOUS LIQUOR,142,8,4,12,126,38,164
ANDHRA PRADESH,2010,LEAKAGE OF POISINOUS GASES ETC.,9,4,1,5,3,1,4
ANDHRA PRADESH,2010,SNAKE BITE/ANIMAL BITE,833,11,5,16,563,277,840
ANDHRA PRADESH,2010,OTHER,1126,9,4,13,865,252,1117
ANDHRA PRADESH,2010,STAMPEDE,3,0,0,0,1,2,3
ANDHRA PRADESH,2010,SUFFOCATION,13,0,0,0,12,2,14
ANDHRA PRADESH,2010,TRAFFIC ACCIDENTS(ROAD ACCIDENTS),42428,42631,10985,53616,12891,2446,15337
ANDHRA PRADESH,2010,TRAFFIC ACCIDENTS(RAIL-ROAD ACCIDENTS),690,0,0,0,609,82,691
ANDHRA PRADESH,2010,OTHER RAILWAY ACCIDENTS,873,0,0,0,1074,128,1202
ANDHRA PRADESH,2010,OTHER,811,13,3,16,620,214,834
ANDHRA PRADESH,2010,CAUSES NOT KNOWN,527,64,21,85,381,95,476
ANDHRA PRADESH,2010,TOTAL,55685,42960,11136,54096,23232,5924,29156
ANDHRA PRADESH,2010,TOTAL COLLAPSE,226,14,5,19,181,70,251
ANDHRA PRADESH,2010,TOTAL DROWNING,2399,28,9,37,2025,493,2518
ANDHRA PRADESH,2010,TOTAL EXPLOSION,85,7,6,13,21,67,88
ANDHRA PRADESH,2010,TOTAL FALLS,1154,29,1,30,1032,194,1226
ANDHRA PRADESH,2010,TOTAL FIRE,1842,44,70,114,661,1157,1818
ANDHRA PRADESH,2010,TOTAL SUDDEN DEATHS,933,47,12,59,822,140,962
ANDHRA PRADESH,2010,TOTAL POISONING,2347,49,21,70,1740,626,2366
ANDHRA PRADESH,2010,TOTAL TRAFFIC ACCIDENTS,43991,42631,10985,53616,14574,2656,17230
ANDHRA PRADESH,2011,AIR-CRASH,0,0,0,0,0,0,0
ANDHRA PRADESH,2011,COLLAPSE OF STRUCTURE(HOUSE),51,2,2,4,37,19,56
ANDHRA PRADESH,2011,COLLAPSE OF STRUCTURE(BUILDING),107,4,0,4,84,26,110
ANDHRA PRADESH,2011,COLLAPSE OF STRUCTURE(DAM),0,0,0,0,0,0,0
ANDHRA PRADESH,2011,COLLAPSE OF STRUCTURE(BRIDGE),3,0,0,0,3,0,3
ANDHRA PRADESH,2011,COLLAPSE OF STRUCTURE(OTHERS),236,19,7,26,187,51,238
ANDHRA PRADESH,2011,DROWNING(BOAT CAPSIZE),12,2,0,2,13,0,13
ANDHRA PRADESH,2011,DROWNING(OTHER),2739,19,9,28,2279,563,2842
ANDHRA PRADESH,2011,ELECTROCUTION,961,2,1,3,810,160,970
ANDHRA PRADESH,2011,EXPLOSION(BOMB EXPLOSION),5,1,0,1,5,2,7
ANDHRA PRADESH,2011,EXPLOSION(OTHER EXPLOSION LIKE BOIL,89,5,2,7,51,37,88
ANDHRA PRADESH,2011,FALLS(FALL FROM HEIGHT),1127,9,5,14,957,170,1127
ANDHRA PRADESH,2011,FALL INTO PIT/MANHOLE,124,6,2,8,99,25,124
ANDHRA PRADESH,2011,FACTORY/MACHINE ACCIDENTS,38,7,1,8,29,7,36
ANDHRA PRADESH,2011,FIRE(FIREWORKS/CRACKERS),5,1,1,2,2,2,4
ANDHRA PRADESH,2011,FIRE(SHORT-CIRCUIT),345,9,1,10,310,37,347
ANDHRA PRADESH,2011,GAS CYLINDER/STOVE BURST,441,10,46,56,89,337,426
ANDHRA PRADESH,2011,OTHER FIRE ACCIDENTS,1260,18,25,43,505,783,1288
ANDHRA PRADESH,2011,FIRE-ARMS,4,0,0,0,1,3,4
ANDHRA PRADESH,2011,SUDDEN DEATHS(HEART ATTACKS),490,0,0,0,368,122,490
ANDHRA PRADESH,2011,EPILEPTIC FITS/GIDDINESS,135,0,0,0,85,50,135
ANDHRA PRADESH,2011,ABORTIONS/CHILD BIRTH,11,0,0,0,0,11,11
ANDHRA PRADESH,2011,INFLUENCE OF ALCOHOL,230,0,0,0,220,10,230
ANDHRA PRADESH,2011,KILLED BY ANIMALS,29,0,0,0,25,4,29
ANDHRA PRADESH,2011,MINES OR QUARY DISASTER,9,0,0,0,8,2,10
ANDHRA PRADESH,2011,FOOD POISIONING/ACCIDENTAL INTAKE OF INSECTICIDES ETC.,274,5,5,10,226,84,310
ANDHRA PRADESH,2011,SPURIOUS/POISIONOUS LIQUOR,76,0,0,0,69,9,78
ANDHRA PRADESH,2011,LEAKAGE OF POISINOUS GASES ETC.,2,0,0,0,2,0,2
ANDHRA PRADESH,2011,SNAKE BITE/ANIMAL BITE,750,1,0,1,486,269,755
ANDHRA PRADESH,2011,OTHER,1549,32,18,50,1206,368,1574
ANDHRA PRADESH,2011,STAMPEDE,186,0,0,0,153,33,186
ANDHRA PRADESH,2011,SUFFOCATION,11,0,0,0,8,4,12
ANDHRA PRADESH,2011,TRAFFIC ACCIDENTS(ROAD ACCIDENTS),41066,38536,11006,49542,12528,2630,15158
ANDHRA PRADESH,2011,TRAFFIC ACCIDENTS(RAIL-ROAD ACCIDENTS),675,578,91,669,584,94,678
ANDHRA PRADESH,2011,OTHER RAILWAY ACCIDENTS,1362,0,0,0,1070,300,1370
ANDHRA PRADESH,2011,OTHER,797,21,2,23,624,192,816
ANDHRA PRADESH,2011,CAUSES NOT KNOWN,311,1,0,1,239,76,315
ANDHRA PRADESH,2011,TOTAL,55510,39288,11224,50512,23362,6480,29842
ANDHRA PRADESH,2011,TOTAL COLLAPSE,397,25,9,34,311,96,407
ANDHRA PRADESH,2011,TOTAL DROWNING,2751,21,9,30,2292,563,2855
ANDHRA PRADESH,2011,TOTAL EXPLOSION,94,6,2,8,56,39,95
ANDHRA PRADESH,2011,TOTAL FALLS,1251,15,7,22,1056,195,1251
ANDHRA PRADESH,2011,TOTAL FIRE,2051,38,73,111,906,1159,2065
ANDHRA PRADESH,2011,TOTAL SUDDEN DEATHS,866,0,0,0,673,193,866
ANDHRA PRADESH,2011,TOTAL POISONING,2651,38,23,61,1989,730,2719
ANDHRA PRADESH,2011,TOTAL TRAFFIC ACCIDENTS,43103,39114,11097,50211,14182,3024,17206
ANDHRA PRADESH,2012,AIR-CRASH,0,0,0,0,0,0,0
ANDHRA PRADESH,2012,COLLAPSE OF STRUCTURE(HOUSE),31,0,3,3,16,18,34
ANDHRA PRADESH,2012,COLLAPSE OF STRUCTURE(BUILDING),37,7,6,13,27,16,43
ANDHRA PRADESH,2012,COLLAPSE OF STRUCTURE(DAM),0,0,0,0,0,0,0
ANDHRA PRADESH,2012,COLLAPSE OF STRUCTURE(BRIDGE),2,1,2,3,1,1,2
ANDHRA PRADESH,2012,COLLAPSE OF STRUCTURE(OTHERS),161,5,7,12,128,38,166
ANDHRA PRADESH,2012,DROWNING(BOAT CAPSIZE),15,0,0,0,15,5,20
ANDHRA PRADESH,2012,DROWNING(OTHER),2008,16,5,21,1711,374,2085
ANDHRA PRADESH,2012,ELECTROCUTION,870,4,1,5,712,168,880
ANDHRA PRADESH,2012,EXPLOSION(BOMB EXPLOSION),17,0,0,0,15,2,17
ANDHRA PRADESH,2012,EXPLOSION(OTHER EXPLOSION LIKE BOIL,68,1,0,1,35,32,67
ANDHRA PRADESH,2012,FALLS(FALL FROM HEIGHT),1130,18,6,24,909,223,1132
ANDHRA PRADESH,2012,FALL INTO PIT/MANHOLE,92,0,0,0,88,4,92
ANDHRA PRADESH,2012,FACTORY/MACHINE ACCIDENTS,50,4,1,5,46,5,51
ANDHRA PRADESH,2012,FIRE(FIREWORKS/CRACKERS),31,9,4,13,15,5,20
ANDHRA PRADESH,2012,FIRE(SHORT-CIRCUIT),270,9,3,12,241,36,277
ANDHRA PRADESH,2012,GAS CYLINDER/STOVE BURST,274,7,18,25,50,212,262
ANDHRA PRADESH,2012,OTHER FIRE ACCIDENTS,825,6,17,23,271,566,837
ANDHRA PRADESH,2012,FIRE-ARMS,11,0,1,1,8,6,14
ANDHRA PRADESH,2012,SUDDEN DEATHS(HEART ATTACKS),505,0,0,0,453,54,507
ANDHRA PRADESH,2012,EPILEPTIC FITS/GIDDINESS,160,0,0,0,134,26,160
ANDHRA PRADESH,2012,ABORTIONS/CHILD BIRTH,6,0,0,0,0,6,6
ANDHRA PRADESH,2012,INFLUENCE OF ALCOHOL,211,0,0,0,210,8,218
ANDHRA PRADESH,2012,KILLED BY ANIMALS,41,0,0,0,35,6,41
ANDHRA PRADESH,2012,MINES OR QUARY DISASTER,23,5,1,6,17,2,19
ANDHRA PRADESH,2012,FOOD POISIONING/ACCIDENTAL INTAKE OF INSECTICIDES ETC.,175,8,5,13,115,50,165
ANDHRA PRADESH,2012,SPURIOUS/POISIONOUS LIQUOR,34,0,0,0,27,8,35
ANDHRA PRADESH,2012,LEAKAGE OF POISINOUS GASES ETC.,1,0,0,0,2,0,2
ANDHRA PRADESH,2012,SNAKE BITE/ANIMAL BITE,712,13,0,13,471,231,702
ANDHRA PRADESH,2012,OTHER,1234,8,4,12,896,339,1235
ANDHRA PRADESH,2012,STAMPEDE,0,0,0,0,0,0,0
ANDHRA PRADESH,2012,SUFFOCATION,4,0,0,0,3,1,4
ANDHRA PRADESH,2012,TRAFFIC ACCIDENTS(ROAD ACCIDENTS),39344,36771,9232,46003,12743,2223,14966
ANDHRA PRADESH,2012,TRAFFIC ACCIDENTS(RAIL-ROAD ACCIDENTS),3,0,0,0,5,0,5
ANDHRA PRADESH,2012,OTHER RAILWAY ACCIDENTS,2692,582,94,676,2312,386,2698
ANDHRA PRADESH,2012,OTHER,1193,3,0,3,898,309,1207
ANDHRA PRADESH,2012,CAUSES NOT KNOWN,860,3,0,3,703,174,877
ANDHRA PRADESH,2012,TOTAL,53090,37480,9410,46890,23312,5534,28846
ANDHRA PRADESH,2012,TOTAL COLLAPSE,231,13,18,31,172,73,245
ANDHRA PRADESH,2012,TOTAL DROWNING,2023,16,5,21,1726,379,2105
ANDHRA PRADESH,2012,TOTAL EXPLOSION,85,1,0,1,50,34,84
ANDHRA PRADESH,2012,TOTAL FALLS,1222,18,6,24,997,227,1224
ANDHRA PRADESH,2012,TOTAL FIRE,1400,31,42,73,577,819,1396
ANDHRA PRADESH,2012,TOTAL SUDDEN DEATHS,882,0,0,0,797,94,891
ANDHRA PRADESH,2012,TOTAL POISONING,2156,29,9,38,1511,628,2139
ANDHRA PRADESH,2012,TOTAL TRAFFIC ACCIDENTS,42039,37353,9326,46679,15060,2609,17669
ARUNACHAL PRADESH,2001,AIR-CRASH,2,0,0,0,12,1,13
ARUNACHAL PRADESH,2001,COLLAPSE OF STRUCTURE(HOUSE),0,0,0,0,0,0,0
ARUNACHAL PRADESH,2001,COLLAPSE OF STRUCTURE(BUILDING),0,0,0,0,0,0,0
ARUNACHAL PRADESH,2001,COLLAPSE OF STRUCTURE(DAM),0,0,0,0,0,0,0
ARUNACHAL PRADESH,2001,COLLAPSE OF STRUCTURE(BRIDGE),0,0,0,0,0,0,0
ARUNACHAL PRADESH,2001,COLLAPSE OF STRUCTURE(OTHERS),1,0,0,0,1,0,1
ARUNACHAL PRADESH,2001,DROWNING(BOAT CAPSIZE),0,0,0,0,0,0,0
ARUNACHAL PRADESH,2001,DROWNING(OTHER),24,0,0,0,20,4,24
ARUNACHAL PRADESH,2001,ELECTROCUTION,3,0,0,0,3,0,3
ARUNACHAL PRADESH,2001,EXPLOSION(BOMB EXPLOSION),0,0,0,0,0,0,0
ARUNACHAL PRADESH,2001,EXPLOSION(OTHER EXPLOSION LIKE BOILERS,,0,0,0,0,0,0,0
ARUNACHAL PRADESH,2001,FALLS(FALL FROM HEIGHT),14,0,0,0,14,0,14
ARUNACHAL PRADESH,2001,FALL INTO PIT/MANHOLE,1,0,0,0,1,0,1
ARUNACHAL PRADESH,2001,FACTORY/MACHINE ACCIDENTS,0,0,0,0,0,0,0
ARUNACHAL PRADESH,2001,FIRE(FIREWORKS/CRACKERS),0,0,0,0,0,0,0
ARUNACHAL PRADESH,2001,FIRE(SHORT-CIRCUIT),2,0,0,0,2,0,2
ARUNACHAL PRADESH,2001,GAS CYLINDER/STOVE BURST,1,0,0,0,0,1,1
ARUNACHAL PRADESH,2001,OTHER FIRE ACCIDENTS,7,0,0,0,4,3,7
ARUNACHAL PRADESH,2001,FIRE-ARMS,7,0,0,0,8,1,9
ARUNACHAL PRADESH,2001,SUDDEN DEATHS(HEART ATTACKS),8,0,0,0,8,0,8
ARUNACHAL PRADESH,2001,EPILEPTIC FITS/GIDDINESS,0,0,0,0,0,0,0
ARUNACHAL PRADESH,2001,ABORTIONS/CHILD BIRTH,0,0,0,0,0,0,0
ARUNACHAL PRADESH,2001,INFLUENCE OF ALCOHOL,2,0,0,0,2,0,2
ARUNACHAL PRADESH,2001,KILLED BY ANIMALS,8,0,0,0,8,0,8
ARUNACHAL PRADESH,2001,MINES OR QUARY DISASTER,2,0,0,0,2,0,2
ARUNACHAL PRADESH,2001,FOOD POISIONING/ACCIDENTAL INTAKE OF INSECTICIDES ETC.,1,0,0,0,1,0,1
ARUNACHAL PRADESH,2001,SPURIOUS/POISIONOUS LIQUOR,5,0,0,0,5,0,5
ARUNACHAL PRADESH,2001,LEAKAGE OF POISINOUS GASES ETC.,0,0,0,0,0,0,0
ARUNACHAL PRADESH,2001,SNAKE BITE/ANIMAL BITE,1,0,0,0,1,0,1
ARUNACHAL PRADESH,2001,OTHER,6,0,0,0,5,1,6
ARUNACHAL PRADESH,2001,STAMPEDE,0,0,0,0,0,0,0
ARUNACHAL PRADESH,2001,SUFFOCATION,0,0,0,0,0,0,0
ARUNACHAL PRADESH,2001,TRAFFIC ACCIDENTS(ROAD ACCIDENTS),236,249,98,347,49,11,60
ARUNACHAL PRADESH,2001,TRAFFIC ACCIDENTS(RAIL-ROAD ACCIDENTS),0,0,0,0,0,0,0
ARUNACHAL PRADESH,2001,OTHER RAILWAY ACCIDENTS,0,0,0,0,0,0,0
ARUNACHAL PRADESH,2001,OTHER,0,0,0,0,0,0,0
ARUNACHAL PRADESH,2001,CAUSES NOT KNOWN,1,0,0,0,1,0,1
ARUNACHAL PRADESH,2001,TOTAL,332,249,98,347,147,22,169
ARUNACHAL PRADESH,2001,TOTAL COLLAPSE,1,0,0,0,1,0,1
ARUNACHAL PRADESH,2001,TOTAL DROWNING,24,0,0,0,20,4,24
ARUNACHAL PRADESH,2001,TOTAL EXPLOSION,0,0,0,0,0,0,0
ARUNACHAL PRADESH,2001,TOTAL FALLS,15,0,0,0,15,0,15
ARUNACHAL PRADESH,2001,TOTAL FIRE,10,0,0,0,6,4,10
ARUNACHAL PRADESH,2001,TOTAL SUDDEN DEATHS,10,0,0,0,10,0,10
ARUNACHAL PRADESH,2001,TOTAL POISONING,13,0,0,0,12,1,13
ARUNACHAL PRADESH,2001,TOTAL TRAFFIC ACCIDENTS,236,249,98,347,49,11,60
ARUNACHAL PRADESH,2002,AIR-CRASH,0,0,0,0,0,0,0
ARUNACHAL PRADESH,2002,COLLAPSE OF STRUCTURE(HOUSE),0,0,0,0,0,0,0
ARUNACHAL PRADESH,2002,COLLAPSE OF STRUCTURE(BUILDING),0,0,0,0,0,0,0
ARUNACHAL PRADESH,2002,COLLAPSE OF STRUCTURE(DAM),0,0,0,0,0,0,0
ARUNACHAL PRADESH,2002,COLLAPSE OF STRUCTURE(BRIDGE),1,0,0,0,1,0,1
ARUNACHAL PRADESH,2002,COLLAPSE OF STRUCTURE(OTHERS),0,0,0,0,0,0,0
ARUNACHAL PRADESH,2002,DROWNING(BOAT CAPSIZE),0,0,0,0,0,0,0
ARUNACHAL PRADESH,2002,DROWNING(OTHER),19,0,0,0,14,6,20
ARUNACHAL PRADESH,2002,ELECTROCUTION,0,0,0,0,0,0,0
ARUNACHAL PRADESH,2002,EXPLOSION(BOMB EXPLOSION),0,0,0,0,0,0,0
ARUNACHAL PRADESH,2002,EXPLOSION(OTHER EXPLOSION LIKE BOILERS, GAS CYLINDER ETC.),0,0,0,0,0,0,0
ARUNACHAL PRADESH,2002,FALLS(FALL FROM HEIGHT),14,0,0,0,12,2,14
ARUNACHAL PRADESH,2002,FALL INTO PIT/MANHOLE,0,0,0,0,0,0,0
ARUNACHAL PRADESH,2002,FACTORY/MACHINE ACCIDENTS,0,0,0,0,0,0,0
ARUNACHAL PRADESH,2002,FIRE(FIREWORKS/CRACKERS),0,0,0,0,0,0,0
ARUNACHAL PRADESH,2002,FIRE(SHORT-CIRCUIT),1,0,0,0,1,0,1
ARUNACHAL PRADESH,2002,GAS CYLINDER/STOVE BURST,0,0,0,0,0,0,0
ARUNACHAL PRADESH,2002,OTHER FIRE ACCIDENTS,3,0,0,0,2,1,3
ARUNACHAL PRADESH,2002,FIRE-ARMS,2,0,0,0,2,0,2
ARUNACHAL PRADESH,2002,SUDDEN DEATHS(HEART ATTACKS),2,0,0,0,2,0,2
ARUNACHAL PRADESH,2002,EPILEPTIC FITS/GIDDINESS,1,0,0,0,1,0,1
ARUNACHAL PRADESH,2002,ABORTIONS/CHILD BIRTH,0,0,0,0,0,0,0
ARUNACHAL PRADESH,2002,INFLUENCE OF ALCOHOL,6,0,0,0,6,0,6
ARUNACHAL PRADESH,2002,KILLED BY ANIMALS,2,0,0,0,1,2,3
ARUNACHAL PRADESH,2002,MINES OR QUARY DISASTER,0,0,0,0,0,0,0
ARUNACHAL PRADESH,2002,FOOD POISIONING/ACCIDENTAL INTAKE OF INSECTICIDES ETC.,0,0,0,0,0,0,0
ARUNACHAL PRADESH,2002,SPURIOUS/POISIONOUS LIQUOR,0,0,0,0,0,0,0
ARUNACHAL PRADESH,2002,LEAKAGE OF POISINOUS GASES ETC.,0,0,0,0,0,0,0
ARUNACHAL PRADESH,2002,SNAKE BITE/ANIMAL BITE,0,0,0,0,0,0,0
ARUNACHAL PRADESH,2002,OTHER,0,0,0,0,0,0,0
ARUNACHAL PRADESH,2002,STAMPEDE,0,0,0,0,0,0,0
ARUNACHAL PRADESH,2002,SUFFOCATION,3,0,0,0,0,3,3
ARUNACHAL PRADESH,2002,TRAFFIC ACCIDENTS(ROAD ACCIDENTS),235,165,43,208,94,20,114
ARUNACHAL PRADESH,2002,TRAFFIC ACCIDENTS(RAIL-ROAD ACCIDENTS),0,0,0,0,0,0,0
ARUNACHAL PRADESH,2002,OTHER RAILWAY ACCIDENTS,0,0,0,0,0,0,0
ARUNACHAL PRADESH,2002,OTHER,0,0,0,0,0,0,0
ARUNACHAL PRADESH,2002,CAUSES NOT KNOWN,15,0,0,0,15,0,15
ARUNACHAL PRADESH,2002,TOTAL,304,165,43,208,151,34,185
ARUNACHAL PRADESH,2002,TOTAL COLLAPSE,1,0,0,0,1,0,1
ARUNACHAL PRADESH,2002,TOTAL DROWNING,19,0,0,0,14,6,20
ARUNACHAL PRADESH,2002,TOTAL EXPLOSION,0,0,0,0,0,0,0
ARUNACHAL PRADESH,2002,TOTAL FALLS,14,0,0,0,12,2,14
ARUNACHAL PRADESH,2002,TOTAL FIRE,4,0,0,0,3,1,4
ARUNACHAL PRADESH,2002,TOTAL SUDDEN DEATHS,9,0,0,0,9,0,9
ARUNACHAL PRADESH,2002,TOTAL POISONING,0,0,0,0,0,0,0
ARUNACHAL PRADESH,2002,TOTAL TRAFFIC ACCIDENTS,235,165,43,208,94,20,114
ARUNACHAL PRADESH,2003,AIR-CRASH,0,0,0,0,0,0,0
ARUNACHAL PRADESH,2003,COLLAPSE OF STRUCTURE(HOUSE),0,0,0,0,0,0,0
ARUNACHAL PRADESH,2003,COLLAPSE OF STRUCTURE(BUILDING),2,0,0,0,2,0,2
ARUNACHAL PRADESH,2003,COLLAPSE OF STRUCTURE(DAM),0,0,0,0,0,0,0
ARUNACHAL PRADESH,2003,COLLAPSE OF STRUCTURE(BRIDGE),0,0,0,0,0,0,0
ARUNACHAL PRADESH,2003,COLLAPSE OF STRUCTURE(OTHERS),0,0,0,0,0,0,0
ARUNACHAL PRADESH,2003,DROWNING(BOAT CAPSIZE),0,0,0,0,0,0,0
ARUNACHAL PRADESH,2003,DROWNING(OTHER),19,0,0,0,13,6,19
ARUNACHAL PRADESH,2003,ELECTROCUTION,4,0,0,0,4,0,4
ARUNACHAL PRADESH,2003,EXPLOSION(BOMB EXPLOSION),0,0,0,0,0,0,0
ARUNACHAL PRADESH,2003,EXPLOSION(OTHER EXPLOSION LIKE BOILERS,,0,0,0,0,0,0,0
ARUNACHAL PRADESH,2003,FALLS(FALL FROM HEIGHT),16,0,0,0,17,0,17
ARUNACHAL PRADESH,2003,FALL INTO PIT/MANHOLE,0,0,0,0,0,0,0
ARUNACHAL PRADESH,2003,FACTORY/MACHINE ACCIDENTS,0,0,0,0,0,0,0
ARUNACHAL PRADESH,2003,FIRE(FIREWORKS/CRACKERS),0,0,0,0,0,0,0
ARUNACHAL PRADESH,2003,FIRE(SHORT-CIRCUIT),0,0,0,0,0,0,0
ARUNACHAL PRADESH,2003,GAS CYLINDER/STOVE BURST,0,0,0,0,0,0,0
ARUNACHAL PRADESH,2003,OTHER FIRE ACCIDENTS,8,0,0,0,6,4,10
ARUNACHAL PRADESH,2003,FIRE-ARMS,0,0,0,0,0,0,0
ARUNACHAL PRADESH,2003,SUDDEN DEATHS(HEART ATTACKS),7,0,0,0,7,0,7
ARUNACHAL PRADESH,2003,EPILEPTIC FITS/GIDDINESS,1,0,0,0,1,0,1
ARUNACHAL PRADESH,2003,ABORTIONS/CHILD BIRTH,0,0,0,0,0,0,0
ARUNACHAL PRADESH,2003,INFLUENCE OF ALCOHOL,6,0,0,0,4,2,6
ARUNACHAL PRADESH,2003,KILLED BY ANIMALS,3,0,0,0,2,1,3
ARUNACHAL PRADESH,2003,MINES OR QUARY DISASTER,0,0,0,0,0,0,0
ARUNACHAL PRADESH,2003,FOOD POISIONING/ACCIDENTAL INTAKE OF INSECTICIDES ETC.,3,0,0,0,0,3,3
ARUNACHAL PRADESH,2003,SPURIOUS/POISIONOUS LIQUOR,0,0,0,0,0,0,0
ARUNACHAL PRADESH,2003,LEAKAGE OF POISINOUS GASES ETC.,0,0,0,0,0,0,0
ARUNACHAL PRADESH,2003,SNAKE BITE/ANIMAL BITE,0,0,0,0,0,0,0
ARUNACHAL PRADESH,2003,OTHER,18,0,0,0,13,6,19
ARUNACHAL PRADESH,2003,STAMPEDE,0,0,0,0,0,0,0
ARUNACHAL PRADESH,2003,SUFFOCATION,0,0,0,0,0,0,0
ARUNACHAL PRADESH,2003,TRAFFIC ACCIDENTS(ROAD ACCIDENTS),229,314,91,405,111,24,135
ARUNACHAL PRADESH,2003,TRAFFIC ACCIDENTS(RAIL-ROAD ACCIDENTS),0,0,0,0,0,0,0
ARUNACHAL PRADESH,2003,OTHER RAILWAY ACCIDENTS,0,0,0,0,0,0,0
ARUNACHAL PRADESH,2003,OTHER,0,0,0,0,0,0,0
ARUNACHAL PRADESH,2003,CAUSES NOT KNOWN,16,0,0,0,16,0,16
ARUNACHAL PRADESH,2003,TOTAL,332,314,91,405,196,46,242
ARUNACHAL PRADESH,2003,TOTAL COLLAPSE,2,0,0,0,2,0,2
ARUNACHAL PRADESH,2003,TOTAL DROWNING,19,0,0,0,13,6,19
ARUNACHAL PRADESH,2003,TOTAL EXPLOSION,0,0,0,0,0,0,0
ARUNACHAL PRADESH,2003,TOTAL FALLS,16,0,0,0,17,0,17
ARUNACHAL PRADESH,2003,TOTAL FIRE,8,0,0,0,6,4,10
ARUNACHAL PRADESH,2003,TOTAL SUDDEN DEATHS,14,0,0,0,12,2,14
ARUNACHAL PRADESH,2003,TOTAL POISONING,21,0,0,0,13,9,22
ARUNACHAL PRADESH,2003,TOTAL TRAFFIC ACCIDENTS,229,314,91,405,111,24,135
ARUNACHAL PRADESH,2004,AIR-CRASH,0,0,0,0,0,0,0
ARUNACHAL PRADESH,2004,COLLAPSE OF STRUCTURE(HOUSE),0,0,0,0,0,0,0
ARUNACHAL PRADESH,2004,COLLAPSE OF STRUCTURE(BUILDING),0,0,0,0,0,0,0
ARUNACHAL PRADESH,2004,COLLAPSE OF STRUCTURE(DAM),0,0,0,0,0,0,0
ARUNACHAL PRADESH,2004,COLLAPSE OF STRUCTURE(BRIDGE),0,0,0,0,0,0,0
ARUNACHAL PRADESH,2004,COLLAPSE OF STRUCTURE(OTHERS),1,0,0,0,1,0,1
ARUNACHAL PRADESH,2004,DROWNING(BOAT CAPSIZE),2,0,0,0,1,1,2
ARUNACHAL PRADESH,2004,DROWNING(OTHER),14,0,0,0,12,3,15
ARUNACHAL PRADESH,2004,ELECTROCUTION,0,0,0,0,0,0,0
ARUNACHAL PRADESH,2004,EXPLOSION(BOMB EXPLOSION),0,0,0,0,0,0,0
ARUNACHAL PRADESH,2004,EXPLOSION(OTHER EXPLOSION LIKE BOILERS,,0,0,0,0,0,0,0
ARUNACHAL PRADESH,2004,FALLS(FALL FROM HEIGHT),7,0,0,0,7,0,7
ARUNACHAL PRADESH,2004,FALL INTO PIT/MANHOLE,0,0,0,0,0,0,0
ARUNACHAL PRADESH,2004,FACTORY/MACHINE ACCIDENTS,0,0,0,0,0,0,0
ARUNACHAL PRADESH,2004,FIRE(FIREWORKS/CRACKERS),0,0,0,0,0,0,0
ARUNACHAL PRADESH,2004,FIRE(SHORT-CIRCUIT),0,0,0,0,0,0,0
ARUNACHAL PRADESH,2004,GAS CYLINDER/STOVE BURST,1,0,0,0,0,1,1
ARUNACHAL PRADESH,2004,OTHER FIRE ACCIDENTS,4,0,0,0,2,3,5
ARUNACHAL PRADESH,2004,FIRE-ARMS,0,0,0,0,0,0,0
ARUNACHAL PRADESH,2004,SUDDEN DEATHS(HEART ATTACKS),8,0,0,0,7,1,8
ARUNACHAL PRADESH,2004,EPILEPTIC FITS/GIDDINESS,0,0,0,0,0,0,0
ARUNACHAL PRADESH,2004,ABORTIONS/CHILD BIRTH,0,0,0,0,0,0,0
ARUNACHAL PRADESH,2004,INFLUENCE OF ALCOHOL,1,0,0,0,1,0,1
ARUNACHAL PRADESH,2004,KILLED BY ANIMALS,3,0,0,0,3,0,3
ARUNACHAL PRADESH,2004,MINES OR QUARY DISASTER,0,0,0,0,0,0,0
ARUNACHAL PRADESH,2004,FOOD POISIONING/ACCIDENTAL INTAKE OF INSECTICIDES ETC.,2,0,0,0,3,0,3
ARUNACHAL PRADESH,2004,SPURIOUS/POISIONOUS LIQUOR,0,0,0,0,0,0,0
ARUNACHAL PRADESH,2004,LEAKAGE OF POISINOUS GASES ETC.,0,0,0,0,0,0,0
ARUNACHAL PRADESH,2004,SNAKE BITE/ANIMAL BITE,0,0,0,0,0,0,0
ARUNACHAL PRADESH,2004,OTHER,3,0,0,0,1,2,3
ARUNACHAL PRADESH,2004,STAMPEDE,0,0,0,0,0,0,0
ARUNACHAL PRADESH,2004,SUFFOCATION,1,0,0,0,1,1,2
ARUNACHAL PRADESH,2004,TRAFFIC ACCIDENTS(ROAD ACCIDENTS),217,260,96,356,147,34,181
ARUNACHAL PRADESH,2004,TRAFFIC ACCIDENTS(RAIL-ROAD ACCIDENTS),0,0,0,0,0,0,0
ARUNACHAL PRADESH,2004,OTHER RAILWAY ACCIDENTS,0,0,0,0,0,0,0
ARUNACHAL PRADESH,2004,OTHER,0,0,0,0,0,0,0
ARUNACHAL PRADESH,2004,CAUSES NOT KNOWN,40,0,0,0,29,11,40
ARUNACHAL PRADESH,2004,TOTAL,304,260,96,356,215,57,272
ARUNACHAL PRADESH,2004,TOTAL COLLAPSE,1,0,0,0,1,0,1
ARUNACHAL PRADESH,2004,TOTAL DROWNING,16,0,0,0,13,4,17
ARUNACHAL PRADESH,2004,TOTAL EXPLOSION,0,0,0,0,0,0,0
ARUNACHAL PRADESH,2004,TOTAL FALLS,7,0,0,0,7,0,7
ARUNACHAL PRADESH,2004,TOTAL FIRE,5,0,0,0,2,4,6
ARUNACHAL PRADESH,2004,TOTAL SUDDEN DEATHS,9,0,0,0,8,1,9
ARUNACHAL PRADESH,2004,TOTAL POISONING,5,0,0,0,4,2,6
ARUNACHAL PRADESH,2004,TOTAL TRAFFIC ACCIDENTS,217,260,96,356,147,34,181
ARUNACHAL PRADESH,2005,AIR-CRASH,0,0,0,0,0,0,0
ARUNACHAL PRADESH,2005,COLLAPSE OF STRUCTURE(HOUSE),0,0,0,0,0,0,0
ARUNACHAL PRADESH,2005,COLLAPSE OF STRUCTURE(BUILDING),0,0,0,0,0,0,0
ARUNACHAL PRADESH,2005,COLLAPSE OF STRUCTURE(DAM),0,0,0,0,0,0,0
ARUNACHAL PRADESH,2005,COLLAPSE OF STRUCTURE(BRIDGE),0,0,0,0,0,0,0
ARUNACHAL PRADESH,2005,COLLAPSE OF STRUCTURE(OTHERS),2,0,0,0,8,2,10
ARUNACHAL PRADESH,2005,DROWNING(BOAT CAPSIZE),1,0,0,0,1,0,1
ARUNACHAL PRADESH,2005,DROWNING(OTHER),18,0,0,0,15,3,18
ARUNACHAL PRADESH,2005,ELECTROCUTION,3,0,0,0,3,0,3
ARUNACHAL PRADESH,2005,EXPLOSION(BOMB EXPLOSION),0,0,0,0,0,0,0
ARUNACHAL PRADESH,2005,EXPLOSION(OTHER EXPLOSION LIKE BOILERS,,1,0,0,0,1,0,1
ARUNACHAL PRADESH,2005,FALLS(FALL FROM HEIGHT),19,0,0,0,16,4,20
ARUNACHAL PRADESH,2005,FALL INTO PIT/MANHOLE,1,0,0,0,1,0,1
ARUNACHAL PRADESH,2005,FACTORY/MACHINE ACCIDENTS,0,0,0,0,0,0,0
ARUNACHAL PRADESH,2005,FIRE(FIREWORKS/CRACKERS),0,0,0,0,0,0,0
ARUNACHAL PRADESH,2005,FIRE(SHORT-CIRCUIT),3,0,0,0,3,0,3
ARUNACHAL PRADESH,2005,GAS CYLINDER/STOVE BURST,2,0,0,0,1,1,2
ARUNACHAL PRADESH,2005,OTHER FIRE ACCIDENTS,2,0,0,0,1,1,2
ARUNACHAL PRADESH,2005,FIRE-ARMS,1,0,0,0,1,0,1
ARUNACHAL PRADESH,2005,SUDDEN DEATHS(HEART ATTACKS),21,0,0,0,20,1,21
ARUNACHAL PRADESH,2005,EPILEPTIC FITS/GIDDINESS,0,0,0,0,0,0,0
ARUNACHAL PRADESH,2005,ABORTIONS/CHILD BIRTH,0,0,0,0,0,0,0
ARUNACHAL PRADESH,2005,INFLUENCE OF ALCOHOL,6,0,0,0,6,0,6
ARUNACHAL PRADESH,2005,KILLED BY ANIMALS,4,0,0,0,3,1,4
ARUNACHAL PRADESH,2005,MINES OR QUARY DISASTER,0,0,0,0,0,0,0
ARUNACHAL PRADESH,2005,FOOD POISIONING/ACCIDENTAL INTAKE OF INSECTICIDES ETC.,4,0,0,0,5,3,8
ARUNACHAL PRADESH,2005,SPURIOUS/POISIONOUS LIQUOR,1,0,0,0,1,0,1
ARUNACHAL PRADESH,2005,LEAKAGE OF POISINOUS GASES ETC.,0,0,0,0,0,0,0
ARUNACHAL PRADESH,2005,SNAKE BITE/ANIMAL BITE,0,0,0,0,0,0,0
ARUNACHAL PRADESH,2005,OTHER,6,0,0,0,6,0,6
ARUNACHAL PRADESH,2005,STAMPEDE,0,0,0,0,0,0,0
ARUNACHAL PRADESH,2005,SUFFOCATION,0,0,0,0,0,0,0
ARUNACHAL PRADESH,2005,TRAFFIC ACCIDENTS(ROAD ACCIDENTS),237,237,37,274,79,10,89
ARUNACHAL PRADESH,2005,TRAFFIC ACCIDENTS(RAIL-ROAD ACCIDENTS),0,0,0,0,0,0,0
ARUNACHAL PRADESH,2005,OTHER RAILWAY ACCIDENTS,0,0,0,0,0,0,0
ARUNACHAL PRADESH,2005,OTHER,0,0,0,0,0,0,0
ARUNACHAL PRADESH,2005,CAUSES NOT KNOWN,28,0,0,0,27,1,28
ARUNACHAL PRADESH,2005,TOTAL,360,237,37,274,198,27,225
ARUNACHAL PRADESH,2005,TOTAL COLLAPSE,2,0,0,0,8,2,10
ARUNACHAL PRADESH,2005,TOTAL DROWNING,19,0,0,0,16,3,19
ARUNACHAL PRADESH,2005,TOTAL EXPLOSION,1,0,0,0,1,0,1
ARUNACHAL PRADESH,2005,TOTAL FALLS,20,0,0,0,17,4,21
ARUNACHAL PRADESH,2005,TOTAL FIRE,7,0,0,0,5,2,7
ARUNACHAL PRADESH,2005,TOTAL SUDDEN DEATHS,27,0,0,0,26,1,27
ARUNACHAL PRADESH,2005,TOTAL POISONING,11,0,0,0,12,3,15
ARUNACHAL PRADESH,2005,TOTAL TRAFFIC ACCIDENTS,237,237,37,274,79,10,89
ARUNACHAL PRADESH,2006,AIR-CRASH,0,0,0,0,0,0,0
ARUNACHAL PRADESH,2006,COLLAPSE OF STRUCTURE(HOUSE),0,0,0,0,0,0,0
ARUNACHAL PRADESH,2006,COLLAPSE OF STRUCTURE(BUILDING),0,0,0,0,0,0,0
ARUNACHAL PRADESH,2006,COLLAPSE OF STRUCTURE(DAM),0,0,0,0,0,0,0
ARUNACHAL PRADESH,2006,COLLAPSE OF STRUCTURE(BRIDGE),0,0,0,0,0,0,0
ARUNACHAL PRADESH,2006,COLLAPSE OF STRUCTURE(OTHERS),5,0,0,0,5,0,5
ARUNACHAL PRADESH,2006,DROWNING(BOAT CAPSIZE),0,0,0,0,0,0,0
ARUNACHAL PRADESH,2006,DROWNING(OTHER),14,0,0,0,11,4,15
ARUNACHAL PRADESH,2006,ELECTROCUTION,1,0,0,0,1,0,1
ARUNACHAL PRADESH,2006,EXPLOSION(BOMB EXPLOSION),0,0,0,0,0,0,0
ARUNACHAL PRADESH,2006,EXPLOSION(OTHER EXPLOSION LIKE BOIL,0,0,0,0,0,0,0
ARUNACHAL PRADESH,2006,FALLS(FALL FROM HEIGHT),15,0,0,0,14,1,15
ARUNACHAL PRADESH,2006,FALL INTO PIT/MANHOLE,0,0,0,0,0,0,0
ARUNACHAL PRADESH,2006,FACTORY/MACHINE ACCIDENTS,0,0,0,0,0,0,0
ARUNACHAL PRADESH,2006,FIRE(FIREWORKS/CRACKERS),0,0,0,0,0,0,0
ARUNACHAL PRADESH,2006,FIRE(SHORT-CIRCUIT),3,0,0,0,5,0,5
ARUNACHAL PRADESH,2006,GAS CYLINDER/STOVE BURST,0,0,0,0,0,0,0
ARUNACHAL PRADESH,2006,OTHER FIRE ACCIDENTS,2,0,0,0,2,0,2
ARUNACHAL PRADESH,2006,FIRE-ARMS,3,0,0,0,3,0,3
ARUNACHAL PRADESH,2006,SUDDEN DEATHS(HEART ATTACKS),6,0,0,0,5,1,6
ARUNACHAL PRADESH,2006,EPILEPTIC FITS/GIDDINESS,0,0,0,0,0,0,0
ARUNACHAL PRADESH,2006,ABORTIONS/CHILD BIRTH,0,0,0,0,0,0,0
ARUNACHAL PRADESH,2006,INFLUENCE OF ALCOHOL,1,0,0,0,1,0,1
ARUNACHAL PRADESH,2006,KILLED BY ANIMALS,3,0,0,0,3,0,3
ARUNACHAL PRADESH,2006,MINES OR QUARY DISASTER,1,0,0,0,1,0,1
ARUNACHAL PRADESH,2006,FOOD POISIONING/ACCIDENTAL INTAKE OF INSECTICIDES ETC.,0,0,0,0,0,0,0
ARUNACHAL PRADESH,2006,SPURIOUS/POISIONOUS LIQUOR,0,0,0,0,0,0,0
ARUNACHAL PRADESH,2006,LEAKAGE OF POISINOUS GASES ETC.,0,0,0,0,0,0,0
ARUNACHAL PRADESH,2006,SNAKE BITE/ANIMAL BITE,0,0,0,0,0,0,0
ARUNACHAL PRADESH,2006,OTHER,1,0,0,0,1,0,1
ARUNACHAL PRADESH,2006,STAMPEDE,0,0,0,0,0,0,0
ARUNACHAL PRADESH,2006,SUFFOCATION,0,0,0,0,0,0,0
ARUNACHAL PRADESH,2006,TRAFFIC ACCIDENTS(ROAD ACCIDENTS),243,213,44,257,110,6,116
ARUNACHAL PRADESH,2006,TRAFFIC ACCIDENTS(RAIL-ROAD ACCIDENTS),0,0,0,0,0,0,0
ARUNACHAL PRADESH,2006,OTHER RAILWAY ACCIDENTS,0,0,0,0,0,0,0
ARUNACHAL PRADESH,2006,OTHER,24,0,0,0,22,2,24
ARUNACHAL PRADESH,2006,CAUSES NOT KNOWN,34,0,0,0,28,6,34
ARUNACHAL PRADESH,2006,TOTAL,356,213,44,257,212,20,232
ARUNACHAL PRADESH,2006,TOTAL COLLAPSE,5,0,0,0,5,0,5
ARUNACHAL PRADESH,2006,TOTAL DROWNING,14,0,0,0,11,4,15
ARUNACHAL PRADESH,2006,TOTAL EXPLOSION,0,0,0,0,0,0,0
ARUNACHAL PRADESH,2006,TOTAL FALLS,15,0,0,0,14,1,15
ARUNACHAL PRADESH,2006,TOTAL FIRE,5,0,0,0,7,0,7
ARUNACHAL PRADESH,2006,TOTAL SUDDEN DEATHS,7,0,0,0,6,1,7
ARUNACHAL PRADESH,2006,TOTAL POISONING,1,0,0,0,1,0,1
ARUNACHAL PRADESH,2006,TOTAL TRAFFIC ACCIDENTS,243,213,44,257,110,6,116
ARUNACHAL PRADESH,2007,AIR-CRASH,0,0,0,0,0,0,0
ARUNACHAL PRADESH,2007,COLLAPSE OF STRUCTURE(HOUSE),1,0,0,0,1,3,4
ARUNACHAL PRADESH,2007,COLLAPSE OF STRUCTURE(BUILDING),0,0,0,0,0,0,0
ARUNACHAL PRADESH,2007,COLLAPSE OF STRUCTURE(DAM),0,0,0,0,0,0,0
ARUNACHAL PRADESH,2007,COLLAPSE OF STRUCTURE(BRIDGE),0,0,0,0,0,0,0
ARUNACHAL PRADESH,2007,COLLAPSE OF STRUCTURE(OTHERS),0,0,0,0,0,0,0
ARUNACHAL PRADESH,2007,DROWNING(BOAT CAPSIZE),0,0,0,0,0,0,0
ARUNACHAL PRADESH,2007,DROWNING(OTHER),15,0,0,0,14,1,15
ARUNACHAL PRADESH,2007,ELECTROCUTION,4,0,1,1,3,0,3
ARUNACHAL PRADESH,2007,EXPLOSION(BOMB EXPLOSION),0,0,0,0,0,0,0
ARUNACHAL PRADESH,2007,EXPLOSION(OTHER EXPLOSION LIKE BOIL,0,0,0,0,0,0,0
ARUNACHAL PRADESH,2007,FALLS(FALL FROM HEIGHT),13,0,0,0,11,1,12
ARUNACHAL PRADESH,2007,FALL INTO PIT/MANHOLE,0,0,0,0,0,0,0
ARUNACHAL PRADESH,2007,FACTORY/MACHINE ACCIDENTS,2,0,0,0,1,1,2
ARUNACHAL PRADESH,2007,FIRE(FIREWORKS/CRACKERS),0,0,0,0,0,0,0
ARUNACHAL PRADESH,2007,FIRE(SHORT-CIRCUIT),3,0,0,0,3,0,3
ARUNACHAL PRADESH,2007,GAS CYLINDER/STOVE BURST,1,0,0,0,1,0,1
ARUNACHAL PRADESH,2007,OTHER FIRE ACCIDENTS,5,0,0,0,1,5,6
ARUNACHAL PRADESH,2007,FIRE-ARMS,7,0,0,0,14,2,16
ARUNACHAL PRADESH,2007,SUDDEN DEATHS(HEART ATTACKS),5,0,0,0,4,1,5
ARUNACHAL PRADESH,2007,EPILEPTIC FITS/GIDDINESS,0,0,0,0,0,0,0
ARUNACHAL PRADESH,2007,ABORTIONS/CHILD BIRTH,0,0,0,0,0,0,0
ARUNACHAL PRADESH,2007,INFLUENCE OF ALCOHOL,3,0,0,0,2,1,3
ARUNACHAL PRADESH,2007,KILLED BY ANIMALS,7,0,0,0,5,5,10
ARUNACHAL PRADESH,2007,MINES OR QUARY DISASTER,0,0,0,0,0,0,0
ARUNACHAL PRADESH,2007,FOOD POISIONING/ACCIDENTAL INTAKE OF INSECTICIDES ETC.,0,0,0,0,0,0,0
ARUNACHAL PRADESH,2007,SPURIOUS/POISIONOUS LIQUOR,0,0,0,0,0,0,0
ARUNACHAL PRADESH,2007,LEAKAGE OF POISINOUS GASES ETC.,0,0,0,0,0,0,0
ARUNACHAL PRADESH,2007,SNAKE BITE/ANIMAL BITE,0,0,0,0,0,0,0
ARUNACHAL PRADESH,2007,OTHER,26,0,0,0,24,5,29
ARUNACHAL PRADESH,2007,STAMPEDE,0,0,0,0,0,0,0
ARUNACHAL PRADESH,2007,SUFFOCATION,0,0,0,0,0,0,0
ARUNACHAL PRADESH,2007,TRAFFIC ACCIDENTS(ROAD ACCIDENTS),230,216,87,303,94,14,108
ARUNACHAL PRADESH,2007,TRAFFIC ACCIDENTS(RAIL-ROAD ACCIDENTS),0,0,0,0,0,0,0
ARUNACHAL PRADESH,2007,OTHER RAILWAY ACCIDENTS,0,0,0,0,0,0,0
ARUNACHAL PRADESH,2007,OTHER,42,2,0,2,35,5,40
ARUNACHAL PRADESH,2007,CAUSES NOT KNOWN,14,0,0,0,13,1,14
ARUNACHAL PRADESH,2007,TOTAL,378,218,88,306,226,45,271
ARUNACHAL PRADESH,2007,TOTAL COLLAPSE,1,0,0,0,1,3,4
ARUNACHAL PRADESH,2007,TOTAL DROWNING,15,0,0,0,14,1,15
ARUNACHAL PRADESH,2007,TOTAL EXPLOSION,0,0,0,0,0,0,0
ARUNACHAL PRADESH,2007,TOTAL FALLS,13,0,0,0,11,1,12
ARUNACHAL PRADESH,2007,TOTAL FIRE,9,0,0,0,5,5,10
ARUNACHAL PRADESH,2007,TOTAL SUDDEN DEATHS,8,0,0,0,6,2,8
ARUNACHAL PRADESH,2007,TOTAL POISONING,26,0,0,0,24,5,29
ARUNACHAL PRADESH,2007,TOTAL TRAFFIC ACCIDENTS,230,216,87,303,94,14,108
ARUNACHAL PRADESH,2008,AIR-CRASH,0,0,0,0,0,0,0
ARUNACHAL PRADESH,2008,COLLAPSE OF STRUCTURE(HOUSE),0,0,0,0,0,0,0
ARUNACHAL PRADESH,2008,COLLAPSE OF STRUCTURE(BUILDING),0,0,0,0,0,0,0
ARUNACHAL PRADESH,2008,COLLAPSE OF STRUCTURE(DAM),0,0,0,0,0,0,0
ARUNACHAL PRADESH,2008,COLLAPSE OF STRUCTURE(BRIDGE),0,0,0,0,0,0,0
ARUNACHAL PRADESH,2008,COLLAPSE OF STRUCTURE(OTHERS),2,0,0,0,2,0,2
ARUNACHAL PRADESH,2008,DROWNING(BOAT CAPSIZE),0,0,0,0,0,0,0
ARUNACHAL PRADESH,2008,DROWNING(OTHER),16,0,0,0,15,3,18
ARUNACHAL PRADESH,2008,ELECTROCUTION,3,0,0,0,3,0,3
ARUNACHAL PRADESH,2008,EXPLOSION(BOMB EXPLOSION),0,0,0,0,0,0,0
ARUNACHAL PRADESH,2008,EXPLOSION(OTHER EXPLOSION LIKE BOIL,2,0,0,0,2,0,2
ARUNACHAL PRADESH,2008,FALLS(FALL FROM HEIGHT),21,1,0,1,20,1,21
ARUNACHAL PRADESH,2008,FALL INTO PIT/MANHOLE,0,0,0,0,0,0,0
ARUNACHAL PRADESH,2008,FACTORY/MACHINE ACCIDENTS,1,0,0,0,1,0,1
ARUNACHAL PRADESH,2008,FIRE(FIREWORKS/CRACKERS),0,0,0,0,0,0,0
ARUNACHAL PRADESH,2008,FIRE(SHORT-CIRCUIT),3,0,0,0,3,0,3
ARUNACHAL PRADESH,2008,GAS CYLINDER/STOVE BURST,1,0,0,0,1,0,1
ARUNACHAL PRADESH,2008,OTHER FIRE ACCIDENTS,3,0,0,0,4,0,4
ARUNACHAL PRADESH,2008,FIRE-ARMS,3,0,0,0,4,0,4
ARUNACHAL PRADESH,2008,SUDDEN DEATHS(HEART ATTACKS),12,0,0,0,10,2,12
ARUNACHAL PRADESH,2008,EPILEPTIC FITS/GIDDINESS,0,0,0,0,0,0,0
ARUNACHAL PRADESH,2008,ABORTIONS/CHILD BIRTH,0,0,0,0,0,0,0
ARUNACHAL PRADESH,2008,INFLUENCE OF ALCOHOL,5,0,0,0,5,0,5
ARUNACHAL PRADESH,2008,KILLED BY ANIMALS,5,0,0,0,4,2,6
ARUNACHAL PRADESH,2008,MINES OR QUARY DISASTER,0,0,0,0,0,0,0
ARUNACHAL PRADESH,2008,FOOD POISIONING/ACCIDENTAL INTAKE OF INSECTICIDES ETC.,0,0,0,0,0,0,0
ARUNACHAL PRADESH,2008,SPURIOUS/POISIONOUS LIQUOR,0,0,0,0,0,0,0
ARUNACHAL PRADESH,2008,LEAKAGE OF POISINOUS GASES ETC.,0,0,0,0,0,0,0
ARUNACHAL PRADESH,2008,SNAKE BITE/ANIMAL BITE,1,0,0,0,1,0,1
ARUNACHAL PRADESH,2008,OTHER,10,0,0,0,22,4,26
ARUNACHAL PRADESH,2008,STAMPEDE,0,0,0,0,0,0,0
ARUNACHAL PRADESH,2008,SUFFOCATION,0,0,0,0,0,0,0
ARUNACHAL PRADESH,2008,TRAFFIC ACCIDENTS(ROAD ACCIDENTS),261,358,57,415,102,23,125
ARUNACHAL PRADESH,2008,TRAFFIC ACCIDENTS(RAIL-ROAD ACCIDENTS),0,0,0,0,0,0,0
ARUNACHAL PRADESH,2008,OTHER RAILWAY ACCIDENTS,0,0,0,0,0,0,0
ARUNACHAL PRADESH,2008,OTHER,10,0,0,0,5,5,10
ARUNACHAL PRADESH,2008,CAUSES NOT KNOWN,47,1,0,1,36,11,47
ARUNACHAL PRADESH,2008,TOTAL,406,360,57,417,240,51,291
ARUNACHAL PRADESH,2008,TOTAL COLLAPSE,2,0,0,0,2,0,2
ARUNACHAL PRADESH,2008,TOTAL DROWNING,16,0,0,0,15,3,18
ARUNACHAL PRADESH,2008,TOTAL EXPLOSION,2,0,0,0,2,0,2
ARUNACHAL PRADESH,2008,TOTAL FALLS,21,1,0,1,20,1,21
ARUNACHAL PRADESH,2008,TOTAL FIRE,7,0,0,0,8,0,8
ARUNACHAL PRADESH,2008,TOTAL SUDDEN DEATHS,17,0,0,0,15,2,17
ARUNACHAL PRADESH,2008,TOTAL POISONING,11,0,0,0,23,4,27
ARUNACHAL PRADESH,2008,TOTAL TRAFFIC ACCIDENTS,261,358,57,415,102,23,125
ARUNACHAL PRADESH,2009,AIR-CRASH,0,0,0,0,0,0,0
ARUNACHAL PRADESH,2009,COLLAPSE OF STRUCTURE(HOUSE),0,0,0,0,0,0,0
ARUNACHAL PRADESH,2009,COLLAPSE OF STRUCTURE(BUILDING),0,0,0,0,0,0,0
ARUNACHAL PRADESH,2009,COLLAPSE OF STRUCTURE(DAM),0,0,0,0,0,0,0
ARUNACHAL PRADESH,2009,COLLAPSE OF STRUCTURE(BRIDGE),0,0,0,0,0,0,0
ARUNACHAL PRADESH,2009,COLLAPSE OF STRUCTURE(OTHERS),2,0,0,0,2,0,2
ARUNACHAL PRADESH,2009,DROWNING(BOAT CAPSIZE),0,0,0,0,0,0,0
ARUNACHAL PRADESH,2009,DROWNING(OTHER),16,0,0,0,15,3,18
ARUNACHAL PRADESH,2009,ELECTROCUTION,3,0,0,0,3,0,3
ARUNACHAL PRADESH,2009,EXPLOSION(BOMB EXPLOSION),0,0,0,0,0,0,0
ARUNACHAL PRADESH,2009,EXPLOSION(OTHER EXPLOSION LIKE BOIL,2,0,0,0,2,0,2
ARUNACHAL PRADESH,2009,FALLS(FALL FROM HEIGHT),21,1,0,1,20,1,21
ARUNACHAL PRADESH,2009,FALL INTO PIT/MANHOLE,0,0,0,0,0,0,0
ARUNACHAL PRADESH,2009,FACTORY/MACHINE ACCIDENTS,1,0,0,0,1,0,1
ARUNACHAL PRADESH,2009,FIRE(FIREWORKS/CRACKERS),0,0,0,0,0,0,0
ARUNACHAL PRADESH,2009,FIRE(SHORT-CIRCUIT),3,0,0,0,3,0,3
ARUNACHAL PRADESH,2009,GAS CYLINDER/STOVE BURST,1,0,0,0,1,0,1
ARUNACHAL PRADESH,2009,OTHER FIRE ACCIDENTS,3,0,0,0,4,0,4
ARUNACHAL PRADESH,2009,FIRE-ARMS,3,0,0,0,4,0,4
ARUNACHAL PRADESH,2009,SUDDEN DEATHS(HEART ATTACKS),12,0,0,0,10,2,12
ARUNACHAL PRADESH,2009,EPILEPTIC FITS/GIDDINESS,0,0,0,0,0,0,0
ARUNACHAL PRADESH,2009,ABORTIONS/CHILD BIRTH,0,0,0,0,0,0,0
ARUNACHAL PRADESH,2009,INFLUENCE OF ALCOHOL,5,0,0,0,5,0,5
ARUNACHAL PRADESH,2009,KILLED BY ANIMALS,5,0,0,0,4,2,6
ARUNACHAL PRADESH,2009,MINES OR QUARY DISASTER,0,0,0,0,0,0,0
ARUNACHAL PRADESH,2009,FOOD POISIONING/ACCIDENTAL INTAKE OF INSECTICIDES ETC.,0,0,0,0,0,0,0
ARUNACHAL PRADESH,2009,SPURIOUS/POISIONOUS LIQUOR,0,0,0,0,0,0,0
ARUNACHAL PRADESH,2009,LEAKAGE OF POISINOUS GASES ETC.,0,0,0,0,0,0,0
ARUNACHAL PRADESH,2009,SNAKE BITE/ANIMAL BITE,1,0,0,0,1,0,1
ARUNACHAL PRADESH,2009,OTHER,10,0,0,0,22,4,26
ARUNACHAL PRADESH,2009,STAMPEDE,0,0,0,0,0,0,0
ARUNACHAL PRADESH,2009,SUFFOCATION,0,0,0,0,0,0,0
ARUNACHAL PRADESH,2009,TRAFFIC ACCIDENTS(ROAD ACCIDENTS),261,358,57,415,102,23,125
ARUNACHAL PRADESH,2009,TRAFFIC ACCIDENTS(RAIL-ROAD ACCIDENTS),0,0,0,0,0,0,0
ARUNACHAL PRADESH,2009,OTHER RAILWAY ACCIDENTS,0,0,0,0,0,0,0
ARUNACHAL PRADESH,2009,OTHER,10,0,0,0,5,5,10
ARUNACHAL PRADESH,2009,CAUSES NOT KNOWN,47,1,0,1,36,11,47
ARUNACHAL PRADESH,2009,TOTAL,406,360,57,417,240,51,291
ARUNACHAL PRADESH,2009,TOTAL COLLAPSE,2,0,0,0,2,0,2
ARUNACHAL PRADESH,2009,TOTAL DROWNING,16,0,0,0,15,3,18
ARUNACHAL PRADESH,2009,TOTAL EXPLOSION,2,0,0,0,2,0,2
ARUNACHAL PRADESH,2009,TOTAL FALLS,21,1,0,1,20,1,21
ARUNACHAL PRADESH,2009,TOTAL FIRE,7,0,0,0,8,0,8
ARUNACHAL PRADESH,2009,TOTAL SUDDEN DEATHS,17,0,0,0,15,2,17
ARUNACHAL PRADESH,2009,TOTAL POISONING,11,0,0,0,23,4,27
ARUNACHAL PRADESH,2009,TOTAL TRAFFIC ACCIDENTS,261,358,57,415,102,23,125
ARUNACHAL PRADESH,2010,AIR-CRASH,0,0,0,0,0,0,0
ARUNACHAL PRADESH,2010,COLLAPSE OF STRUCTURE(HOUSE),1,0,0,0,1,1,2
ARUNACHAL PRADESH,2010,COLLAPSE OF STRUCTURE(BUILDING),1,0,0,0,3,0,3
ARUNACHAL PRADESH,2010,COLLAPSE OF STRUCTURE(DAM),0,0,0,0,0,0,0
ARUNACHAL PRADESH,2010,COLLAPSE OF STRUCTURE(BRIDGE),0,0,0,0,0,0,0
ARUNACHAL PRADESH,2010,COLLAPSE OF STRUCTURE(OTHERS),9,0,0,0,11,4,15
ARUNACHAL PRADESH,2010,DROWNING(BOAT CAPSIZE),0,0,0,0,0,0,0
ARUNACHAL PRADESH,2010,DROWNING(OTHER),24,0,0,0,23,3,26
ARUNACHAL PRADESH,2010,ELECTROCUTION,1,0,0,0,1,1,2
ARUNACHAL PRADESH,2010,EXPLOSION(BOMB EXPLOSION),0,0,0,0,0,0,0
ARUNACHAL PRADESH,2010,EXPLOSION(OTHER EXPLOSION LIKE BOIL,1,0,0,0,1,0,1
ARUNACHAL PRADESH,2010,FALLS(FALL FROM HEIGHT),20,0,0,0,20,0,20
ARUNACHAL PRADESH,2010,FALL INTO PIT/MANHOLE,0,0,0,0,0,0,0
ARUNACHAL PRADESH,2010,FACTORY/MACHINE ACCIDENTS,0,0,0,0,0,0,0
ARUNACHAL PRADESH,2010,FIRE(FIREWORKS/CRACKERS),0,0,0,0,0,0,0
ARUNACHAL PRADESH,2010,FIRE(SHORT-CIRCUIT),3,0,0,0,3,0,3
ARUNACHAL PRADESH,2010,GAS CYLINDER/STOVE BURST,0,0,0,0,0,0,0
ARUNACHAL PRADESH,2010,OTHER FIRE ACCIDENTS,2,0,0,0,1,2,3
ARUNACHAL PRADESH,2010,FIRE-ARMS,2,0,0,0,2,0,2
ARUNACHAL PRADESH,2010,SUDDEN DEATHS(HEART ATTACKS),11,0,0,0,11,0,11
ARUNACHAL PRADESH,2010,EPILEPTIC FITS/GIDDINESS,0,0,0,0,0,0,0
ARUNACHAL PRADESH,2010,ABORTIONS/CHILD BIRTH,0,0,0,0,0,0,0
ARUNACHAL PRADESH,2010,INFLUENCE OF ALCOHOL,2,0,0,0,2,0,2
ARUNACHAL PRADESH,2010,KILLED BY ANIMALS,4,0,0,0,4,0,4
ARUNACHAL PRADESH,2010,MINES OR QUARY DISASTER,0,0,0,0,0,0,0
ARUNACHAL PRADESH,2010,FOOD POISIONING/ACCIDENTAL INTAKE OF INSECTICIDES ETC.,1,0,0,0,0,1,1
ARUNACHAL PRADESH,2010,SPURIOUS/POISIONOUS LIQUOR,0,0,0,0,0,0,0
ARUNACHAL PRADESH,2010,LEAKAGE OF POISINOUS GASES ETC.,0,0,0,0,0,0,0
ARUNACHAL PRADESH,2010,SNAKE BITE/ANIMAL BITE,0,0,0,0,0,0,0
ARUNACHAL PRADESH,2010,OTHER,28,0,0,0,25,16,41
ARUNACHAL PRADESH,2010,STAMPEDE,0,0,0,0,0,0,0
ARUNACHAL PRADESH,2010,SUFFOCATION,0,0,0,0,0,0,0
ARUNACHAL PRADESH,2010,TRAFFIC ACCIDENTS(ROAD ACCIDENTS),280,317,66,383,120,19,139
ARUNACHAL PRADESH,2010,TRAFFIC ACCIDENTS(RAIL-ROAD ACCIDENTS),0,0,0,0,0,0,0
ARUNACHAL PRADESH,2010,OTHER RAILWAY ACCIDENTS,0,0,0,0,0,0,0
ARUNACHAL PRADESH,2010,OTHER,12,1,0,1,9,7,16
ARUNACHAL PRADESH,2010,CAUSES NOT KNOWN,35,0,0,0,32,5,37
ARUNACHAL PRADESH,2010,TOTAL,437,318,66,384,269,59,328
ARUNACHAL PRADESH,2010,TOTAL COLLAPSE,11,0,0,0,15,5,20
ARUNACHAL PRADESH,2010,TOTAL DROWNING,24,0,0,0,23,3,26
ARUNACHAL PRADESH,2010,TOTAL EXPLOSION,1,0,0,0,1,0,1
ARUNACHAL PRADESH,2010,TOTAL FALLS,20,0,0,0,20,0,20
ARUNACHAL PRADESH,2010,TOTAL FIRE,5,0,0,0,4,2,6
ARUNACHAL PRADESH,2010,TOTAL SUDDEN DEATHS,13,0,0,0,13,0,13
ARUNACHAL PRADESH,2010,TOTAL POISONING,29,0,0,0,25,17,42
ARUNACHAL PRADESH,2010,TOTAL TRAFFIC ACCIDENTS,280,317,66,383,120,19,139
ARUNACHAL PRADESH,2011,AIR-CRASH,0,0,0,0,0,0,0
ARUNACHAL PRADESH,2011,COLLAPSE OF STRUCTURE(HOUSE),1,3,2,5,0,1,1
ARUNACHAL PRADESH,2011,COLLAPSE OF STRUCTURE(BUILDING),0,0,0,0,0,0,0
ARUNACHAL PRADESH,2011,COLLAPSE OF STRUCTURE(DAM),0,0,0,0,0,0,0
ARUNACHAL PRADESH,2011,COLLAPSE OF STRUCTURE(BRIDGE),1,30,17,47,5,10,15
ARUNACHAL PRADESH,2011,COLLAPSE OF STRUCTURE(OTHERS),5,0,0,0,7,0,7
ARUNACHAL PRADESH,2011,DROWNING(BOAT CAPSIZE),0,0,0,0,0,0,0
ARUNACHAL PRADESH,2011,DROWNING(OTHER),17,0,0,0,14,4,18
ARUNACHAL PRADESH,2011,ELECTROCUTION,8,0,0,0,5,3,8
ARUNACHAL PRADESH,2011,EXPLOSION(BOMB EXPLOSION),0,0,0,0,0,0,0
ARUNACHAL PRADESH,2011,EXPLOSION(OTHER EXPLOSION LIKE BOIL,0,0,0,0,0,0,0
ARUNACHAL PRADESH,2011,FALLS(FALL FROM HEIGHT),23,0,0,0,20,3,23
ARUNACHAL PRADESH,2011,FALL INTO PIT/MANHOLE,1,0,0,0,1,0,1
ARUNACHAL PRADESH,2011,FACTORY/MACHINE ACCIDENTS,1,0,0,0,1,0,1
ARUNACHAL PRADESH,2011,FIRE(FIREWORKS/CRACKERS),0,0,0,0,0,0,0
ARUNACHAL PRADESH,2011,FIRE(SHORT-CIRCUIT),5,0,0,0,4,1,5
ARUNACHAL PRADESH,2011,GAS CYLINDER/STOVE BURST,0,0,0,0,0,0,0
ARUNACHAL PRADESH,2011,OTHER FIRE ACCIDENTS,7,0,0,0,6,2,8
ARUNACHAL PRADESH,2011,FIRE-ARMS,5,0,0,0,6,0,6
ARUNACHAL PRADESH,2011,SUDDEN DEATHS(HEART ATTACKS),5,0,0,0,5,0,5
ARUNACHAL PRADESH,2011,EPILEPTIC FITS/GIDDINESS,2,0,0,0,2,0,2
ARUNACHAL PRADESH,2011,ABORTIONS/CHILD BIRTH,0,0,0,0,0,0,0
ARUNACHAL PRADESH,2011,INFLUENCE OF ALCOHOL,4,0,0,0,4,0,4
ARUNACHAL PRADESH,2011,KILLED BY ANIMALS,3,0,0,0,3,0,3
ARUNACHAL PRADESH,2011,MINES OR QUARY DISASTER,0,0,0,0,0,0,0
ARUNACHAL PRADESH,2011,FOOD POISIONING/ACCIDENTAL INTAKE OF INSECTICIDES ETC.,0,0,0,0,0,0,0
ARUNACHAL PRADESH,2011,SPURIOUS/POISIONOUS LIQUOR,0,0,0,0,0,0,0
ARUNACHAL PRADESH,2011,LEAKAGE OF POISINOUS GASES ETC.,0,0,0,0,0,0,0
ARUNACHAL PRADESH,2011,SNAKE BITE/ANIMAL BITE,0,0,0,0,0,0,0
ARUNACHAL PRADESH,2011,OTHER,16,0,0,0,13,3,16
ARUNACHAL PRADESH,2011,STAMPEDE,0,0,0,0,0,0,0
ARUNACHAL PRADESH,2011,SUFFOCATION,0,0,0,0,0,0,0
ARUNACHAL PRADESH,2011,TRAFFIC ACCIDENTS(ROAD ACCIDENTS),263,354,84,438,102,24,126
ARUNACHAL PRADESH,2011,TRAFFIC ACCIDENTS(RAIL-ROAD ACCIDENTS),0,0,0,0,0,0,0
ARUNACHAL PRADESH,2011,OTHER RAILWAY ACCIDENTS,0,0,0,0,0,0,0
ARUNACHAL PRADESH,2011,OTHER,21,0,0,0,17,7,24
ARUNACHAL PRADESH,2011,CAUSES NOT KNOWN,12,0,0,0,11,1,12
ARUNACHAL PRADESH,2011,TOTAL,400,387,103,490,226,59,285
ARUNACHAL PRADESH,2011,TOTAL COLLAPSE,7,33,19,52,12,11,23
ARUNACHAL PRADESH,2011,TOTAL DROWNING,17,0,0,0,14,4,18
ARUNACHAL PRADESH,2011,TOTAL EXPLOSION,0,0,0,0,0,0,0
ARUNACHAL PRADESH,2011,TOTAL FALLS,24,0,0,0,21,3,24
ARUNACHAL PRADESH,2011,TOTAL FIRE,12,0,0,0,10,3,13
ARUNACHAL PRADESH,2011,TOTAL SUDDEN DEATHS,11,0,0,0,11,0,11
ARUNACHAL PRADESH,2011,TOTAL POISONING,16,0,0,0,13,3,16
ARUNACHAL PRADESH,2011,TOTAL TRAFFIC ACCIDENTS,263,354,84,438,102,24,126
ARUNACHAL PRADESH,2012,AIR-CRASH,0,0,0,0,0,0,0
ARUNACHAL PRADESH,2012,COLLAPSE OF STRUCTURE(HOUSE),1,2,0,2,1,0,1
ARUNACHAL PRADESH,2012,COLLAPSE OF STRUCTURE(BUILDING),1,0,0,0,1,0,1
ARUNACHAL PRADESH,2012,COLLAPSE OF STRUCTURE(DAM),0,0,0,0,0,0,0
ARUNACHAL PRADESH,2012,COLLAPSE OF STRUCTURE(BRIDGE),0,0,0,0,0,0,0
ARUNACHAL PRADESH,2012,COLLAPSE OF STRUCTURE(OTHERS),9,2,0,2,5,5,10
ARUNACHAL PRADESH,2012,DROWNING(BOAT CAPSIZE),0,0,0,0,0,0,0
ARUNACHAL PRADESH,2012,DROWNING(OTHER),21,0,0,0,22,2,24
ARUNACHAL PRADESH,2012,ELECTROCUTION,9,0,0,0,9,0,9
ARUNACHAL PRADESH,2012,EXPLOSION(BOMB EXPLOSION),0,0,0,0,0,0,0
ARUNACHAL PRADESH,2012,EXPLOSION(OTHER EXPLOSION LIKE BOIL,0,0,0,0,0,0,0
ARUNACHAL PRADESH,2012,FALLS(FALL FROM HEIGHT),14,0,0,0,14,0,14
ARUNACHAL PRADESH,2012,FALL INTO PIT/MANHOLE,4,0,0,0,6,0,6
ARUNACHAL PRADESH,2012,FACTORY/MACHINE ACCIDENTS,0,0,0,0,0,0,0
ARUNACHAL PRADESH,2012,FIRE(FIREWORKS/CRACKERS),0,0,0,0,0,0,0
ARUNACHAL PRADESH,2012,FIRE(SHORT-CIRCUIT),3,0,0,0,2,1,3
ARUNACHAL PRADESH,2012,GAS CYLINDER/STOVE BURST,0,0,0,0,0,0,0
ARUNACHAL PRADESH,2012,OTHER FIRE ACCIDENTS,9,0,0,0,10,4,14
ARUNACHAL PRADESH,2012,FIRE-ARMS,1,0,0,0,1,0,1
ARUNACHAL PRADESH,2012,SUDDEN DEATHS(HEART ATTACKS),15,0,0,0,13,2,15
ARUNACHAL PRADESH,2012,EPILEPTIC FITS/GIDDINESS,1,0,0,0,1,0,1
ARUNACHAL PRADESH,2012,ABORTIONS/CHILD BIRTH,1,0,0,0,0,1,1
ARUNACHAL PRADESH,2012,INFLUENCE OF ALCOHOL,4,0,0,0,2,2,4
ARUNACHAL PRADESH,2012,KILLED BY ANIMALS,0,0,0,0,0,0,0
ARUNACHAL PRADESH,2012,MINES OR QUARY DISASTER,0,0,0,0,0,0,0
ARUNACHAL PRADESH,2012,FOOD POISIONING/ACCIDENTAL INTAKE OF INSECTICIDES ETC.,0,0,0,0,0,0,0
ARUNACHAL PRADESH,2012,SPURIOUS/POISIONOUS LIQUOR,1,0,0,0,1,0,1
ARUNACHAL PRADESH,2012,LEAKAGE OF POISINOUS GASES ETC.,0,0,0,0,0,0,0
ARUNACHAL PRADESH,2012,SNAKE BITE/ANIMAL BITE,1,0,0,0,1,0,1
ARUNACHAL PRADESH,2012,OTHER,21,0,0,0,12,8,20
ARUNACHAL PRADESH,2012,STAMPEDE,0,0,0,0,0,0,0
ARUNACHAL PRADESH,2012,SUFFOCATION,0,0,0,0,0,0,0
ARUNACHAL PRADESH,2012,TRAFFIC ACCIDENTS(ROAD ACCIDENTS),204,238,67,305,112,24,136
ARUNACHAL PRADESH,2012,TRAFFIC ACCIDENTS(RAIL-ROAD ACCIDENTS),0,0,0,0,0,0,0
ARUNACHAL PRADESH,2012,OTHER RAILWAY ACCIDENTS,0,0,0,0,0,0,0
ARUNACHAL PRADESH,2012,OTHER,10,0,0,0,7,4,11
ARUNACHAL PRADESH,2012,CAUSES NOT KNOWN,42,0,0,0,32,10,42
ARUNACHAL PRADESH,2012,TOTAL,372,242,67,309,252,63,315
ARUNACHAL PRADESH,2012,TOTAL COLLAPSE,11,4,0,4,7,5,12
ARUNACHAL PRADESH,2012,TOTAL DROWNING,21,0,0,0,22,2,24
ARUNACHAL PRADESH,2012,TOTAL EXPLOSION,0,0,0,0,0,0,0
ARUNACHAL PRADESH,2012,TOTAL FALLS,18,0,0,0,20,0,20
ARUNACHAL PRADESH,2012,TOTAL FIRE,12,0,0,0,12,5,17
ARUNACHAL PRADESH,2012,TOTAL SUDDEN DEATHS,21,0,0,0,16,5,21
ARUNACHAL PRADESH,2012,TOTAL POISONING,23,0,0,0,14,8,22
ARUNACHAL PRADESH,2012,TOTAL TRAFFIC ACCIDENTS,204,238,67,305,112,24,136
ASSAM,2001,AIR-CRASH,0,0,0,0,0,0,0
ASSAM,2001,COLLAPSE OF STRUCTURE(HOUSE),3,0,0,0,2,1,3
ASSAM,2001,COLLAPSE OF STRUCTURE(BUILDING),3,0,0,0,3,0,3
ASSAM,2001,COLLAPSE OF STRUCTURE(DAM),0,0,0,0,0,0,0
ASSAM,2001,COLLAPSE OF STRUCTURE(BRIDGE),0,0,0,0,0,0,0
ASSAM,2001,COLLAPSE OF STRUCTURE(OTHERS),4,0,0,0,4,0,4
ASSAM,2001,DROWNING(BOAT CAPSIZE),17,0,0,0,11,6,17
ASSAM,2001,DROWNING(OTHER),261,0,0,0,180,81,261
ASSAM,2001,ELECTROCUTION,70,0,0,0,65,6,71
ASSAM,2001,EXPLOSION(BOMB EXPLOSION),1,7,19,26,1,2,3
ASSAM,2001,EXPLOSION(OTHER EXPLOSION LIKE BOILERS,,0,0,0,0,0,0,0
ASSAM,2001,FALLS(FALL FROM HEIGHT),14,0,0,0,14,0,14
ASSAM,2001,FALL INTO PIT/MANHOLE,4,0,0,0,3,1,4
ASSAM,2001,FACTORY/MACHINE ACCIDENTS,13,0,0,0,12,1,13
ASSAM,2001,FIRE(FIREWORKS/CRACKERS),3,0,0,0,2,1,3
ASSAM,2001,FIRE(SHORT-CIRCUIT),0,0,0,0,0,0,0
ASSAM,2001,GAS CYLINDER/STOVE BURST,15,0,0,0,3,12,15
ASSAM,2001,OTHER FIRE ACCIDENTS,143,2,1,3,48,104,152
ASSAM,2001,FIRE-ARMS,40,0,0,0,40,0,40
ASSAM,2001,SUDDEN DEATHS(HEART ATTACKS),41,0,0,0,32,9,41
ASSAM,2001,EPILEPTIC FITS/GIDDINESS,1,0,0,0,1,0,1
ASSAM,2001,ABORTIONS/CHILD BIRTH,4,0,0,0,0,4,4
ASSAM,2001,INFLUENCE OF ALCOHOL,7,0,0,0,7,0,7
ASSAM,2001,KILLED BY ANIMALS,81,0,0,0,67,17,84
ASSAM,2001,MINES OR QUARY DISASTER,0,0,0,0,0,0,0
ASSAM,2001,FOOD POISIONING/ACCIDENTAL INTAKE OF INSECTICIDES ETC.,29,0,0,0,15,14,29
ASSAM,2001,SPURIOUS/POISIONOUS LIQUOR,4,0,0,0,7,3,10
ASSAM,2001,LEAKAGE OF POISINOUS GASES ETC.,4,0,0,0,4,0,4
ASSAM,2001,SNAKE BITE/ANIMAL BITE,6,0,0,0,4,2,6
ASSAM,2001,OTHER,142,0,0,0,85,57,142
ASSAM,2001,STAMPEDE,0,0,0,0,0,0,0
ASSAM,2001,SUFFOCATION,0,0,0,0,0,0,0
ASSAM,2001,TRAFFIC ACCIDENTS(ROAD ACCIDENTS),1806,1553,492,2045,624,152,776
ASSAM,2001,TRAFFIC ACCIDENTS(RAIL-ROAD ACCIDENTS),30,0,0,0,23,7,30
ASSAM,2001,OTHER RAILWAY ACCIDENTS,213,0,0,0,193,24,217
ASSAM,2001,OTHER,65,0,0,0,50,15,65
ASSAM,2001,CAUSES NOT KNOWN,303,0,0,0,230,59,289
ASSAM,2001,TOTAL,3327,1562,512,2074,1730,578,2308
ASSAM,2001,TOTAL COLLAPSE,10,0,0,0,9,1,10
ASSAM,2001,TOTAL DROWNING,278,0,0,0,191,87,278
ASSAM,2001,TOTAL EXPLOSION,1,7,19,26,1,2,3
ASSAM,2001,TOTAL FALLS,18,0,0,0,17,1,18
ASSAM,2001,TOTAL FIRE,161,2,1,3,53,117,170
ASSAM,2001,TOTAL SUDDEN DEATHS,53,0,0,0,40,13,53
ASSAM,2001,TOTAL POISONING,185,0,0,0,115,76,191
ASSAM,2001,TOTAL TRAFFIC ACCIDENTS,2049,1553,492,2045,840,183,1023
ASSAM,2002,AIR-CRASH,0,0,0,0,0,0,0
ASSAM,2002,COLLAPSE OF STRUCTURE(HOUSE),0,0,0,0,0,0,0
ASSAM,2002,COLLAPSE OF STRUCTURE(BUILDING),8,0,0,0,6,2,8
ASSAM,2002,COLLAPSE OF STRUCTURE(DAM),0,0,0,0,0,0,0
ASSAM,2002,COLLAPSE OF STRUCTURE(BRIDGE),2,0,0,0,2,0,2
ASSAM,2002,COLLAPSE OF STRUCTURE(OTHERS),11,0,0,0,8,3,11
ASSAM,2002,DROWNING(BOAT CAPSIZE),30,0,0,0,16,14,30
ASSAM,2002,DROWNING(OTHER),204,0,0,0,152,62,214
ASSAM,2002,ELECTROCUTION,46,0,0,0,45,2,47
ASSAM,2002,EXPLOSION(BOMB EXPLOSION),0,0,0,0,0,0,0
ASSAM,2002,EXPLOSION(OTHER EXPLOSION LIKE BOILERS, GAS CYLINDER ETC.),1,0,0,0,0,1,1
ASSAM,2002,FALLS(FALL FROM HEIGHT),10,0,0,0,10,0,10
ASSAM,2002,FALL INTO PIT/MANHOLE,5,0,0,0,5,0,5
ASSAM,2002,FACTORY/MACHINE ACCIDENTS,9,0,0,0,7,2,9
ASSAM,2002,FIRE(FIREWORKS/CRACKERS),4,0,0,0,0,1,1
ASSAM,2002,FIRE(SHORT-CIRCUIT),1,0,0,0,1,0,1
ASSAM,2002,GAS CYLINDER/STOVE BURST,15,0,0,0,6,12,18
ASSAM,2002,OTHER FIRE ACCIDENTS,174,14,9,23,73,105,178
ASSAM,2002,FIRE-ARMS,8,0,0,0,7,1,8
ASSAM,2002,SUDDEN DEATHS(HEART ATTACKS),93,0,0,0,82,12,94
ASSAM,2002,EPILEPTIC FITS/GIDDINESS,0,0,0,0,0,0,0
ASSAM,2002,ABORTIONS/CHILD BIRTH,3,0,0,0,0,3,3
ASSAM,2002,INFLUENCE OF ALCOHOL,2,0,0,0,2,0,2
ASSAM,2002,KILLED BY ANIMALS,52,0,0,0,44,12,56
ASSAM,2002,MINES OR QUARY DISASTER,0,0,0,0,0,0,0
ASSAM,2002,FOOD POISIONING/ACCIDENTAL INTAKE OF INSECTICIDES ETC.,12,0,0,0,6,6,12
ASSAM,2002,SPURIOUS/POISIONOUS LIQUOR,0,0,0,0,0,0,0
ASSAM,2002,LEAKAGE OF POISINOUS GASES ETC.,0,0,0,0,0,0,0
ASSAM,2002,SNAKE BITE/ANIMAL BITE,5,0,0,0,3,2,5
ASSAM,2002,OTHER,129,0,0,0,77,52,129
ASSAM,2002,STAMPEDE,0,0,0,0,0,0,0
ASSAM,2002,SUFFOCATION,0,0,0,0,0,0,0
ASSAM,2002,TRAFFIC ACCIDENTS(ROAD ACCIDENTS),2243,1984,499,2483,754,155,909
ASSAM,2002,TRAFFIC ACCIDENTS(RAIL-ROAD ACCIDENTS),10,0,0,0,9,1,10
ASSAM,2002,OTHER RAILWAY ACCIDENTS,322,0,0,0,289,33,322
ASSAM,2002,OTHER,131,0,0,0,80,51,131
ASSAM,2002,CAUSES NOT KNOWN,262,7,5,12,169,96,265
ASSAM,2002,TOTAL,3792,2005,513,2518,1853,628,2481
ASSAM,2002,TOTAL COLLAPSE,21,0,0,0,16,5,21
ASSAM,2002,TOTAL DROWNING,234,0,0,0,168,76,244
ASSAM,2002,TOTAL EXPLOSION,1,0,0,0,0,1,1
ASSAM,2002,TOTAL FALLS,15,0,0,0,15,0,15
ASSAM,2002,TOTAL FIRE,194,14,9,23,80,118,198
ASSAM,2002,TOTAL SUDDEN DEATHS,98,0,0,0,84,15,99
ASSAM,2002,TOTAL POISONING,146,0,0,0,86,60,146
ASSAM,2002,TOTAL TRAFFIC ACCIDENTS,2575,1984,499,2483,1052,189,1241
ASSAM,2003,AIR-CRASH,0,0,0,0,0,0,0
ASSAM,2003,COLLAPSE OF STRUCTURE(HOUSE),1,0,0,0,1,0,1
ASSAM,2003,COLLAPSE OF STRUCTURE(BUILDING),5,0,0,0,4,1,5
ASSAM,2003,COLLAPSE OF STRUCTURE(DAM),3,0,0,0,2,1,3
ASSAM,2003,COLLAPSE OF STRUCTURE(BRIDGE),7,0,0,0,6,1,7
ASSAM,2003,COLLAPSE OF STRUCTURE(OTHERS),18,0,0,0,13,5,18
ASSAM,2003,DROWNING(BOAT CAPSIZE),33,0,0,0,25,8,33
ASSAM,2003,DROWNING(OTHER),164,0,0,0,131,41,172
ASSAM,2003,ELECTROCUTION,49,1,0,1,42,6,48
ASSAM,2003,EXPLOSION(BOMB EXPLOSION),1,0,0,0,1,0,1
ASSAM,2003,EXPLOSION(OTHER EXPLOSION LIKE BOILERS, EXPLOSION LIKE BOILERS,,2,0,0,0,2,0,2
ASSAM,2003,FALLS(FALL FROM HEIGHT),13,0,0,0,13,0,13
ASSAM,2003,FALL INTO PIT/MANHOLE,4,0,0,0,4,1,5
ASSAM,2003,FACTORY/MACHINE ACCIDENTS,0,0,0,0,0,0,0
ASSAM,2003,FIRE(FIREWORKS/CRACKERS),0,0,0,0,0,0,0
ASSAM,2003,FIRE(SHORT-CIRCUIT),11,9,3,12,3,1,4
ASSAM,2003,GAS CYLINDER/STOVE BURST,6,0,0,0,1,5,6
ASSAM,2003,OTHER FIRE ACCIDENTS,103,3,1,4,57,53,110
ASSAM,2003,FIRE-ARMS,24,0,0,0,23,3,26
ASSAM,2003,SUDDEN DEATHS(HEART ATTACKS),62,0,0,0,55,11,66
ASSAM,2003,EPILEPTIC FITS/GIDDINESS,3,0,0,0,2,1,3
ASSAM,2003,ABORTIONS/CHILD BIRTH,9,0,0,0,0,9,9
ASSAM,2003,INFLUENCE OF ALCOHOL,3,0,0,0,3,0,3
ASSAM,2003,KILLED BY ANIMALS,38,0,0,0,22,16,38
ASSAM,2003,MINES OR QUARY DISASTER,0,0,0,0,0,0,0
ASSAM,2003,FOOD POISIONING/ACCIDENTAL INTAKE OF INSECTICIDES ETC.,85,7,3,10,42,34,76
ASSAM,2003,SPURIOUS/POISIONOUS LIQUOR,12,0,0,0,8,4,12
ASSAM,2003,LEAKAGE OF POISINOUS GASES ETC.,2,0,0,0,1,1,2
ASSAM,2003,SNAKE BITE/ANIMAL BITE,2,0,0,0,2,0,2
ASSAM,2003,OTHER,88,0,0,0,57,31,88
ASSAM,2003,STAMPEDE,0,0,0,0,0,0,0
ASSAM,2003,SUFFOCATION,1,0,0,0,1,0,1
ASSAM,2003,TRAFFIC ACCIDENTS(ROAD ACCIDENTS),2145,2857,958,3815,898,239,1137
ASSAM,2003,TRAFFIC ACCIDENTS(RAIL-ROAD ACCIDENTS),10,0,0,0,9,1,10
ASSAM,2003,OTHER RAILWAY ACCIDENTS,345,0,0,0,289,56,345
ASSAM,2003,OTHER,68,0,0,0,39,29,68
ASSAM,2003,CAUSES NOT KNOWN,173,0,0,0,140,33,173
ASSAM,2003,TOTAL,3490,2877,965,3842,1896,591,2487
ASSAM,2003,TOTAL COLLAPSE,34,0,0,0,26,8,34
ASSAM,2003,TOTAL DROWNING,197,0,0,0,156,49,205
ASSAM,2003,TOTAL EXPLOSION,3,0,0,0,3,0,3
ASSAM,2003,TOTAL FALLS,17,0,0,0,17,1,18
ASSAM,2003,TOTAL FIRE,120,12,4,16,61,59,120
ASSAM,2003,TOTAL SUDDEN DEATHS,77,0,0,0,60,21,81
ASSAM,2003,TOTAL POISONING,189,7,3,10,110,70,180
ASSAM,2003,TOTAL TRAFFIC ACCIDENTS,2500,2857,958,3815,1196,296,1492
ASSAM,2004,AIR-CRASH,0,0,0,0,0,0,0
ASSAM,2004,COLLAPSE OF STRUCTURE(HOUSE),0,0,0,0,0,0,0
ASSAM,2004,COLLAPSE OF STRUCTURE(BUILDING),3,0,0,0,3,0,3
ASSAM,2004,COLLAPSE OF STRUCTURE(DAM),0,0,0,0,0,0,0
ASSAM,2004,COLLAPSE OF STRUCTURE(BRIDGE),0,0,0,0,0,0,0
ASSAM,2004,COLLAPSE OF STRUCTURE(OTHERS),11,0,0,0,8,3,11
ASSAM,2004,DROWNING(BOAT CAPSIZE),90,0,0,0,86,16,102
ASSAM,2004,DROWNING(OTHER),176,0,0,0,128,50,178
ASSAM,2004,ELECTROCUTION,28,0,0,0,23,5,28
ASSAM,2004,EXPLOSION(BOMB EXPLOSION),3,19,0,19,2,1,3
ASSAM,2004,EXPLOSION(OTHER EXPLOSION LIKE BOILERS,,1,0,0,0,1,0,1
ASSAM,2004,FALLS(FALL FROM HEIGHT),11,0,0,0,10,1,11
ASSAM,2004,FALL INTO PIT/MANHOLE,0,0,0,0,0,0,0
ASSAM,2004,FACTORY/MACHINE ACCIDENTS,6,0,0,0,5,1,6
ASSAM,2004,FIRE(FIREWORKS/CRACKERS),4,0,0,0,0,4,4
ASSAM,2004,FIRE(SHORT-CIRCUIT),3,2,0,2,0,1,1
ASSAM,2004,GAS CYLINDER/STOVE BURST,13,0,0,0,1,12,13
ASSAM,2004,OTHER FIRE ACCIDENTS,87,0,0,0,41,46,87
ASSAM,2004,FIRE-ARMS,16,0,0,0,15,1,16
ASSAM,2004,SUDDEN DEATHS(HEART ATTACKS),35,0,0,0,28,7,35
ASSAM,2004,EPILEPTIC FITS/GIDDINESS,1,0,0,0,1,0,1
ASSAM,2004,ABORTIONS/CHILD BIRTH,7,0,0,0,0,7,7
ASSAM,2004,INFLUENCE OF ALCOHOL,0,0,0,0,0,0,0
ASSAM,2004,KILLED BY ANIMALS,46,0,0,0,35,13,48
ASSAM,2004,MINES OR QUARY DISASTER,0,0,0,0,0,0,0
ASSAM,2004,FOOD POISIONING/ACCIDENTAL INTAKE OF INSECTICIDES ETC.,18,0,0,0,13,5,18
ASSAM,2004,SPURIOUS/POISIONOUS LIQUOR,0,0,0,0,0,0,0
ASSAM,2004,LEAKAGE OF POISINOUS GASES ETC.,12,0,0,0,6,6,12
ASSAM,2004,SNAKE BITE/ANIMAL BITE,4,0,0,0,2,2,4
ASSAM,2004,OTHER,135,0,0,0,75,60,135
ASSAM,2004,STAMPEDE,0,0,0,0,0,0,0
ASSAM,2004,SUFFOCATION,0,0,0,0,0,0,0
ASSAM,2004,TRAFFIC ACCIDENTS(ROAD ACCIDENTS),2002,2269,530,2799,854,158,1012
ASSAM,2004,TRAFFIC ACCIDENTS(RAIL-ROAD ACCIDENTS),27,0,0,0,19,8,27
ASSAM,2004,OTHER RAILWAY ACCIDENTS,372,2,1,3,300,72,372
ASSAM,2004,OTHER,85,0,0,0,71,14,85
ASSAM,2004,CAUSES NOT KNOWN,273,0,0,0,203,70,273
ASSAM,2004,TOTAL,3469,2292,531,2823,1930,563,2493
ASSAM,2004,TOTAL COLLAPSE,14,0,0,0,11,3,14
ASSAM,2004,TOTAL DROWNING,266,0,0,0,214,66,280
ASSAM,2004,TOTAL EXPLOSION,4,19,0,19,3,1,4
ASSAM,2004,TOTAL FALLS,11,0,0,0,10,1,11
ASSAM,2004,TOTAL FIRE,107,2,0,2,42,63,105
ASSAM,2004,TOTAL SUDDEN DEATHS,43,0,0,0,29,14,43
ASSAM,2004,TOTAL POISONING,169,0,0,0,96,73,169
ASSAM,2004,TOTAL TRAFFIC ACCIDENTS,2401,2271,531,2802,1173,238,1411
ASSAM,2005,AIR-CRASH,0,0,0,0,0,0,0
ASSAM,2005,COLLAPSE OF STRUCTURE(HOUSE),5,0,0,0,9,6,15
ASSAM,2005,COLLAPSE OF STRUCTURE(BUILDING),6,0,0,0,5,1,6
ASSAM,2005,COLLAPSE OF STRUCTURE(DAM),2,0,0,0,1,1,2
ASSAM,2005,COLLAPSE OF STRUCTURE(BRIDGE),10,0,0,0,10,4,14
ASSAM,2005,COLLAPSE OF STRUCTURE(OTHERS),24,0,0,0,15,9,24
ASSAM,2005,DROWNING(BOAT CAPSIZE),6,0,0,0,8,0,8
ASSAM,2005,DROWNING(OTHER),191,4,0,4,152,48,200
ASSAM,2005,ELECTROCUTION,38,0,0,0,41,1,42
ASSAM,2005,EXPLOSION(BOMB EXPLOSION),4,0,0,0,4,0,4
ASSAM,2005,EXPLOSION(OTHER EXPLOSION LIKE BOILERS,,1,15,0,15,2,1,3
ASSAM,2005,FALLS(FALL FROM HEIGHT),13,0,0,0,11,2,13
ASSAM,2005,FALL INTO PIT/MANHOLE,0,0,0,0,0,0,0
ASSAM,2005,FACTORY/MACHINE ACCIDENTS,5,0,0,0,4,1,5
ASSAM,2005,FIRE(FIREWORKS/CRACKERS),0,0,0,0,0,0,0
ASSAM,2005,FIRE(SHORT-CIRCUIT),0,0,0,0,0,0,0
ASSAM,2005,GAS CYLINDER/STOVE BURST,4,0,0,0,0,4,4
ASSAM,2005,OTHER FIRE ACCIDENTS,62,0,0,0,24,41,65
ASSAM,2005,FIRE-ARMS,18,0,0,0,13,6,19
ASSAM,2005,SUDDEN DEATHS(HEART ATTACKS),36,0,0,0,31,5,36
ASSAM,2005,EPILEPTIC FITS/GIDDINESS,0,0,0,0,0,0,0
ASSAM,2005,ABORTIONS/CHILD BIRTH,4,0,0,0,0,4,4
ASSAM,2005,INFLUENCE OF ALCOHOL,3,0,0,0,3,0,3
ASSAM,2005,KILLED BY ANIMALS,58,0,0,0,42,16,58
ASSAM,2005,MINES OR QUARY DISASTER,0,0,0,0,0,0,0
ASSAM,2005,FOOD POISIONING/ACCIDENTAL INTAKE OF INSECTICIDES ETC.,11,42,22,64,7,2,9
ASSAM,2005,SPURIOUS/POISIONOUS LIQUOR,1,86,0,86,17,0,17
ASSAM,2005,LEAKAGE OF POISINOUS GASES ETC.,0,0,0,0,0,0,0
ASSAM,2005,SNAKE BITE/ANIMAL BITE,6,0,0,0,5,1,6
ASSAM,2005,OTHER,133,0,0,0,81,53,134
ASSAM,2005,STAMPEDE,0,0,0,0,0,0,0
ASSAM,2005,SUFFOCATION,1,0,0,0,1,0,1
ASSAM,2005,TRAFFIC ACCIDENTS(ROAD ACCIDENTS),3656,4033,1123,5156,1251,205,1456
ASSAM,2005,TRAFFIC ACCIDENTS(RAIL-ROAD ACCIDENTS),47,18,10,28,13,6,19
ASSAM,2005,OTHER RAILWAY ACCIDENTS,318,0,0,0,259,59,318
ASSAM,2005,OTHER,58,0,0,0,41,18,59
ASSAM,2005,CAUSES NOT KNOWN,286,0,0,0,235,64,299
ASSAM,2005,TOTAL,5007,4198,1155,5353,2285,558,2843
ASSAM,2005,TOTAL COLLAPSE,47,0,0,0,40,21,61
ASSAM,2005,TOTAL DROWNING,197,4,0,4,160,48,208
ASSAM,2005,TOTAL EXPLOSION,5,15,0,15,6,1,7
ASSAM,2005,TOTAL FALLS,13,0,0,0,11,2,13
ASSAM,2005,TOTAL FIRE,66,0,0,0,24,45,69
ASSAM,2005,TOTAL SUDDEN DEATHS,43,0,0,0,34,9,43
ASSAM,2005,TOTAL POISONING,151,128,22,150,110,56,166
ASSAM,2005,TOTAL TRAFFIC ACCIDENTS,4021,4051,1133,5184,1523,270,1793
ASSAM,2006,AIR-CRASH,0,0,0,0,0,0,0
ASSAM,2006,COLLAPSE OF STRUCTURE(HOUSE),1,0,0,0,1,0,1
ASSAM,2006,COLLAPSE OF STRUCTURE(BUILDING),2,0,0,0,1,1,2
ASSAM,2006,COLLAPSE OF STRUCTURE(DAM),0,0,0,0,0,0,0
ASSAM,2006,COLLAPSE OF STRUCTURE(BRIDGE),2,0,0,0,2,0,2
ASSAM,2006,COLLAPSE OF STRUCTURE(OTHERS),17,0,0,0,14,3,17
ASSAM,2006,DROWNING(BOAT CAPSIZE),9,0,0,0,9,0,9
ASSAM,2006,DROWNING(OTHER),319,6,0,6,230,92,322
ASSAM,2006,ELECTROCUTION,62,2,1,3,47,14,61
ASSAM,2006,EXPLOSION(BOMB EXPLOSION),3,5,0,5,2,0,2
ASSAM,2006,EXPLOSION(OTHER EXPLOSION LIKE BOIL,2,0,0,0,2,0,2
ASSAM,2006,FALLS(FALL FROM HEIGHT),16,0,0,0,14,3,17
ASSAM,2006,FALL INTO PIT/MANHOLE,11,0,0,0,8,3,11
ASSAM,2006,FACTORY/MACHINE ACCIDENTS,1,0,0,0,1,0,1
ASSAM,2006,FIRE(FIREWORKS/CRACKERS),0,0,0,0,0,0,0
ASSAM,2006,FIRE(SHORT-CIRCUIT),1,0,0,0,1,0,1
ASSAM,2006,GAS CYLINDER/STOVE BURST,15,0,0,0,1,16,17
ASSAM,2006,OTHER FIRE ACCIDENTS,58,0,0,0,19,40,59
ASSAM,2006,FIRE-ARMS,12,0,0,0,10,2,12
ASSAM,2006,SUDDEN DEATHS(HEART ATTACKS),36,1,0,1,28,7,35
ASSAM,2006,EPILEPTIC FITS/GIDDINESS,0,0,0,0,0,0,0
ASSAM,2006,ABORTIONS/CHILD BIRTH,1,0,0,0,0,1,1
ASSAM,2006,INFLUENCE OF ALCOHOL,4,1,0,1,3,0,3
ASSAM,2006,KILLED BY ANIMALS,67,11,7,18,54,15,69
ASSAM,2006,MINES OR QUARY DISASTER,0,0,0,0,0,0,0
ASSAM,2006,FOOD POISIONING/ACCIDENTAL INTAKE OF INSECTICIDES ETC.,17,0,0,0,7,10,17
ASSAM,2006,SPURIOUS/POISIONOUS LIQUOR,0,0,0,0,0,0,0
ASSAM,2006,LEAKAGE OF POISINOUS GASES ETC.,0,0,0,0,0,0,0
ASSAM,2006,SNAKE BITE/ANIMAL BITE,13,0,0,0,12,1,13
ASSAM,2006,OTHER,226,0,0,0,141,89,230
ASSAM,2006,STAMPEDE,0,0,0,0,0,0,0
ASSAM,2006,SUFFOCATION,0,0,0,0,0,0,0
ASSAM,2006,TRAFFIC ACCIDENTS(ROAD ACCIDENTS),4080,3658,910,4568,1389,351,1740
ASSAM,2006,TRAFFIC ACCIDENTS(RAIL-ROAD ACCIDENTS),90,0,0,0,73,18,91
ASSAM,2006,OTHER RAILWAY ACCIDENTS,450,0,0,0,391,64,455
ASSAM,2006,OTHER,78,0,0,0,64,22,86
ASSAM,2006,CAUSES NOT KNOWN,404,0,0,0,292,138,430
ASSAM,2006,TOTAL,5997,3684,918,4602,2816,890,3706
ASSAM,2006,TOTAL COLLAPSE,22,0,0,0,18,4,22
ASSAM,2006,TOTAL DROWNING,328,6,0,6,239,92,331
ASSAM,2006,TOTAL EXPLOSION,5,5,0,5,4,0,4
ASSAM,2006,TOTAL FALLS,27,0,0,0,22,6,28
ASSAM,2006,TOTAL FIRE,74,0,0,0,21,56,77
ASSAM,2006,TOTAL SUDDEN DEATHS,41,2,0,2,31,8,39
ASSAM,2006,TOTAL POISONING,256,0,0,0,160,100,260
ASSAM,2006,TOTAL TRAFFIC ACCIDENTS,4620,3658,910,4568,1853,433,2286
ASSAM,2007,AIR-CRASH,0,0,0,0,0,0,0
ASSAM,2007,COLLAPSE OF STRUCTURE(HOUSE),0,0,0,0,0,0,0
ASSAM,2007,COLLAPSE OF STRUCTURE(BUILDING),6,0,0,0,4,2,6
ASSAM,2007,COLLAPSE OF STRUCTURE(DAM),0,0,0,0,0,0,0
ASSAM,2007,COLLAPSE OF STRUCTURE(BRIDGE),8,0,0,0,5,3,8
ASSAM,2007,COLLAPSE OF STRUCTURE(OTHERS),8,0,0,0,5,3,8
ASSAM,2007,DROWNING(BOAT CAPSIZE),27,0,0,0,23,4,27
ASSAM,2007,DROWNING(OTHER),346,2,2,4,260,105,365
ASSAM,2007,ELECTROCUTION,42,0,0,0,37,5,42
ASSAM,2007,EXPLOSION(BOMB EXPLOSION),20,176,25,201,22,6,28
ASSAM,2007,EXPLOSION(OTHER EXPLOSION LIKE BOIL,5,56,4,60,8,1,9
ASSAM,2007,FALLS(FALL FROM HEIGHT),24,0,0,0,24,1,25
ASSAM,2007,FALL INTO PIT/MANHOLE,2,0,0,0,2,0,2
ASSAM,2007,FACTORY/MACHINE ACCIDENTS,4,0,0,0,3,1,4
ASSAM,2007,FIRE(FIREWORKS/CRACKERS),0,0,0,0,0,0,0
ASSAM,2007,FIRE(SHORT-CIRCUIT),2,0,0,0,2,0,2
ASSAM,2007,GAS CYLINDER/STOVE BURST,8,0,0,0,0,8,8
ASSAM,2007,OTHER FIRE ACCIDENTS,83,1,0,1,33,62,95
ASSAM,2007,FIRE-ARMS,13,0,0,0,13,0,13
ASSAM,2007,SUDDEN DEATHS(HEART ATTACKS),32,0,0,0,28,4,32
ASSAM,2007,EPILEPTIC FITS/GIDDINESS,0,0,0,0,0,0,0
ASSAM,2007,ABORTIONS/CHILD BIRTH,6,0,0,0,0,6,6
ASSAM,2007,INFLUENCE OF ALCOHOL,2,0,0,0,2,0,2
ASSAM,2007,KILLED BY ANIMALS,66,12,3,15,54,17,71
ASSAM,2007,MINES OR QUARY DISASTER,0,0,0,0,0,0,0
ASSAM,2007,FOOD POISIONING/ACCIDENTAL INTAKE OF INSECTICIDES ETC.,46,1,3,4,27,16,43
ASSAM,2007,SPURIOUS/POISIONOUS LIQUOR,2,0,1,1,4,0,4
ASSAM,2007,LEAKAGE OF POISINOUS GASES ETC.,0,0,0,0,0,0,0
ASSAM,2007,SNAKE BITE/ANIMAL BITE,10,0,2,2,7,3,10
ASSAM,2007,OTHER,203,0,0,0,120,88,208
ASSAM,2007,STAMPEDE,0,0,0,0,0,0,0
ASSAM,2007,SUFFOCATION,0,0,0,0,0,0,0
ASSAM,2007,TRAFFIC ACCIDENTS(ROAD ACCIDENTS),3995,4205,952,5157,1419,185,1604
ASSAM,2007,TRAFFIC ACCIDENTS(RAIL-ROAD ACCIDENTS),42,0,0,0,33,9,42
ASSAM,2007,OTHER RAILWAY ACCIDENTS,247,14,15,29,366,33,399
ASSAM,2007,OTHER,167,0,0,0,126,43,169
ASSAM,2007,CAUSES NOT KNOWN,413,7,3,10,323,91,414
ASSAM,2007,TOTAL,5829,4474,1010,5484,2950,696,3646
ASSAM,2007,TOTAL COLLAPSE,22,0,0,0,14,8,22
ASSAM,2007,TOTAL DROWNING,373,2,2,4,283,109,392
ASSAM,2007,TOTAL EXPLOSION,25,232,29,261,30,7,37
ASSAM,2007,TOTAL FALLS,26,0,0,0,26,1,27
ASSAM,2007,TOTAL FIRE,93,1,0,1,35,70,105
ASSAM,2007,TOTAL SUDDEN DEATHS,40,0,0,0,30,10,40
ASSAM,2007,TOTAL POISONING,261,1,6,7,158,107,265
ASSAM,2007,TOTAL TRAFFIC ACCIDENTS,4284,4219,967,5186,1818,227,2045
ASSAM,2008,AIR-CRASH,0,0,0,0,0,0,0
ASSAM,2008,COLLAPSE OF STRUCTURE(HOUSE),2,0,0,0,1,1,2
ASSAM,2008,COLLAPSE OF STRUCTURE(BUILDING),5,0,0,0,4,1,5
ASSAM,2008,COLLAPSE OF STRUCTURE(DAM),0,0,0,0,0,0,0
ASSAM,2008,COLLAPSE OF STRUCTURE(BRIDGE),8,0,0,0,6,2,8
ASSAM,2008,COLLAPSE OF STRUCTURE(OTHERS),17,0,0,0,13,4,17
ASSAM,2008,DROWNING(BOAT CAPSIZE),67,0,2,2,45,22,67
ASSAM,2008,DROWNING(OTHER),285,0,0,0,233,92,325
ASSAM,2008,ELECTROCUTION,46,0,0,0,38,8,46
ASSAM,2008,EXPLOSION(BOMB EXPLOSION),38,686,81,767,90,20,110
ASSAM,2008,EXPLOSION(OTHER EXPLOSION LIKE BOIL,3,41,6,47,2,0,2
ASSAM,2008,FALLS(FALL FROM HEIGHT),32,0,0,0,32,3,35
ASSAM,2008,FALL INTO PIT/MANHOLE,5,0,0,0,3,1,4
ASSAM,2008,FACTORY/MACHINE ACCIDENTS,8,0,0,0,7,1,8
ASSAM,2008,FIRE(FIREWORKS/CRACKERS),0,0,0,0,0,0,0
ASSAM,2008,FIRE(SHORT-CIRCUIT),8,0,0,0,14,3,17
ASSAM,2008,GAS CYLINDER/STOVE BURST,13,0,0,0,1,12,13
ASSAM,2008,OTHER FIRE ACCIDENTS,106,0,0,0,50,66,116
ASSAM,2008,FIRE-ARMS,16,0,0,0,15,1,16
ASSAM,2008,SUDDEN DEATHS(HEART ATTACKS),35,1,0,1,26,8,34
ASSAM,2008,EPILEPTIC FITS/GIDDINESS,0,0,0,0,0,0,0
ASSAM,2008,ABORTIONS/CHILD BIRTH,9,0,0,0,0,9,9
ASSAM,2008,INFLUENCE OF ALCOHOL,2,0,0,0,1,1,2
ASSAM,2008,KILLED BY ANIMALS,89,1,0,1,71,21,92
ASSAM,2008,MINES OR QUARY DISASTER,1,0,0,0,1,0,1
ASSAM,2008,FOOD POISIONING/ACCIDENTAL INTAKE OF INSECTICIDES ETC.,24,0,0,0,16,8,24
ASSAM,2008,SPURIOUS/POISIONOUS LIQUOR,2,0,0,0,1,1,2
ASSAM,2008,LEAKAGE OF POISINOUS GASES ETC.,1,0,0,0,8,0,8
ASSAM,2008,SNAKE BITE/ANIMAL BITE,8,0,0,0,7,1,8
ASSAM,2008,OTHER,180,0,0,0,115,69,184
ASSAM,2008,STAMPEDE,1,0,0,0,1,0,1
ASSAM,2008,SUFFOCATION,0,0,0,0,0,0,0
ASSAM,2008,TRAFFIC ACCIDENTS(ROAD ACCIDENTS),4262,3481,795,4276,1459,262,1721
ASSAM,2008,TRAFFIC ACCIDENTS(RAIL-ROAD ACCIDENTS),23,0,0,0,23,0,23
ASSAM,2008,OTHER RAILWAY ACCIDENTS,303,0,0,0,279,149,428
ASSAM,2008,OTHER,104,0,3,3,73,28,101
ASSAM,2008,CAUSES NOT KNOWN,431,2,1,3,327,106,433
ASSAM,2008,TOTAL,6134,4212,888,5100,2962,900,3862
ASSAM,2008,TOTAL COLLAPSE,32,0,0,0,24,8,32
ASSAM,2008,TOTAL DROWNING,352,0,2,2,278,114,392
ASSAM,2008,TOTAL EXPLOSION,41,727,87,814,92,20,112
ASSAM,2008,TOTAL FALLS,37,0,0,0,35,4,39
ASSAM,2008,TOTAL FIRE,127,0,0,0,65,81,146
ASSAM,2008,TOTAL SUDDEN DEATHS,46,1,0,1,27,18,45
ASSAM,2008,TOTAL POISONING,215,0,0,0,147,79,226
ASSAM,2008,TOTAL TRAFFIC ACCIDENTS,4588,3481,795,4276,1761,411,2172
ASSAM,2009,AIR-CRASH,0,0,0,0,0,0,0
ASSAM,2009,COLLAPSE OF STRUCTURE(HOUSE),0,0,0,0,0,0,0
ASSAM,2009,COLLAPSE OF STRUCTURE(BUILDING),0,0,0,0,0,0,0
ASSAM,2009,COLLAPSE OF STRUCTURE(DAM),0,0,0,0,0,0,0
ASSAM,2009,COLLAPSE OF STRUCTURE(BRIDGE),4,0,0,0,2,2,4
ASSAM,2009,COLLAPSE OF STRUCTURE(OTHERS),9,0,0,0,6,3,9
ASSAM,2009,DROWNING(BOAT CAPSIZE),23,0,0,0,21,4,25
ASSAM,2009,DROWNING(OTHER),255,0,0,0,222,58,280
ASSAM,2009,ELECTROCUTION,50,0,0,0,47,4,51
ASSAM,2009,EXPLOSION(BOMB EXPLOSION),12,213,44,257,30,2,32
ASSAM,2009,EXPLOSION(OTHER EXPLOSION LIKE BOIL,2,5,0,5,1,0,1
ASSAM,2009,FALLS(FALL FROM HEIGHT),27,0,0,0,26,1,27
ASSAM,2009,FALL INTO PIT/MANHOLE,1,0,0,0,0,1,1
ASSAM,2009,FACTORY/MACHINE ACCIDENTS,4,0,0,0,3,1,4
ASSAM,2009,FIRE(FIREWORKS/CRACKERS),0,0,0,0,0,0,0
ASSAM,2009,FIRE(SHORT-CIRCUIT),1,0,0,0,1,0,1
ASSAM,2009,GAS CYLINDER/STOVE BURST,9,0,0,0,2,7,9
ASSAM,2009,OTHER FIRE ACCIDENTS,96,0,0,0,29,67,96
ASSAM,2009,FIRE-ARMS,16,3,1,4,16,4,20
ASSAM,2009,SUDDEN DEATHS(HEART ATTACKS),19,0,0,0,16,3,19
ASSAM,2009,EPILEPTIC FITS/GIDDINESS,0,0,0,0,0,0,0
ASSAM,2009,ABORTIONS/CHILD BIRTH,8,0,0,0,0,8,8
ASSAM,2009,INFLUENCE OF ALCOHOL,3,0,0,0,8,0,8
ASSAM,2009,KILLED BY ANIMALS,74,1,0,1,62,16,78
ASSAM,2009,MINES OR QUARY DISASTER,0,0,0,0,0,0,0
ASSAM,2009,FOOD POISIONING/ACCIDENTAL INTAKE OF INSECTICIDES ETC.,15,8,4,12,10,5,15
ASSAM,2009,SPURIOUS/POISIONOUS LIQUOR,7,0,0,0,29,3,32
ASSAM,2009,LEAKAGE OF POISINOUS GASES ETC.,0,0,0,0,0,0,0
ASSAM,2009,SNAKE BITE/ANIMAL BITE,4,0,0,0,2,2,4
ASSAM,2009,OTHER,111,1,0,1,77,58,135
ASSAM,2009,STAMPEDE,0,0,0,0,0,0,0
ASSAM,2009,SUFFOCATION,0,0,0,0,0,0,0
ASSAM,2009,TRAFFIC ACCIDENTS(ROAD ACCIDENTS),4585,4105,718,4823,1709,274,1983
ASSAM,2009,TRAFFIC ACCIDENTS(RAIL-ROAD ACCIDENTS),91,0,0,0,83,8,91
ASSAM,2009,OTHER RAILWAY ACCIDENTS,425,0,0,0,377,48,425
ASSAM,2009,OTHER,68,5,3,8,43,17,60
ASSAM,2009,CAUSES NOT KNOWN,343,0,0,0,249,94,343
ASSAM,2009,TOTAL,6262,4341,770,5111,3071,690,3761
ASSAM,2009,TOTAL COLLAPSE,13,0,0,0,8,5,13
ASSAM,2009,TOTAL DROWNING,278,0,0,0,243,62,305
ASSAM,2009,TOTAL EXPLOSION,14,218,44,262,31,2,33
ASSAM,2009,TOTAL FALLS,28,0,0,0,26,2,28
ASSAM,2009,TOTAL FIRE,106,0,0,0,32,74,106
ASSAM,2009,TOTAL SUDDEN DEATHS,30,0,0,0,24,11,35
ASSAM,2009,TOTAL POISONING,137,9,4,13,118,68,186
ASSAM,2009,TOTAL TRAFFIC ACCIDENTS,5101,4105,718,4823,2169,330,2499
ASSAM,2010,AIR-CRASH,0,0,0,0,0,0,0
ASSAM,2010,COLLAPSE OF STRUCTURE(HOUSE),2,0,0,0,1,1,2
ASSAM,2010,COLLAPSE OF STRUCTURE(BUILDING),4,0,0,0,3,1,4
ASSAM,2010,COLLAPSE OF STRUCTURE(DAM),0,0,0,0,0,0,0
ASSAM,2010,COLLAPSE OF STRUCTURE(BRIDGE),6,0,0,0,3,3,6
ASSAM,2010,COLLAPSE OF STRUCTURE(OTHERS),15,1,1,2,15,2,17
ASSAM,2010,DROWNING(BOAT CAPSIZE),34,0,0,0,20,14,34
ASSAM,2010,DROWNING(OTHER),459,2,0,2,359,112,471
ASSAM,2010,ELECTROCUTION,84,0,0,0,74,10,84
ASSAM,2010,EXPLOSION(BOMB EXPLOSION),3,3,1,4,3,0,3
ASSAM,2010,EXPLOSION(OTHER EXPLOSION LIKE BOIL,1,1,0,1,0,0,0
ASSAM,2010,FALLS(FALL FROM HEIGHT),33,0,0,0,27,6,33
ASSAM,2010,FALL INTO PIT/MANHOLE,4,0,0,0,4,0,4
ASSAM,2010,FACTORY/MACHINE ACCIDENTS,3,0,0,0,3,0,3
ASSAM,2010,FIRE(FIREWORKS/CRACKERS),0,0,0,0,0,0,0
ASSAM,2010,FIRE(SHORT-CIRCUIT),12,0,0,0,9,3,12
ASSAM,2010,GAS CYLINDER/STOVE BURST,11,0,0,0,1,10,11
ASSAM,2010,OTHER FIRE ACCIDENTS,101,0,0,0,47,59,106
ASSAM,2010,FIRE-ARMS,12,0,0,0,13,0,13
ASSAM,2010,SUDDEN DEATHS(HEART ATTACKS),42,0,0,0,36,8,44
ASSAM,2010,EPILEPTIC FITS/GIDDINESS,4,0,0,0,3,0,3
ASSAM,2010,ABORTIONS/CHILD BIRTH,10,0,0,0,0,10,10
ASSAM,2010,INFLUENCE OF ALCOHOL,1,0,0,0,1,0,1
ASSAM,2010,KILLED BY ANIMALS,108,2,0,2,79,29,108
ASSAM,2010,MINES OR QUARY DISASTER,0,0,0,0,0,0,0
ASSAM,2010,FOOD POISIONING/ACCIDENTAL INTAKE OF INSECTICIDES ETC.,33,0,0,0,19,16,35
ASSAM,2010,SPURIOUS/POISIONOUS LIQUOR,3,1,0,1,3,0,3
ASSAM,2010,LEAKAGE OF POISINOUS GASES ETC.,0,0,0,0,0,0,0
ASSAM,2010,SNAKE BITE/ANIMAL BITE,5,0,0,0,4,1,5
ASSAM,2010,OTHER,191,0,0,0,125,77,202
ASSAM,2010,STAMPEDE,0,0,0,0,0,0,0
ASSAM,2010,SUFFOCATION,2,0,0,0,0,2,2
ASSAM,2010,TRAFFIC ACCIDENTS(ROAD ACCIDENTS),5485,4770,1034,5804,1720,310,2030
ASSAM,2010,TRAFFIC ACCIDENTS(RAIL-ROAD ACCIDENTS),27,2,1,3,24,3,27
ASSAM,2010,OTHER RAILWAY ACCIDENTS,441,5,1,6,377,64,441
ASSAM,2010,OTHER,161,0,0,0,119,43,162
ASSAM,2010,CAUSES NOT KNOWN,716,2,0,2,565,160,725
ASSAM,2010,TOTAL,8013,4789,1038,5827,3657,944,4601
ASSAM,2010,TOTAL COLLAPSE,27,1,1,2,22,7,29
ASSAM,2010,TOTAL DROWNING,493,2,0,2,379,126,505
ASSAM,2010,TOTAL EXPLOSION,4,4,1,5,3,0,3
ASSAM,2010,TOTAL FALLS,37,0,0,0,31,6,37
ASSAM,2010,TOTAL FIRE,124,0,0,0,57,72,129
ASSAM,2010,TOTAL SUDDEN DEATHS,57,0,0,0,40,18,58
ASSAM,2010,TOTAL POISONING,232,1,0,1,151,94,245
ASSAM,2010,TOTAL TRAFFIC ACCIDENTS,5953,4777,1036,5813,2121,377,2498
ASSAM,2011,AIR-CRASH,0,0,0,0,0,0,0
ASSAM,2011,COLLAPSE OF STRUCTURE(HOUSE),0,0,0,0,0,0,0
ASSAM,2011,COLLAPSE OF STRUCTURE(BUILDING),11,0,0,0,6,5,11
ASSAM,2011,COLLAPSE OF STRUCTURE(DAM),0,0,0,0,0,0,0
ASSAM,2011,COLLAPSE OF STRUCTURE(BRIDGE),12,0,0,0,6,6,12
ASSAM,2011,COLLAPSE OF STRUCTURE(OTHERS),10,0,0,0,10,0,10
ASSAM,2011,DROWNING(BOAT CAPSIZE),10,0,0,0,6,4,10
ASSAM,2011,DROWNING(OTHER),333,0,0,0,271,87,358
ASSAM,2011,ELECTROCUTION,98,0,0,0,90,9,99
ASSAM,2011,EXPLOSION(BOMB EXPLOSION),0,0,0,0,0,0,0
ASSAM,2011,EXPLOSION(OTHER EXPLOSION LIKE BOIL,0,0,0,0,0,0,0
ASSAM,2011,FALLS(FALL FROM HEIGHT),37,0,0,0,37,0,37
ASSAM,2011,FALL INTO PIT/MANHOLE,1,0,0,0,1,0,1
ASSAM,2011,FACTORY/MACHINE ACCIDENTS,10,0,0,0,10,0,10
ASSAM,2011,FIRE(FIREWORKS/CRACKERS),0,0,0,0,0,0,0
ASSAM,2011,FIRE(SHORT-CIRCUIT),9,0,0,0,9,0,9
ASSAM,2011,GAS CYLINDER/STOVE BURST,17,1,0,1,2,14,16
ASSAM,2011,OTHER FIRE ACCIDENTS,140,0,0,0,34,106,140
ASSAM,2011,FIRE-ARMS,16,2,0,2,18,1,19
ASSAM,2011,SUDDEN DEATHS(HEART ATTACKS),47,0,0,0,36,11,47
ASSAM,2011,EPILEPTIC FITS/GIDDINESS,0,0,0,0,0,0,0
ASSAM,2011,ABORTIONS/CHILD BIRTH,10,0,0,0,0,10,10
ASSAM,2011,INFLUENCE OF ALCOHOL,0,0,0,0,0,0,0
ASSAM,2011,KILLED BY ANIMALS,104,2,0,2,80,24,104
ASSAM,2011,MINES OR QUARY DISASTER,0,0,0,0,0,0,0
ASSAM,2011,FOOD POISIONING/ACCIDENTAL INTAKE OF INSECTICIDES ETC.,32,0,3,3,14,15,29
ASSAM,2011,SPURIOUS/POISIONOUS LIQUOR,0,0,0,0,0,0,0
ASSAM,2011,LEAKAGE OF POISINOUS GASES ETC.,1,0,0,0,1,0,1
ASSAM,2011,SNAKE BITE/ANIMAL BITE,7,0,0,0,6,1,7
ASSAM,2011,OTHER,100,0,0,0,56,45,101
ASSAM,2011,STAMPEDE,0,0,0,0,0,0,0
ASSAM,2011,SUFFOCATION,1,0,0,0,0,1,1
ASSAM,2011,TRAFFIC ACCIDENTS(ROAD ACCIDENTS),6569,5548,957,6505,2064,278,2342
ASSAM,2011,TRAFFIC ACCIDENTS(RAIL-ROAD ACCIDENTS),29,0,0,0,26,3,29
ASSAM,2011,OTHER RAILWAY ACCIDENTS,482,0,0,0,429,54,483
ASSAM,2011,OTHER,136,0,3,3,99,34,133
ASSAM,2011,CAUSES NOT KNOWN,758,6,0,6,563,191,754
ASSAM,2011,TOTAL,8980,5559,963,6522,3874,899,4773
ASSAM,2011,TOTAL COLLAPSE,33,0,0,0,22,11,33
ASSAM,2011,TOTAL DROWNING,343,0,0,0,277,91,368
ASSAM,2011,TOTAL EXPLOSION,0,0,0,0,0,0,0
ASSAM,2011,TOTAL FALLS,38,0,0,0,38,0,38
ASSAM,2011,TOTAL FIRE,166,1,0,1,45,120,165
ASSAM,2011,TOTAL SUDDEN DEATHS,57,0,0,0,36,21,57
ASSAM,2011,TOTAL POISONING,140,0,3,3,77,61,138
ASSAM,2011,TOTAL TRAFFIC ACCIDENTS,7080,5548,957,6505,2519,335,2854
ASSAM,2012,AIR-CRASH,0,0,0,0,0,0,0
ASSAM,2012,COLLAPSE OF STRUCTURE(HOUSE),0,0,0,0,0,0,0
ASSAM,2012,COLLAPSE OF STRUCTURE(BUILDING),4,0,0,0,4,0,4
ASSAM,2012,COLLAPSE OF STRUCTURE(DAM),0,0,0,0,0,0,0
ASSAM,2012,COLLAPSE OF STRUCTURE(BRIDGE),2,0,0,0,2,0,2
ASSAM,2012,COLLAPSE OF STRUCTURE(OTHERS),5,0,0,0,5,1,6
ASSAM,2012,DROWNING(BOAT CAPSIZE),75,6,3,9,68,7,75
ASSAM,2012,DROWNING(OTHER),384,0,0,0,303,85,388
ASSAM,2012,ELECTROCUTION,61,0,0,0,57,4,61
ASSAM,2012,EXPLOSION(BOMB EXPLOSION),13,21,2,23,4,1,5
ASSAM,2012,EXPLOSION(OTHER EXPLOSION LIKE BOIL,0,0,0,0,0,0,0
ASSAM,2012,FALLS(FALL FROM HEIGHT),17,0,0,0,18,0,18
ASSAM,2012,FALL INTO PIT/MANHOLE,2,0,0,0,1,1,2
ASSAM,2012,FACTORY/MACHINE ACCIDENTS,5,0,0,0,4,1,5
ASSAM,2012,FIRE(FIREWORKS/CRACKERS),0,0,0,0,0,0,0
ASSAM,2012,FIRE(SHORT-CIRCUIT),23,0,0,0,18,5,23
ASSAM,2012,GAS CYLINDER/STOVE BURST,15,0,0,0,2,14,16
ASSAM,2012,OTHER FIRE ACCIDENTS,132,0,0,0,47,87,134
ASSAM,2012,FIRE-ARMS,8,0,0,0,10,0,10
ASSAM,2012,SUDDEN DEATHS(HEART ATTACKS),37,0,0,0,28,9,37
ASSAM,2012,EPILEPTIC FITS/GIDDINESS,0,0,0,0,0,0,0
ASSAM,2012,ABORTIONS/CHILD BIRTH,11,0,0,0,0,11,11
ASSAM,2012,INFLUENCE OF ALCOHOL,0,0,0,0,0,0,0
ASSAM,2012,KILLED BY ANIMALS,73,4,1,5,59,14,73
ASSAM,2012,MINES OR QUARY DISASTER,0,0,0,0,0,0,0
ASSAM,2012,FOOD POISIONING/ACCIDENTAL INTAKE OF INSECTICIDES ETC.,11,0,0,0,9,2,11
ASSAM,2012,SPURIOUS/POISIONOUS LIQUOR,0,0,0,0,0,0,0
ASSAM,2012,LEAKAGE OF POISINOUS GASES ETC.,3,0,0,0,1,2,3
ASSAM,2012,SNAKE BITE/ANIMAL BITE,4,0,0,0,4,0,4
ASSAM,2012,OTHER,220,0,0,0,127,93,220
ASSAM,2012,STAMPEDE,0,0,0,0,0,0,0
ASSAM,2012,SUFFOCATION,0,0,0,0,0,0,0
ASSAM,2012,TRAFFIC ACCIDENTS(ROAD ACCIDENTS),6535,5923,786,6709,2073,218,2291
ASSAM,2012,TRAFFIC ACCIDENTS(RAIL-ROAD ACCIDENTS),29,3,0,3,21,8,29
ASSAM,2012,OTHER RAILWAY ACCIDENTS,500,0,0,0,433,68,501
ASSAM,2012,OTHER,22,0,0,0,18,4,22
ASSAM,2012,CAUSES NOT KNOWN,665,0,0,0,508,157,665
ASSAM,2012,TOTAL,8856,5957,792,6749,3824,792,4616
ASSAM,2012,TOTAL COLLAPSE,11,0,0,0,11,1,12
ASSAM,2012,TOTAL DROWNING,459,6,3,9,371,92,463
ASSAM,2012,TOTAL EXPLOSION,13,21,2,23,4,1,5
ASSAM,2012,TOTAL FALLS,19,0,0,0,19,1,20
ASSAM,2012,TOTAL FIRE,170,0,0,0,67,106,173
ASSAM,2012,TOTAL SUDDEN DEATHS,48,0,0,0,28,20,48
ASSAM,2012,TOTAL POISONING,238,0,0,0,141,97,238
ASSAM,2012,TOTAL TRAFFIC ACCIDENTS,7064,5926,786,6712,2527,294,2821
BIHAR,2001,AIR-CRASH,0,0,0,0,0,0,0
BIHAR,2001,COLLAPSE OF STRUCTURE(HOUSE),25,3,0,3,17,13,30
BIHAR,2001,COLLAPSE OF STRUCTURE(BUILDING),6,2,0,2,3,1,4
BIHAR,2001,COLLAPSE OF STRUCTURE(DAM),0,0,0,0,0,0,0
BIHAR,2001,COLLAPSE OF STRUCTURE(BRIDGE),0,0,0,0,0,0,0
BIHAR,2001,COLLAPSE OF STRUCTURE(OTHERS),31,2,0,2,31,13,44
BIHAR,2001,DROWNING(BOAT CAPSIZE),17,0,0,0,19,13,32
BIHAR,2001,DROWNING(OTHER),174,7,0,7,145,51,196
BIHAR,2001,ELECTROCUTION,61,6,0,6,51,5,56
BIHAR,2001,EXPLOSION(BOMB EXPLOSION),0,0,0,0,0,0,0
BIHAR,2001,EXPLOSION(OTHER EXPLOSION LIKE BOILERS,,5,0,0,0,3,2,5
BIHAR,2001,FALLS(FALL FROM HEIGHT),60,2,0,2,56,5,61
BIHAR,2001,FALL INTO PIT/MANHOLE,13,2,0,2,8,4,12
BIHAR,2001,FACTORY/MACHINE ACCIDENTS,16,1,0,1,14,1,15
BIHAR,2001,FIRE(FIREWORKS/CRACKERS),32,1,3,4,13,25,38
BIHAR,2001,FIRE(SHORT-CIRCUIT),15,2,0,2,14,1,15
BIHAR,2001,GAS CYLINDER/STOVE BURST,66,7,7,14,8,56,64
BIHAR,2001,OTHER FIRE ACCIDENTS,226,5,15,20,71,165,236
BIHAR,2001,FIRE-ARMS,3,0,0,0,3,0,3
BIHAR,2001,SUDDEN DEATHS(HEART ATTACKS),48,0,0,0,45,3,48
BIHAR,2001,EPILEPTIC FITS/GIDDINESS,18,0,0,0,11,7,18
BIHAR,2001,ABORTIONS/CHILD BIRTH,5,0,0,0,0,5,5
BIHAR,2001,INFLUENCE OF ALCOHOL,46,0,0,0,46,1,47
BIHAR,2001,KILLED BY ANIMALS,16,11,0,11,5,0,5
BIHAR,2001,MINES OR QUARY DISASTER,1,0,0,0,0,1,1
BIHAR,2001,FOOD POISIONING/ACCIDENTAL INTAKE OF INSECTICIDES ETC.,216,23,4,27,113,107,220
BIHAR,2001,SPURIOUS/POISIONOUS LIQUOR,32,3,0,3,22,8,30
BIHAR,2001,LEAKAGE OF POISINOUS GASES ETC.,15,1,0,1,7,8,15
BIHAR,2001,SNAKE BITE/ANIMAL BITE,58,1,3,4,40,18,58
BIHAR,2001,OTHER,245,7,11,18,162,104,266
BIHAR,2001,STAMPEDE,0,0,0,0,0,0,0
BIHAR,2001,SUFFOCATION,2,0,0,0,1,1,2
BIHAR,2001,TRAFFIC ACCIDENTS(ROAD ACCIDENTS),4334,2468,533,3001,1894,376,2270
BIHAR,2001,TRAFFIC ACCIDENTS(RAIL-ROAD ACCIDENTS),241,0,0,0,198,43,241
BIHAR,2001,OTHER RAILWAY ACCIDENTS,569,228,73,301,280,99,379
BIHAR,2001,OTHER,329,26,6,32,268,65,333
BIHAR,2001,CAUSES NOT KNOWN,97,11,9,20,56,29,85
BIHAR,2001,TOTAL,7022,2819,664,3483,3604,1230,4834
BIHAR,2001,TOTAL COLLAPSE,62,7,0,7,51,27,78
BIHAR,2001,TOTAL DROWNING,191,7,0,7,164,64,228
BIHAR,2001,TOTAL EXPLOSION,5,0,0,0,3,2,5
BIHAR,2001,TOTAL FALLS,73,4,0,4,64,9,73
BIHAR,2001,TOTAL FIRE,339,15,25,40,106,247,353
BIHAR,2001,TOTAL SUDDEN DEATHS,117,0,0,0,102,16,118
BIHAR,2001,TOTAL POISONING,566,35,18,53,344,245,589
BIHAR,2001,TOTAL TRAFFIC ACCIDENTS,5144,2696,606,3302,2372,518,2890
BIHAR,2002,AIR-CRASH,0,0,0,0,0,0,0
BIHAR,2002,COLLAPSE OF STRUCTURE(HOUSE),45,13,5,18,19,22,41
BIHAR,2002,COLLAPSE OF STRUCTURE(BUILDING),2,1,0,1,1,1,2
BIHAR,2002,COLLAPSE OF STRUCTURE(DAM),7,0,0,0,0,7,7
BIHAR,2002,COLLAPSE OF STRUCTURE(BRIDGE),3,0,2,2,1,2,3
BIHAR,2002,COLLAPSE OF STRUCTURE(OTHERS),52,4,2,6,40,15,55
BIHAR,2002,DROWNING(BOAT CAPSIZE),65,1,0,1,74,26,100
BIHAR,2002,DROWNING(OTHER),205,9,4,13,166,50,216
BIHAR,2002,ELECTROCUTION,39,6,1,7,34,6,40
BIHAR,2002,EXPLOSION(BOMB EXPLOSION),1,1,0,1,1,0,1
BIHAR,2002,EXPLOSION(OTHER EXPLOSION LIKE BOILERS, GAS CYLINDER ETC.),12,0,0,0,2,9,11
BIHAR,2002,FALLS(FALL FROM HEIGHT),52,5,4,9,46,2,48
BIHAR,2002,FALL INTO PIT/MANHOLE,17,1,1,2,13,4,17
BIHAR,2002,FACTORY/MACHINE ACCIDENTS,62,36,1,37,14,6,20
BIHAR,2002,FIRE(FIREWORKS/CRACKERS),39,15,3,18,19,15,34
BIHAR,2002,FIRE(SHORT-CIRCUIT),37,0,1,1,23,15,38
BIHAR,2002,GAS CYLINDER/STOVE BURST,93,3,6,9,16,82,98
BIHAR,2002,OTHER FIRE ACCIDENTS,195,6,13,19,42,153,195
BIHAR,2002,FIRE-ARMS,9,3,0,3,4,3,7
BIHAR,2002,SUDDEN DEATHS(HEART ATTACKS),56,9,6,15,33,15,48
BIHAR,2002,EPILEPTIC FITS/GIDDINESS,17,1,0,1,11,5,16
BIHAR,2002,ABORTIONS/CHILD BIRTH,1,0,0,0,0,1,1
BIHAR,2002,INFLUENCE OF ALCOHOL,35,0,0,0,34,1,35
BIHAR,2002,KILLED BY ANIMALS,6,0,0,0,6,0,6
BIHAR,2002,MINES OR QUARY DISASTER,1,0,0,0,1,1,2
BIHAR,2002,FOOD POISIONING/ACCIDENTAL INTAKE OF INSECTICIDES ETC.,218,3,0,3,144,92,236
BIHAR,2002,SPURIOUS/POISIONOUS LIQUOR,40,2,3,5,31,17,48
BIHAR,2002,LEAKAGE OF POISINOUS GASES ETC.,5,0,0,0,4,1,5
BIHAR,2002,SNAKE BITE/ANIMAL BITE,55,2,1,3,23,29,52
BIHAR,2002,OTHER,167,14,5,19,112,46,158
BIHAR,2002,STAMPEDE,0,0,0,0,0,0,0
BIHAR,2002,SUFFOCATION,4,0,0,0,3,1,4
BIHAR,2002,TRAFFIC ACCIDENTS(ROAD ACCIDENTS),4372,2900,597,3497,1801,343,2144
BIHAR,2002,TRAFFIC ACCIDENTS(RAIL-ROAD ACCIDENTS),273,115,65,180,291,87,378
BIHAR,2002,OTHER RAILWAY ACCIDENTS,600,2,0,2,519,82,601
BIHAR,2002,OTHER,275,32,2,34,173,73,246
BIHAR,2002,CAUSES NOT KNOWN,146,3,0,3,109,35,144
BIHAR,2002,TOTAL,7206,3187,722,3909,3810,1247,5057
BIHAR,2002,TOTAL COLLAPSE,109,18,9,27,61,47,108
BIHAR,2002,TOTAL DROWNING,270,10,4,14,240,76,316
BIHAR,2002,TOTAL EXPLOSION,13,1,0,1,3,9,12
BIHAR,2002,TOTAL FALLS,69,6,5,11,59,6,65
BIHAR,2002,TOTAL FIRE,364,24,23,47,100,265,365
BIHAR,2002,TOTAL SUDDEN DEATHS,109,10,6,16,78,22,100
BIHAR,2002,TOTAL POISONING,485,21,9,30,314,185,499
BIHAR,2002,TOTAL TRAFFIC ACCIDENTS,5245,3017,662,3679,2611,512,3123
BIHAR,2003,AIR-CRASH,0,0,0,0,0,0,0
BIHAR,2003,COLLAPSE OF STRUCTURE(HOUSE),32,5,4,9,20,30,50
BIHAR,2003,COLLAPSE OF STRUCTURE(BUILDING),10,3,2,5,9,1,10
BIHAR,2003,COLLAPSE OF STRUCTURE(DAM),2,3,1,4,2,0,2
BIHAR,2003,COLLAPSE OF STRUCTURE(BRIDGE),5,0,0,0,8,3,11
BIHAR,2003,COLLAPSE OF STRUCTURE(OTHERS),50,1,0,1,41,12,53
BIHAR,2003,DROWNING(BOAT CAPSIZE),83,0,0,0,105,42,147
BIHAR,2003,DROWNING(OTHER),153,17,2,19,125,48,173
BIHAR,2003,ELECTROCUTION,107,19,6,25,84,25,109
BIHAR,2003,EXPLOSION(BOMB EXPLOSION),10,2,0,2,3,2,5
BIHAR,2003,EXPLOSION(OTHER EXPLOSION LIKE BOILERS,,17,4,2,6,2,8,10
BIHAR,2003,FALLS(FALL FROM HEIGHT),45,4,2,6,38,10,48
BIHAR,2003,FALL INTO PIT/MANHOLE,9,1,0,1,7,3,10
BIHAR,2003,FACTORY/MACHINE ACCIDENTS,65,38,0,38,16,7,23
BIHAR,2003,FIRE(FIREWORKS/CRACKERS),33,0,0,0,21,22,43
BIHAR,2003,FIRE(SHORT-CIRCUIT),42,0,0,0,20,22,42
BIHAR,2003,GAS CYLINDER/STOVE BURST,62,0,3,3,19,56,75
BIHAR,2003,OTHER FIRE ACCIDENTS,231,6,9,15,68,185,253
BIHAR,2003,FIRE-ARMS,28,0,0,0,14,15,29
BIHAR,2003,SUDDEN DEATHS(HEART ATTACKS),50,0,0,0,44,8,52
BIHAR,2003,EPILEPTIC FITS/GIDDINESS,6,1,0,1,4,2,6
BIHAR,2003,ABORTIONS/CHILD BIRTH,2,0,0,0,0,2,2
BIHAR,2003,INFLUENCE OF ALCOHOL,44,1,0,1,43,0,43
BIHAR,2003,KILLED BY ANIMALS,4,0,1,1,2,2,4
BIHAR,2003,MINES OR QUARY DISASTER,12,0,0,0,5,7,12
BIHAR,2003,FOOD POISIONING/ACCIDENTAL INTAKE OF INSECTICIDES ETC.,209,12,5,17,125,100,225
BIHAR,2003,SPURIOUS/POISIONOUS LIQUOR,68,8,0,8,53,23,76
BIHAR,2003,LEAKAGE OF POISINOUS GASES ETC.,3,0,0,0,3,0,3
BIHAR,2003,SNAKE BITE/ANIMAL BITE,37,2,0,2,25,13,38
BIHAR,2003,OTHER,119,0,1,1,79,40,119
BIHAR,2003,STAMPEDE,7,2,0,2,5,0,5
BIHAR,2003,SUFFOCATION,8,0,0,0,7,3,10
BIHAR,2003,TRAFFIC ACCIDENTS(ROAD ACCIDENTS),3902,2268,554,2822,1859,334,2193
BIHAR,2003,TRAFFIC ACCIDENTS(RAIL-ROAD ACCIDENTS),1,0,1,1,0,1,1
BIHAR,2003,OTHER RAILWAY ACCIDENTS,803,21,6,27,656,148,804
BIHAR,2003,OTHER,336,9,3,12,233,90,323
BIHAR,2003,CAUSES NOT KNOWN,128,7,1,8,101,35,136
BIHAR,2003,TOTAL,6723,2434,603,3037,3846,1299,5145
BIHAR,2003,TOTAL COLLAPSE,99,12,7,19,80,46,126
BIHAR,2003,TOTAL DROWNING,236,17,2,19,230,90,320
BIHAR,2003,TOTAL EXPLOSION,27,6,2,8,5,10,15
BIHAR,2003,TOTAL FALLS,54,5,2,7,45,13,58
BIHAR,2003,TOTAL FIRE,368,6,12,18,128,285,413
BIHAR,2003,TOTAL SUDDEN DEATHS,102,2,0,2,91,12,103
BIHAR,2003,TOTAL POISONING,436,22,6,28,285,176,461
BIHAR,2003,TOTAL TRAFFIC ACCIDENTS,4706,2289,561,2850,2515,483,2998
BIHAR,2004,AIR-CRASH,0,0,0,0,0,0,0
BIHAR,2004,COLLAPSE OF STRUCTURE(HOUSE),41,3,2,5,22,22,44
BIHAR,2004,COLLAPSE OF STRUCTURE(BUILDING),6,6,0,6,10,3,13
BIHAR,2004,COLLAPSE OF STRUCTURE(DAM),3,0,0,0,2,0,2
BIHAR,2004,COLLAPSE OF STRUCTURE(BRIDGE),1,0,0,0,1,0,1
BIHAR,2004,COLLAPSE OF STRUCTURE(OTHERS),68,30,14,44,48,20,68
BIHAR,2004,DROWNING(BOAT CAPSIZE),49,1,1,2,35,43,78
BIHAR,2004,DROWNING(OTHER),197,9,5,14,154,59,213
BIHAR,2004,ELECTROCUTION,101,3,2,5,78,26,104
BIHAR,2004,EXPLOSION(BOMB EXPLOSION),14,8,3,11,6,1,7
BIHAR,2004,EXPLOSION(OTHER EXPLOSION LIKE BOILERS,,13,6,5,11,5,4,9
BIHAR,2004,FALLS(FALL FROM HEIGHT),60,7,4,11,36,22,58
BIHAR,2004,FALL INTO PIT/MANHOLE,9,1,0,1,9,0,9
BIHAR,2004,FACTORY/MACHINE ACCIDENTS,12,1,0,1,8,3,11
BIHAR,2004,FIRE(FIREWORKS/CRACKERS),22,0,0,0,6,16,22
BIHAR,2004,FIRE(SHORT-CIRCUIT),11,0,0,0,8,4,12
BIHAR,2004,GAS CYLINDER/STOVE BURST,88,4,1,5,18,62,80
BIHAR,2004,OTHER FIRE ACCIDENTS,220,14,19,33,84,122,206
BIHAR,2004,FIRE-ARMS,7,0,0,0,3,4,7
BIHAR,2004,SUDDEN DEATHS(HEART ATTACKS),78,7,15,22,43,17,60
BIHAR,2004,EPILEPTIC FITS/GIDDINESS,15,0,0,0,11,4,15
BIHAR,2004,ABORTIONS/CHILD BIRTH,3,0,0,0,0,3,3
BIHAR,2004,INFLUENCE OF ALCOHOL,33,2,0,2,30,1,31
BIHAR,2004,KILLED BY ANIMALS,8,0,0,0,7,1,8
BIHAR,2004,MINES OR QUARY DISASTER,9,0,0,0,3,6,9
BIHAR,2004,FOOD POISIONING/ACCIDENTAL INTAKE OF INSECTICIDES ETC.,145,5,1,6,87,63,150
BIHAR,2004,SPURIOUS/POISIONOUS LIQUOR,85,7,16,23,50,50,100
BIHAR,2004,LEAKAGE OF POISINOUS GASES ETC.,106,0,35,35,48,23,71
BIHAR,2004,SNAKE BITE/ANIMAL BITE,62,5,3,8,39,22,61
BIHAR,2004,OTHER,108,16,8,24,62,48,110
BIHAR,2004,STAMPEDE,0,0,0,0,0,0,0
BIHAR,2004,SUFFOCATION,6,0,0,0,4,2,6
BIHAR,2004,TRAFFIC ACCIDENTS(ROAD ACCIDENTS),3890,2261,546,2807,1660,439,2099
BIHAR,2004,TRAFFIC ACCIDENTS(RAIL-ROAD ACCIDENTS),111,0,0,0,100,18,118
BIHAR,2004,OTHER RAILWAY ACCIDENTS,752,4,3,7,673,125,798
BIHAR,2004,OTHER,195,20,9,29,136,40,176
BIHAR,2004,CAUSES NOT KNOWN,118,1,10,11,85,23,108
BIHAR,2004,TOTAL,6646,2421,702,3123,3571,1296,4867
BIHAR,2004,TOTAL COLLAPSE,119,39,16,55,83,45,128
BIHAR,2004,TOTAL DROWNING,246,10,6,16,189,102,291
BIHAR,2004,TOTAL EXPLOSION,27,14,8,22,11,5,16
BIHAR,2004,TOTAL FALLS,69,8,4,12,45,22,67
BIHAR,2004,TOTAL FIRE,341,18,20,38,116,204,320
BIHAR,2004,TOTAL SUDDEN DEATHS,129,9,15,24,84,25,109
BIHAR,2004,TOTAL POISONING,506,33,63,96,286,206,492
BIHAR,2004,TOTAL TRAFFIC ACCIDENTS,4753,2265,549,2814,2433,582,3015
BIHAR,2005,AIR-CRASH,0,0,0,0,0,0,0
BIHAR,2005,COLLAPSE OF STRUCTURE(HOUSE),18,3,0,3,12,10,22
BIHAR,2005,COLLAPSE OF STRUCTURE(BUILDING),6,0,0,0,3,3,6
BIHAR,2005,COLLAPSE OF STRUCTURE(DAM),2,1,0,1,2,1,3
BIHAR,2005,COLLAPSE OF STRUCTURE(BRIDGE),2,3,0,3,1,0,1
BIHAR,2005,COLLAPSE OF STRUCTURE(OTHERS),19,7,4,11,12,7,19
BIHAR,2005,DROWNING(BOAT CAPSIZE),50,18,3,21,51,17,68
BIHAR,2005,DROWNING(OTHER),137,12,0,12,96,45,141
BIHAR,2005,ELECTROCUTION,51,5,0,5,46,7,53
BIHAR,2005,EXPLOSION(BOMB EXPLOSION),18,8,1,9,12,5,17
BIHAR,2005,EXPLOSION(OTHER EXPLOSION LIKE BOILERS,,36,19,5,24,15,15,30
BIHAR,2005,FALLS(FALL FROM HEIGHT),31,7,1,8,28,5,33
BIHAR,2005,FALL INTO PIT/MANHOLE,13,2,0,2,8,5,13
BIHAR,2005,FACTORY/MACHINE ACCIDENTS,3,0,0,0,3,0,3
BIHAR,2005,FIRE(FIREWORKS/CRACKERS),9,0,5,5,1,9,10
BIHAR,2005,FIRE(SHORT-CIRCUIT),8,1,2,3,3,4,7
BIHAR,2005,GAS CYLINDER/STOVE BURST,60,3,13,16,9,48,57
BIHAR,2005,OTHER FIRE ACCIDENTS,186,22,7,29,45,142,187
BIHAR,2005,FIRE-ARMS,16,2,4,6,7,6,13
BIHAR,2005,SUDDEN DEATHS(HEART ATTACKS),82,8,7,15,52,16,68
BIHAR,2005,EPILEPTIC FITS/GIDDINESS,15,1,0,1,8,6,14
BIHAR,2005,ABORTIONS/CHILD BIRTH,5,0,1,1,0,5,5
BIHAR,2005,INFLUENCE OF ALCOHOL,25,2,0,2,23,3,26
BIHAR,2005,KILLED BY ANIMALS,12,1,0,1,8,3,11
BIHAR,2005,MINES OR QUARY DISASTER,0,0,0,0,0,0,0
BIHAR,2005,FOOD POISIONING/ACCIDENTAL INTAKE OF INSECTICIDES ETC.,111,11,6,17,68,44,112
BIHAR,2005,SPURIOUS/POISIONOUS LIQUOR,76,11,2,13,36,41,77
BIHAR,2005,LEAKAGE OF POISINOUS GASES ETC.,7,1,0,1,6,0,6
BIHAR,2005,SNAKE BITE/ANIMAL BITE,35,2,1,3,16,23,39
BIHAR,2005,OTHER,86,6,2,8,65,46,111
BIHAR,2005,STAMPEDE,3,0,0,0,3,0,3
BIHAR,2005,SUFFOCATION,3,0,0,0,3,0,3
BIHAR,2005,TRAFFIC ACCIDENTS(ROAD ACCIDENTS),3746,1955,434,2389,1784,364,2148
BIHAR,2005,TRAFFIC ACCIDENTS(RAIL-ROAD ACCIDENTS),189,0,0,0,154,40,194
BIHAR,2005,OTHER RAILWAY ACCIDENTS,766,3,0,3,644,124,768
BIHAR,2005,OTHER,281,6,2,8,212,68,280
BIHAR,2005,CAUSES NOT KNOWN,44,1,0,1,36,13,49
BIHAR,2005,TOTAL,6151,2121,500,2621,3472,1125,4597
BIHAR,2005,TOTAL COLLAPSE,47,14,4,18,30,21,51
BIHAR,2005,TOTAL DROWNING,187,30,3,33,147,62,209
BIHAR,2005,TOTAL EXPLOSION,54,27,6,33,27,20,47
BIHAR,2005,TOTAL FALLS,44,9,1,10,36,10,46
BIHAR,2005,TOTAL FIRE,263,26,27,53,58,203,261
BIHAR,2005,TOTAL SUDDEN DEATHS,127,11,8,19,83,30,113
BIHAR,2005,TOTAL POISONING,315,31,11,42,191,154,345
BIHAR,2005,TOTAL TRAFFIC ACCIDENTS,4701,1958,434,2392,2582,528,3110
BIHAR,2006,AIR-CRASH,0,0,0,0,0,0,0
BIHAR,2006,COLLAPSE OF STRUCTURE(HOUSE),15,6,3,9,16,16,32
BIHAR,2006,COLLAPSE OF STRUCTURE(BUILDING),12,1,3,4,3,12,15
BIHAR,2006,COLLAPSE OF STRUCTURE(DAM),7,0,0,0,5,2,7
BIHAR,2006,COLLAPSE OF STRUCTURE(BRIDGE),10,0,0,0,9,1,10
BIHAR,2006,COLLAPSE OF STRUCTURE(OTHERS),9,3,1,4,6,3,9
BIHAR,2006,DROWNING(BOAT CAPSIZE),41,7,2,9,36,23,59
BIHAR,2006,DROWNING(OTHER),201,24,3,27,162,65,227
BIHAR,2006,ELECTROCUTION,115,13,11,24,98,38,136
BIHAR,2006,EXPLOSION(BOMB EXPLOSION),16,7,5,12,3,3,6
BIHAR,2006,EXPLOSION(OTHER EXPLOSION LIKE BOIL,28,20,3,23,5,20,25
BIHAR,2006,FALLS(FALL FROM HEIGHT),75,15,0,15,69,10,79
BIHAR,2006,FALL INTO PIT/MANHOLE,5,1,0,1,4,1,5
BIHAR,2006,FACTORY/MACHINE ACCIDENTS,6,1,0,1,4,2,6
BIHAR,2006,FIRE(FIREWORKS/CRACKERS),16,5,0,5,6,10,16
BIHAR,2006,FIRE(SHORT-CIRCUIT),14,1,0,1,9,4,13
BIHAR,2006,GAS CYLINDER/STOVE BURST,83,10,14,24,17,56,73
BIHAR,2006,OTHER FIRE ACCIDENTS,260,43,22,65,93,166,259
BIHAR,2006,FIRE-ARMS,13,9,0,9,9,5,14
BIHAR,2006,SUDDEN DEATHS(HEART ATTACKS),97,9,6,15,55,28,83
BIHAR,2006,EPILEPTIC FITS/GIDDINESS,13,1,0,1,8,4,12
BIHAR,2006,ABORTIONS/CHILD BIRTH,3,0,0,0,0,3,3
BIHAR,2006,INFLUENCE OF ALCOHOL,32,2,0,2,29,1,30
BIHAR,2006,KILLED BY ANIMALS,14,2,0,2,13,2,15
BIHAR,2006,MINES OR QUARY DISASTER,3,0,0,0,3,0,3
BIHAR,2006,FOOD POISIONING/ACCIDENTAL INTAKE OF INSECTICIDES ETC.,195,8,0,8,116,86,202
BIHAR,2006,SPURIOUS/POISIONOUS LIQUOR,51,5,2,7,29,23,52
BIHAR,2006,LEAKAGE OF POISINOUS GASES ETC.,9,3,1,4,3,4,7
BIHAR,2006,SNAKE BITE/ANIMAL BITE,37,3,4,7,23,10,33
BIHAR,2006,OTHER,163,2,0,2,91,86,177
BIHAR,2006,STAMPEDE,0,0,0,0,0,0,0
BIHAR,2006,SUFFOCATION,5,0,1,1,5,1,6
BIHAR,2006,TRAFFIC ACCIDENTS(ROAD ACCIDENTS),4382,2244,564,2808,1852,379,2231
BIHAR,2006,TRAFFIC ACCIDENTS(RAIL-ROAD ACCIDENTS),187,0,0,0,159,42,201
BIHAR,2006,OTHER RAILWAY ACCIDENTS,1230,2,0,2,951,283,1234
BIHAR,2006,OTHER,250,5,1,6,195,63,258
BIHAR,2006,CAUSES NOT KNOWN,92,0,0,0,50,42,92
BIHAR,2006,TOTAL,7689,2452,646,3098,4136,1494,5630
BIHAR,2006,TOTAL COLLAPSE,53,10,7,17,39,34,73
BIHAR,2006,TOTAL DROWNING,242,31,5,36,198,88,286
BIHAR,2006,TOTAL EXPLOSION,44,27,8,35,8,23,31
BIHAR,2006,TOTAL FALLS,80,16,0,16,73,11,84
BIHAR,2006,TOTAL FIRE,373,59,36,95,125,236,361
BIHAR,2006,TOTAL SUDDEN DEATHS,145,12,6,18,92,36,128
BIHAR,2006,TOTAL POISONING,455,21,7,28,262,209,471
BIHAR,2006,TOTAL TRAFFIC ACCIDENTS,5799,2246,564,2810,2962,704,3666
BIHAR,2007,AIR-CRASH,0,0,0,0,0,0,0
BIHAR,2007,COLLAPSE OF STRUCTURE(HOUSE),35,11,12,23,21,23,44
BIHAR,2007,COLLAPSE OF STRUCTURE(BUILDING),5,2,1,3,3,0,3
BIHAR,2007,COLLAPSE OF STRUCTURE(DAM),6,0,0,0,2,4,6
BIHAR,2007,COLLAPSE OF STRUCTURE(BRIDGE),0,0,0,0,0,0,0
BIHAR,2007,COLLAPSE OF STRUCTURE(OTHERS),63,13,9,22,32,12,44
BIHAR,2007,DROWNING(BOAT CAPSIZE),126,11,4,15,140,63,203
BIHAR,2007,DROWNING(OTHER),289,36,11,47,221,90,311
BIHAR,2007,ELECTROCUTION,117,9,2,11,82,15,97
BIHAR,2007,EXPLOSION(BOMB EXPLOSION),6,0,0,0,3,3,6
BIHAR,2007,EXPLOSION(OTHER EXPLOSION LIKE BOIL,22,7,5,12,9,10,19
BIHAR,2007,FALLS(FALL FROM HEIGHT),73,5,0,5,52,16,68
BIHAR,2007,FALL INTO PIT/MANHOLE,16,1,4,5,6,5,11
BIHAR,2007,FACTORY/MACHINE ACCIDENTS,9,4,1,5,6,2,8
BIHAR,2007,FIRE(FIREWORKS/CRACKERS),18,6,11,17,8,20,28
BIHAR,2007,FIRE(SHORT-CIRCUIT),24,13,2,15,3,7,10
BIHAR,2007,GAS CYLINDER/STOVE BURST,102,15,27,42,32,79,111
BIHAR,2007,OTHER FIRE ACCIDENTS,252,4,9,13,80,161,241
BIHAR,2007,FIRE-ARMS,37,4,4,8,20,14,34
BIHAR,2007,SUDDEN DEATHS(HEART ATTACKS),76,11,9,20,50,20,70
BIHAR,2007,EPILEPTIC FITS/GIDDINESS,18,0,0,0,10,4,14
BIHAR,2007,ABORTIONS/CHILD BIRTH,5,0,0,0,0,5,5
BIHAR,2007,INFLUENCE OF ALCOHOL,61,2,1,3,62,2,64
BIHAR,2007,KILLED BY ANIMALS,13,5,3,8,7,1,8
BIHAR,2007,MINES OR QUARY DISASTER,1,0,0,0,1,0,1
BIHAR,2007,FOOD POISIONING/ACCIDENTAL INTAKE OF INSECTICIDES ETC.,339,8,6,14,180,167,347
BIHAR,2007,SPURIOUS/POISIONOUS LIQUOR,62,7,0,7,41,27,68
BIHAR,2007,LEAKAGE OF POISINOUS GASES ETC.,12,1,0,1,7,6,13
BIHAR,2007,SNAKE BITE/ANIMAL BITE,75,7,2,9,40,32,72
BIHAR,2007,OTHER,271,35,25,60,163,83,246
BIHAR,2007,STAMPEDE,2,0,0,0,1,1,2
BIHAR,2007,SUFFOCATION,20,1,0,1,10,13,23
BIHAR,2007,TRAFFIC ACCIDENTS(ROAD ACCIDENTS),5631,2660,719,3379,2203,601,2804
BIHAR,2007,TRAFFIC ACCIDENTS(RAIL-ROAD ACCIDENTS),6,6,0,6,5,1,6
BIHAR,2007,OTHER RAILWAY ACCIDENTS,1319,63,16,79,1104,216,1320
BIHAR,2007,OTHER,326,6,10,16,248,106,354
BIHAR,2007,CAUSES NOT KNOWN,176,2,0,2,115,65,180
BIHAR,2007,TOTAL,9613,2955,893,3848,4967,1874,6841
BIHAR,2007,TOTAL COLLAPSE,109,26,22,48,58,39,97
BIHAR,2007,TOTAL DROWNING,415,47,15,62,361,153,514
BIHAR,2007,TOTAL EXPLOSION,28,7,5,12,12,13,25
BIHAR,2007,TOTAL FALLS,89,6,4,10,58,21,79
BIHAR,2007,TOTAL FIRE,396,38,49,87,123,267,390
BIHAR,2007,TOTAL SUDDEN DEATHS,160,13,10,23,122,31,153
BIHAR,2007,TOTAL POISONING,759,58,33,91,431,315,746
BIHAR,2007,TOTAL TRAFFIC ACCIDENTS,6956,2729,735,3464,3312,818,4130
BIHAR,2008,AIR-CRASH,0,0,0,0,0,0,0
BIHAR,2008,COLLAPSE OF STRUCTURE(HOUSE),41,5,1,6,29,18,47
BIHAR,2008,COLLAPSE OF STRUCTURE(BUILDING),12,1,4,5,7,2,9
BIHAR,2008,COLLAPSE OF STRUCTURE(DAM),1,0,0,0,0,1,1
BIHAR,2008,COLLAPSE OF STRUCTURE(BRIDGE),10,3,0,3,6,5,11
BIHAR,2008,COLLAPSE OF STRUCTURE(OTHERS),76,23,14,37,38,17,55
BIHAR,2008,DROWNING(BOAT CAPSIZE),55,7,1,8,45,17,62
BIHAR,2008,DROWNING(OTHER),304,13,7,20,240,70,310
BIHAR,2008,ELECTROCUTION,94,3,0,3,90,12,102
BIHAR,2008,EXPLOSION(BOMB EXPLOSION),7,0,0,0,6,1,7
BIHAR,2008,EXPLOSION(OTHER EXPLOSION LIKE BOIL,16,3,4,7,9,11,20
BIHAR,2008,FALLS(FALL FROM HEIGHT),107,7,0,7,80,24,104
BIHAR,2008,FALL INTO PIT/MANHOLE,31,3,2,5,22,8,30
BIHAR,2008,FACTORY/MACHINE ACCIDENTS,16,3,1,4,9,6,15
BIHAR,2008,FIRE(FIREWORKS/CRACKERS),38,5,2,7,12,23,35
BIHAR,2008,FIRE(SHORT-CIRCUIT),17,1,0,1,15,2,17
BIHAR,2008,GAS CYLINDER/STOVE BURST,112,2,9,11,25,88,113
BIHAR,2008,OTHER FIRE ACCIDENTS,369,34,39,73,133,251,384
BIHAR,2008,FIRE-ARMS,29,2,1,3,20,15,35
BIHAR,2008,SUDDEN DEATHS(HEART ATTACKS),61,8,1,9,55,6,61
BIHAR,2008,EPILEPTIC FITS/GIDDINESS,37,3,1,4,32,8,40
BIHAR,2008,ABORTIONS/CHILD BIRTH,7,0,0,0,0,7,7
BIHAR,2008,INFLUENCE OF ALCOHOL,96,12,0,12,98,1,99
BIHAR,2008,KILLED BY ANIMALS,7,0,0,0,4,3,7
BIHAR,2008,MINES OR QUARY DISASTER,0,0,0,0,0,0,0
BIHAR,2008,FOOD POISIONING/ACCIDENTAL INTAKE OF INSECTICIDES ETC.,241,24,7,31,129,102,231
BIHAR,2008,SPURIOUS/POISIONOUS LIQUOR,84,1,0,1,65,21,86
BIHAR,2008,LEAKAGE OF POISINOUS GASES ETC.,8,0,0,0,3,5,8
BIHAR,2008,SNAKE BITE/ANIMAL BITE,48,2,0,2,29,19,48
BIHAR,2008,OTHER,186,25,25,50,111,59,170
BIHAR,2008,STAMPEDE,0,0,0,0,0,0,0
BIHAR,2008,SUFFOCATION,15,4,1,5,10,6,16
BIHAR,2008,TRAFFIC ACCIDENTS(ROAD ACCIDENTS),6180,3174,780,3954,2954,517,3471
BIHAR,2008,TRAFFIC ACCIDENTS(RAIL-ROAD ACCIDENTS),7,0,0,0,4,4,8
BIHAR,2008,OTHER RAILWAY ACCIDENTS,1197,21,0,21,988,239,1227
BIHAR,2008,OTHER,395,13,9,22,296,85,381
BIHAR,2008,CAUSES NOT KNOWN,155,34,7,41,114,28,142
BIHAR,2008,TOTAL,10059,3436,916,4352,5678,1681,7359
BIHAR,2008,TOTAL COLLAPSE,140,32,19,51,80,43,123
BIHAR,2008,TOTAL DROWNING,359,20,8,28,285,87,372
BIHAR,2008,TOTAL EXPLOSION,23,3,4,7,15,12,27
BIHAR,2008,TOTAL FALLS,138,10,2,12,102,32,134
BIHAR,2008,TOTAL FIRE,536,42,50,92,185,364,549
BIHAR,2008,TOTAL SUDDEN DEATHS,201,23,2,25,185,22,207
BIHAR,2008,TOTAL POISONING,567,52,32,84,337,206,543
BIHAR,2008,TOTAL TRAFFIC ACCIDENTS,7384,3195,780,3975,3946,760,4706
BIHAR,2009,AIR-CRASH,0,0,0,0,0,0,0
BIHAR,2009,COLLAPSE OF STRUCTURE(HOUSE),41,5,2,7,41,23,64
BIHAR,2009,COLLAPSE OF STRUCTURE(BUILDING),3,0,0,0,2,1,3
BIHAR,2009,COLLAPSE OF STRUCTURE(DAM),1,1,0,1,3,0,3
BIHAR,2009,COLLAPSE OF STRUCTURE(BRIDGE),2,0,0,0,2,0,2
BIHAR,2009,COLLAPSE OF STRUCTURE(OTHERS),56,8,2,10,51,29,80
BIHAR,2009,DROWNING(BOAT CAPSIZE),49,6,1,7,63,57,120
BIHAR,2009,DROWNING(OTHER),231,13,5,18,177,71,248
BIHAR,2009,ELECTROCUTION,131,14,2,16,111,18,129
BIHAR,2009,EXPLOSION(BOMB EXPLOSION),5,0,0,0,5,0,5
BIHAR,2009,EXPLOSION(OTHER EXPLOSION LIKE BOIL,15,5,2,7,10,10,20
BIHAR,2009,FALLS(FALL FROM HEIGHT),83,10,2,12,67,18,85
BIHAR,2009,FALL INTO PIT/MANHOLE,22,0,0,0,19,4,23
BIHAR,2009,FACTORY/MACHINE ACCIDENTS,10,2,1,3,10,3,13
BIHAR,2009,FIRE(FIREWORKS/CRACKERS),28,7,9,16,13,14,27
BIHAR,2009,FIRE(SHORT-CIRCUIT),11,1,0,1,8,3,11
BIHAR,2009,GAS CYLINDER/STOVE BURST,149,4,14,18,40,111,151
BIHAR,2009,OTHER FIRE ACCIDENTS,352,40,22,62,117,256,373
BIHAR,2009,FIRE-ARMS,14,2,2,4,6,7,13
BIHAR,2009,SUDDEN DEATHS(HEART ATTACKS),135,11,6,17,88,33,121
BIHAR,2009,EPILEPTIC FITS/GIDDINESS,33,5,2,7,23,5,28
BIHAR,2009,ABORTIONS/CHILD BIRTH,7,0,0,0,0,7,7
BIHAR,2009,INFLUENCE OF ALCOHOL,78,6,0,6,75,5,80
BIHAR,2009,KILLED BY ANIMALS,7,0,0,0,6,1,7
BIHAR,2009,MINES OR QUARY DISASTER,0,0,0,0,0,0,0
BIHAR,2009,FOOD POISIONING/ACCIDENTAL INTAKE OF INSECTICIDES ETC.,378,18,27,45,218,185,403
BIHAR,2009,SPURIOUS/POISIONOUS LIQUOR,42,6,1,7,33,9,42
BIHAR,2009,LEAKAGE OF POISINOUS GASES ETC.,3,0,0,0,3,0,3
BIHAR,2009,SNAKE BITE/ANIMAL BITE,30,0,0,0,18,11,29
BIHAR,2009,OTHER,170,14,6,20,112,58,170
BIHAR,2009,STAMPEDE,0,0,0,0,0,0,0
BIHAR,2009,SUFFOCATION,28,0,0,0,17,11,28
BIHAR,2009,TRAFFIC ACCIDENTS(ROAD ACCIDENTS),8366,4245,1158,5403,3599,806,4405
BIHAR,2009,TRAFFIC ACCIDENTS(RAIL-ROAD ACCIDENTS),48,0,0,0,38,10,48
BIHAR,2009,OTHER RAILWAY ACCIDENTS,1134,0,0,0,927,207,1134
BIHAR,2009,OTHER,295,8,11,19,223,81,304
BIHAR,2009,CAUSES NOT KNOWN,209,1,0,1,147,74,221
BIHAR,2009,TOTAL,12166,4432,1275,5707,6272,2128,8400
BIHAR,2009,TOTAL COLLAPSE,103,14,4,18,99,53,152
BIHAR,2009,TOTAL DROWNING,280,19,6,25,240,128,368
BIHAR,2009,TOTAL EXPLOSION,20,5,2,7,15,10,25
BIHAR,2009,TOTAL FALLS,105,10,2,12,86,22,108
BIHAR,2009,TOTAL FIRE,540,52,45,97,178,384,562
BIHAR,2009,TOTAL SUDDEN DEATHS,253,22,8,30,186,50,236
BIHAR,2009,TOTAL POISONING,623,38,34,72,384,263,647
BIHAR,2009,TOTAL TRAFFIC ACCIDENTS,9548,4245,1158,5403,4564,1023,5587
BIHAR,2010,AIR-CRASH,0,0,0,0,0,0,0
BIHAR,2010,COLLAPSE OF STRUCTURE(HOUSE),80,8,10,18,47,25,72
BIHAR,2010,COLLAPSE OF STRUCTURE(BUILDING),12,4,0,4,7,6,13
BIHAR,2010,COLLAPSE OF STRUCTURE(DAM),2,0,0,0,1,1,2
BIHAR,2010,COLLAPSE OF STRUCTURE(BRIDGE),2,0,0,0,4,0,4
BIHAR,2010,COLLAPSE OF STRUCTURE(OTHERS),56,12,9,21,30,13,43
BIHAR,2010,DROWNING(BOAT CAPSIZE),73,6,1,7,57,18,75
BIHAR,2010,DROWNING(OTHER),263,15,12,27,182,66,248
BIHAR,2010,ELECTROCUTION,161,13,5,18,137,23,160
BIHAR,2010,EXPLOSION(BOMB EXPLOSION),4,4,2,6,1,1,2
BIHAR,2010,EXPLOSION(OTHER EXPLOSION LIKE BOIL,9,1,2,3,0,6,6
BIHAR,2010,FALLS(FALL FROM HEIGHT),112,17,8,25,79,22,101
BIHAR,2010,FALL INTO PIT/MANHOLE,15,2,1,3,13,1,14
BIHAR,2010,FACTORY/MACHINE ACCIDENTS,14,2,1,3,13,2,15
BIHAR,2010,FIRE(FIREWORKS/CRACKERS),9,0,2,2,4,3,7
BIHAR,2010,FIRE(SHORT-CIRCUIT),19,1,0,1,11,8,19
BIHAR,2010,GAS CYLINDER/STOVE BURST,185,4,19,23,31,133,164
BIHAR,2010,OTHER FIRE ACCIDENTS,399,47,46,93,187,209,396
BIHAR,2010,FIRE-ARMS,49,26,5,31,18,5,23
BIHAR,2010,SUDDEN DEATHS(HEART ATTACKS),93,2,0,2,73,20,93
BIHAR,2010,EPILEPTIC FITS/GIDDINESS,35,4,4,8,17,12,29
BIHAR,2010,ABORTIONS/CHILD BIRTH,9,0,1,1,0,8,8
BIHAR,2010,INFLUENCE OF ALCOHOL,114,16,3,19,99,3,102
BIHAR,2010,KILLED BY ANIMALS,5,0,0,0,3,2,5
BIHAR,2010,MINES OR QUARY DISASTER,2,0,0,0,2,0,2
BIHAR,2010,FOOD POISIONING/ACCIDENTAL INTAKE OF INSECTICIDES ETC.,411,41,29,70,202,233,435
BIHAR,2010,SPURIOUS/POISIONOUS LIQUOR,24,6,0,6,22,3,25
BIHAR,2010,LEAKAGE OF POISINOUS GASES ETC.,1,0,0,0,0,1,1
BIHAR,2010,SNAKE BITE/ANIMAL BITE,37,3,1,4,21,13,34
BIHAR,2010,OTHER,225,19,5,24,166,78,244
BIHAR,2010,STAMPEDE,10,0,0,0,5,5,10
BIHAR,2010,SUFFOCATION,17,3,0,3,10,9,19
BIHAR,2010,TRAFFIC ACCIDENTS(ROAD ACCIDENTS),8441,4029,952,4981,3900,793,4693
BIHAR,2010,TRAFFIC ACCIDENTS(RAIL-ROAD ACCIDENTS),43,15,1,16,23,6,29
BIHAR,2010,OTHER RAILWAY ACCIDENTS,1224,0,0,0,1007,221,1228
BIHAR,2010,OTHER,350,26,18,44,250,90,340
BIHAR,2010,CAUSES NOT KNOWN,94,2,0,2,81,24,105
BIHAR,2010,TOTAL,12599,4328,1137,5465,6703,2063,8766
BIHAR,2010,TOTAL COLLAPSE,152,24,19,43,89,45,134
BIHAR,2010,TOTAL DROWNING,336,21,13,34,239,84,323
BIHAR,2010,TOTAL EXPLOSION,13,5,4,9,1,7,8
BIHAR,2010,TOTAL FALLS,127,19,9,28,92,23,115
BIHAR,2010,TOTAL FIRE,612,52,67,119,233,353,586
BIHAR,2010,TOTAL SUDDEN DEATHS,251,22,8,30,189,43,232
BIHAR,2010,TOTAL POISONING,698,69,35,104,411,328,739
BIHAR,2010,TOTAL TRAFFIC ACCIDENTS,9708,4044,953,4997,4930,1020,5950
BIHAR,2011,AIR-CRASH,0,0,0,0,0,0,0
BIHAR,2011,COLLAPSE OF STRUCTURE(HOUSE),76,18,9,27,36,34,70
BIHAR,2011,COLLAPSE OF STRUCTURE(BUILDING),4,4,0,4,2,3,5
BIHAR,2011,COLLAPSE OF STRUCTURE(DAM),4,0,0,0,4,0,4
BIHAR,2011,COLLAPSE OF STRUCTURE(BRIDGE),15,9,2,11,14,4,18
BIHAR,2011,COLLAPSE OF STRUCTURE(OTHERS),53,13,10,23,24,17,41
BIHAR,2011,DROWNING(BOAT CAPSIZE),85,13,0,13,93,5,98
BIHAR,2011,DROWNING(OTHER),418,49,28,77,297,128,425
BIHAR,2011,ELECTROCUTION,195,32,10,42,181,32,213
BIHAR,2011,EXPLOSION(BOMB EXPLOSION),8,8,3,11,6,2,8
BIHAR,2011,EXPLOSION(OTHER EXPLOSION LIKE BOIL,35,0,21,21,7,15,22
BIHAR,2011,FALLS(FALL FROM HEIGHT),125,18,8,26,94,13,107
BIHAR,2011,FALL INTO PIT/MANHOLE,12,4,1,5,9,2,11
BIHAR,2011,FACTORY/MACHINE ACCIDENTS,26,6,3,9,20,4,24
BIHAR,2011,FIRE(FIREWORKS/CRACKERS),10,2,1,3,2,6,8
BIHAR,2011,FIRE(SHORT-CIRCUIT),28,5,4,9,12,8,20
BIHAR,2011,GAS CYLINDER/STOVE BURST,166,27,32,59,21,126,147
BIHAR,2011,OTHER FIRE ACCIDENTS,424,60,38,98,206,272,478
BIHAR,2011,FIRE-ARMS,23,7,2,9,15,5,20
BIHAR,2011,SUDDEN DEATHS(HEART ATTACKS),95,1,1,2,80,20,100
BIHAR,2011,EPILEPTIC FITS/GIDDINESS,41,8,6,14,21,8,29
BIHAR,2011,ABORTIONS/CHILD BIRTH,9,0,0,0,0,9,9
BIHAR,2011,INFLUENCE OF ALCOHOL,136,22,0,22,126,3,129
BIHAR,2011,KILLED BY ANIMALS,9,3,0,3,7,1,8
BIHAR,2011,MINES OR QUARY DISASTER,0,0,0,0,0,0,0
BIHAR,2011,FOOD POISIONING/ACCIDENTAL INTAKE OF INSECTICIDES ETC.,434,34,30,64,261,161,422
BIHAR,2011,SPURIOUS/POISIONOUS LIQUOR,42,8,2,10,45,5,50
BIHAR,2011,LEAKAGE OF POISINOUS GASES ETC.,6,0,3,3,4,3,7
BIHAR,2011,SNAKE BITE/ANIMAL BITE,62,3,0,3,46,15,61
BIHAR,2011,OTHER,304,53,27,80,178,114,292
BIHAR,2011,STAMPEDE,2,0,0,0,0,1,1
BIHAR,2011,SUFFOCATION,30,10,9,19,25,7,32
BIHAR,2011,TRAFFIC ACCIDENTS(ROAD ACCIDENTS),9355,4224,1019,5243,4275,797,5072
BIHAR,2011,TRAFFIC ACCIDENTS(RAIL-ROAD ACCIDENTS),10,3,0,3,8,3,11
BIHAR,2011,OTHER RAILWAY ACCIDENTS,1831,0,0,0,1554,290,1844
BIHAR,2011,OTHER,217,13,18,31,151,66,217
BIHAR,2011,CAUSES NOT KNOWN,66,0,0,0,66,10,76
BIHAR,2011,TOTAL,14356,4657,1287,5944,7890,2189,10079
BIHAR,2011,TOTAL COLLAPSE,152,44,21,65,80,58,138
BIHAR,2011,TOTAL DROWNING,503,62,28,90,390,133,523
BIHAR,2011,TOTAL EXPLOSION,43,8,24,32,13,17,30
BIHAR,2011,TOTAL FALLS,137,22,9,31,103,15,118
BIHAR,2011,TOTAL FIRE,628,94,75,169,241,412,653
BIHAR,2011,TOTAL SUDDEN DEATHS,281,31,7,38,227,40,267
BIHAR,2011,TOTAL POISONING,848,98,62,160,534,298,832
BIHAR,2011,TOTAL TRAFFIC ACCIDENTS,11196,4227,1019,5246,5837,1090,6927
BIHAR,2012,AIR-CRASH,0,0,0,0,0,0,0
BIHAR,2012,COLLAPSE OF STRUCTURE(HOUSE),47,11,7,18,21,13,34
BIHAR,2012,COLLAPSE OF STRUCTURE(BUILDING),2,1,0,1,2,0,2
BIHAR,2012,COLLAPSE OF STRUCTURE(DAM),2,0,0,0,2,0,2
BIHAR,2012,COLLAPSE OF STRUCTURE(BRIDGE),1,15,21,36,6,12,18
BIHAR,2012,COLLAPSE OF STRUCTURE(OTHERS),107,18,7,25,43,39,82
BIHAR,2012,DROWNING(BOAT CAPSIZE),12,4,1,5,11,32,43
BIHAR,2012,DROWNING(OTHER),462,68,33,101,351,162,513
BIHAR,2012,ELECTROCUTION,224,26,7,33,201,33,234
BIHAR,2012,EXPLOSION(BOMB EXPLOSION),4,5,1,6,2,1,3
BIHAR,2012,EXPLOSION(OTHER EXPLOSION LIKE BOIL,9,0,6,6,0,12,12
BIHAR,2012,FALLS(FALL FROM HEIGHT),136,24,10,34,99,25,124
BIHAR,2012,FALL INTO PIT/MANHOLE,25,7,1,8,22,2,24
BIHAR,2012,FACTORY/MACHINE ACCIDENTS,13,1,0,1,9,3,12
BIHAR,2012,FIRE(FIREWORKS/CRACKERS),1,2,0,2,0,0,0
BIHAR,2012,FIRE(SHORT-CIRCUIT),19,2,1,3,15,4,19
BIHAR,2012,GAS CYLINDER/STOVE BURST,137,11,19,30,28,110,138
BIHAR,2012,OTHER FIRE ACCIDENTS,408,50,37,87,150,270,420
BIHAR,2012,FIRE-ARMS,32,6,1,7,21,10,31
BIHAR,2012,SUDDEN DEATHS(HEART ATTACKS),134,0,0,0,113,21,134
BIHAR,2012,EPILEPTIC FITS/GIDDINESS,54,8,2,10,36,10,46
BIHAR,2012,ABORTIONS/CHILD BIRTH,10,0,0,0,0,10,10
BIHAR,2012,INFLUENCE OF ALCOHOL,138,14,0,14,120,0,120
BIHAR,2012,KILLED BY ANIMALS,4,0,0,0,4,1,5
BIHAR,2012,MINES OR QUARY DISASTER,1,0,0,0,1,0,1
BIHAR,2012,FOOD POISIONING/ACCIDENTAL INTAKE OF INSECTICIDES ETC.,451,34,35,69,250,196,446
BIHAR,2012,SPURIOUS/POISIONOUS LIQUOR,40,4,0,4,40,4,44
BIHAR,2012,LEAKAGE OF POISINOUS GASES ETC.,4,1,0,1,0,3,3
BIHAR,2012,SNAKE BITE/ANIMAL BITE,58,4,0,4,29,27,56
BIHAR,2012,OTHER,180,36,50,86,112,56,168
BIHAR,2012,STAMPEDE,0,0,0,0,0,0,0
BIHAR,2012,SUFFOCATION,22,8,9,17,22,5,27
BIHAR,2012,TRAFFIC ACCIDENTS(ROAD ACCIDENTS),10320,5803,1339,7142,4252,804,5056
BIHAR,2012,TRAFFIC ACCIDENTS(RAIL-ROAD ACCIDENTS),264,7,0,7,225,56,281
BIHAR,2012,OTHER RAILWAY ACCIDENTS,1366,70,41,111,1119,261,1380
BIHAR,2012,OTHER,511,0,0,0,365,164,529
BIHAR,2012,CAUSES NOT KNOWN,187,0,1,1,141,49,190
BIHAR,2012,TOTAL,15385,6240,1629,7869,7812,2395,10207
BIHAR,2012,TOTAL COLLAPSE,159,45,35,80,74,64,138
BIHAR,2012,TOTAL DROWNING,474,72,34,106,362,194,556
BIHAR,2012,TOTAL EXPLOSION,13,5,7,12,2,13,15
BIHAR,2012,TOTAL FALLS,161,31,11,42,121,27,148
BIHAR,2012,TOTAL FIRE,565,65,57,122,193,384,577
BIHAR,2012,TOTAL SUDDEN DEATHS,336,22,2,24,269,41,310
BIHAR,2012,TOTAL POISONING,733,79,85,164,431,286,717
BIHAR,2012,TOTAL TRAFFIC ACCIDENTS,11950,5880,1380,7260,5596,1121,6717
CHHATTISGARH,2001,AIR-CRASH,0,0,0,0,0,0,0
CHHATTISGARH,2001,COLLAPSE OF STRUCTURE(HOUSE),36,1,1,2,24,12,36
CHHATTISGARH,2001,COLLAPSE OF STRUCTURE(BUILDING),5,0,0,0,3,2,5
CHHATTISGARH,2001,COLLAPSE OF STRUCTURE(DAM),4,0,0,0,4,0,4
CHHATTISGARH,2001,COLLAPSE OF STRUCTURE(BRIDGE),2,0,0,0,2,0,2
CHHATTISGARH,2001,COLLAPSE OF STRUCTURE(OTHERS),26,0,0,0,15,11,26
CHHATTISGARH,2001,DROWNING(BOAT CAPSIZE),69,0,0,0,36,33,69
CHHATTISGARH,2001,DROWNING(OTHER),1202,0,0,0,801,401,1202
CHHATTISGARH,2001,ELECTROCUTION,250,0,0,0,202,50,252
CHHATTISGARH,2001,EXPLOSION(BOMB EXPLOSION),3,0,0,0,3,0,3
CHHATTISGARH,2001,EXPLOSION(OTHER EXPLOSION LIKE BOILERS,,0,0,0,0,0,0,0
CHHATTISGARH,2001,FALLS(FALL FROM HEIGHT),254,0,0,0,210,44,254
CHHATTISGARH,2001,FALL INTO PIT/MANHOLE,64,0,0,0,38,26,64
CHHATTISGARH,2001,FACTORY/MACHINE ACCIDENTS,27,0,0,0,22,5,27
CHHATTISGARH,2001,FIRE(FIREWORKS/CRACKERS),13,0,0,0,10,3,13
CHHATTISGARH,2001,FIRE(SHORT-CIRCUIT),6,0,0,0,4,2,6
CHHATTISGARH,2001,GAS CYLINDER/STOVE BURST,13,0,0,0,2,11,13
CHHATTISGARH,2001,OTHER FIRE ACCIDENTS,610,3,10,13,206,412,618
CHHATTISGARH,2001,FIRE-ARMS,16,0,0,0,15,1,16
CHHATTISGARH,2001,SUDDEN DEATHS(HEART ATTACKS),222,0,0,0,176,46,222
CHHATTISGARH,2001,EPILEPTIC FITS/GIDDINESS,99,0,0,0,71,28,99
CHHATTISGARH,2001,ABORTIONS/CHILD BIRTH,34,0,0,0,0,34,34
CHHATTISGARH,2001,INFLUENCE OF ALCOHOL,187,0,0,0,153,34,187
CHHATTISGARH,2001,KILLED BY ANIMALS,66,0,0,0,52,14,66
CHHATTISGARH,2001,MINES OR QUARY DISASTER,104,3,2,5,55,49,104
CHHATTISGARH,2001,FOOD POISIONING/ACCIDENTAL INTAKE OF INSECTICIDES ETC.,666,2,1,3,417,246,663
CHHATTISGARH,2001,SPURIOUS/POISIONOUS LIQUOR,8,0,0,0,8,0,8
CHHATTISGARH,2001,LEAKAGE OF POISINOUS GASES ETC.,7,1,0,1,7,0,7
CHHATTISGARH,2001,SNAKE BITE/ANIMAL BITE,851,0,0,0,454,397,851
CHHATTISGARH,2001,OTHER,241,0,0,0,157,84,241
CHHATTISGARH,2001,STAMPEDE,0,0,0,0,0,0,0
CHHATTISGARH,2001,SUFFOCATION,241,0,0,0,184,57,241
CHHATTISGARH,2001,TRAFFIC ACCIDENTS(ROAD ACCIDENTS),4987,3336,671,4007,1143,197,1340
CHHATTISGARH,2001,TRAFFIC ACCIDENTS(RAIL-ROAD ACCIDENTS),8,0,0,0,7,1,8
CHHATTISGARH,2001,OTHER RAILWAY ACCIDENTS,270,1,0,1,216,53,269
CHHATTISGARH,2001,OTHER,905,1,0,1,663,242,905
CHHATTISGARH,2001,CAUSES NOT KNOWN,1120,0,0,0,812,308,1120
CHHATTISGARH,2001,TOTAL,12616,3348,685,4033,6172,2803,8975
CHHATTISGARH,2001,TOTAL COLLAPSE,73,1,1,2,48,25,73
CHHATTISGARH,2001,TOTAL DROWNING,1271,0,0,0,837,434,1271
CHHATTISGARH,2001,TOTAL EXPLOSION,3,0,0,0,3,0,3
CHHATTISGARH,2001,TOTAL FALLS,318,0,0,0,248,70,318
CHHATTISGARH,2001,TOTAL FIRE,642,3,10,13,222,428,650
CHHATTISGARH,2001,TOTAL SUDDEN DEATHS,542,0,0,0,400,142,542
CHHATTISGARH,2001,TOTAL POISONING,1773,3,1,4,1043,727,1770
CHHATTISGARH,2001,TOTAL TRAFFIC ACCIDENTS,5265,3337,671,4008,1366,251,1617
CHHATTISGARH,2002,AIR-CRASH,0,0,0,0,0,0,0
CHHATTISGARH,2002,COLLAPSE OF STRUCTURE(HOUSE),27,1,0,1,15,11,26
CHHATTISGARH,2002,COLLAPSE OF STRUCTURE(BUILDING),0,0,0,0,0,0,0
CHHATTISGARH,2002,COLLAPSE OF STRUCTURE(DAM),4,2,0,2,2,1,3
CHHATTISGARH,2002,COLLAPSE OF STRUCTURE(BRIDGE),0,0,0,0,0,0,0
CHHATTISGARH,2002,COLLAPSE OF STRUCTURE(OTHERS),45,0,0,0,32,13,45
CHHATTISGARH,2002,DROWNING(BOAT CAPSIZE),18,0,0,0,10,8,18
CHHATTISGARH,2002,DROWNING(OTHER),1128,0,0,0,702,429,1131
CHHATTISGARH,2002,ELECTROCUTION,277,3,0,3,237,41,278
CHHATTISGARH,2002,EXPLOSION(BOMB EXPLOSION),7,0,0,0,7,0,7
CHHATTISGARH,2002,EXPLOSION(OTHER EXPLOSION LIKE BOILERS, GAS CYLINDER ETC.),1,0,0,0,1,0,1
CHHATTISGARH,2002,FALLS(FALL FROM HEIGHT),262,0,0,0,219,43,262
CHHATTISGARH,2002,FALL INTO PIT/MANHOLE,46,0,0,0,38,8,46
CHHATTISGARH,2002,FACTORY/MACHINE ACCIDENTS,31,0,0,0,26,7,33
CHHATTISGARH,2002,FIRE(FIREWORKS/CRACKERS),10,0,0,0,6,5,11
CHHATTISGARH,2002,FIRE(SHORT-CIRCUIT),4,0,0,0,3,1,4
CHHATTISGARH,2002,GAS CYLINDER/STOVE BURST,24,0,0,0,5,19,24
CHHATTISGARH,2002,OTHER FIRE ACCIDENTS,506,0,0,0,130,379,509
CHHATTISGARH,2002,FIRE-ARMS,11,0,0,0,10,1,11
CHHATTISGARH,2002,SUDDEN DEATHS(HEART ATTACKS),188,0,0,0,162,26,188
CHHATTISGARH,2002,EPILEPTIC FITS/GIDDINESS,88,0,0,0,64,24,88
CHHATTISGARH,2002,ABORTIONS/CHILD BIRTH,37,0,0,0,0,37,37
CHHATTISGARH,2002,INFLUENCE OF ALCOHOL,192,0,0,0,178,14,192
CHHATTISGARH,2002,KILLED BY ANIMALS,78,0,0,0,52,26,78
CHHATTISGARH,2002,MINES OR QUARY DISASTER,30,0,0,0,26,5,31
CHHATTISGARH,2002,FOOD POISIONING/ACCIDENTAL INTAKE OF INSECTICIDES ETC.,607,0,0,0,403,210,613
CHHATTISGARH,2002,SPURIOUS/POISIONOUS LIQUOR,30,0,0,0,30,0,30
CHHATTISGARH,2002,LEAKAGE OF POISINOUS GASES ETC.,0,0,0,0,0,0,0
CHHATTISGARH,2002,SNAKE BITE/ANIMAL BITE,797,0,0,0,482,316,798
CHHATTISGARH,2002,OTHER,171,0,0,0,105,66,171
CHHATTISGARH,2002,STAMPEDE,0,0,0,0,0,0,0
CHHATTISGARH,2002,SUFFOCATION,221,0,0,0,155,66,221
CHHATTISGARH,2002,TRAFFIC ACCIDENTS(ROAD ACCIDENTS),5801,3835,457,4292,1556,268,1824
CHHATTISGARH,2002,TRAFFIC ACCIDENTS(RAIL-ROAD ACCIDENTS),4,0,0,0,3,1,4
CHHATTISGARH,2002,OTHER RAILWAY ACCIDENTS,366,2,0,2,301,65,366
CHHATTISGARH,2002,OTHER,1358,1,0,1,1053,337,1390
CHHATTISGARH,2002,CAUSES NOT KNOWN,1118,0,0,0,831,290,1121
CHHATTISGARH,2002,TOTAL,13487,3844,457,4301,6844,2717,9561
CHHATTISGARH,2002,TOTAL COLLAPSE,76,3,0,3,49,25,74
CHHATTISGARH,2002,TOTAL DROWNING,1146,0,0,0,712,437,1149
CHHATTISGARH,2002,TOTAL EXPLOSION,8,0,0,0,8,0,8
CHHATTISGARH,2002,TOTAL FALLS,308,0,0,0,257,51,308
CHHATTISGARH,2002,TOTAL FIRE,544,0,0,0,144,404,548
CHHATTISGARH,2002,TOTAL SUDDEN DEATHS,505,0,0,0,404,101,505
CHHATTISGARH,2002,TOTAL POISONING,1605,0,0,0,1020,592,1612
CHHATTISGARH,2002,TOTAL TRAFFIC ACCIDENTS,6171,3837,457,4294,1860,334,2194
CHHATTISGARH,2003,AIR-CRASH,0,0,0,0,0,0,0
CHHATTISGARH,2003,COLLAPSE OF STRUCTURE(HOUSE),23,3,0,3,11,11,22
CHHATTISGARH,2003,COLLAPSE OF STRUCTURE(BUILDING),6,0,0,0,3,3,6
CHHATTISGARH,2003,COLLAPSE OF STRUCTURE(DAM),14,0,0,0,9,5,14
CHHATTISGARH,2003,COLLAPSE OF STRUCTURE(BRIDGE),1,0,0,0,1,0,1
CHHATTISGARH,2003,COLLAPSE OF STRUCTURE(OTHERS),38,0,0,0,23,15,38
CHHATTISGARH,2003,DROWNING(BOAT CAPSIZE),91,0,0,0,51,40,91
CHHATTISGARH,2003,DROWNING(OTHER),1096,0,0,0,727,376,1103
CHHATTISGARH,2003,ELECTROCUTION,413,1,0,1,350,63,413
CHHATTISGARH,2003,EXPLOSION(BOMB EXPLOSION),10,1,0,1,10,0,10
CHHATTISGARH,2003,EXPLOSION(OTHER EXPLOSION LIKE BOILERS,,10,0,0,0,5,5,10
CHHATTISGARH,2003,FALLS(FALL FROM HEIGHT),265,0,0,0,233,47,280
CHHATTISGARH,2003,FALL INTO PIT/MANHOLE,27,0,0,0,32,8,40
CHHATTISGARH,2003,FACTORY/MACHINE ACCIDENTS,41,0,0,0,35,6,41
CHHATTISGARH,2003,FIRE(FIREWORKS/CRACKERS),11,1,0,1,6,5,11
CHHATTISGARH,2003,FIRE(SHORT-CIRCUIT),11,3,0,3,8,0,8
CHHATTISGARH,2003,GAS CYLINDER/STOVE BURST,18,0,0,0,1,18,19
CHHATTISGARH,2003,OTHER FIRE ACCIDENTS,581,0,0,0,174,409,583
CHHATTISGARH,2003,FIRE-ARMS,17,0,0,0,16,1,17
CHHATTISGARH,2003,SUDDEN DEATHS(HEART ATTACKS),179,0,0,0,148,32,180
CHHATTISGARH,2003,EPILEPTIC FITS/GIDDINESS,69,0,0,0,52,18,70
CHHATTISGARH,2003,ABORTIONS/CHILD BIRTH,32,0,0,0,0,32,32
CHHATTISGARH,2003,INFLUENCE OF ALCOHOL,157,0,0,0,135,22,157
CHHATTISGARH,2003,KILLED BY ANIMALS,76,0,1,1,60,15,75
CHHATTISGARH,2003,MINES OR QUARY DISASTER,32,0,1,1,18,13,31
CHHATTISGARH,2003,FOOD POISIONING/ACCIDENTAL INTAKE OF INSECTICIDES ETC.,565,3,0,3,367,196,563
CHHATTISGARH,2003,SPURIOUS/POISIONOUS LIQUOR,15,0,0,0,14,1,15
CHHATTISGARH,2003,LEAKAGE OF POISINOUS GASES ETC.,0,0,0,0,0,0,0
CHHATTISGARH,2003,SNAKE BITE/ANIMAL BITE,645,1,0,1,361,283,644
CHHATTISGARH,2003,OTHER,261,0,0,0,185,88,273
CHHATTISGARH,2003,STAMPEDE,12,0,0,0,8,4,12
CHHATTISGARH,2003,SUFFOCATION,287,0,0,0,216,71,287
CHHATTISGARH,2003,TRAFFIC ACCIDENTS(ROAD ACCIDENTS),7023,4816,672,5488,1754,281,2035
CHHATTISGARH,2003,TRAFFIC ACCIDENTS(RAIL-ROAD ACCIDENTS),53,0,0,0,41,12,53
CHHATTISGARH,2003,OTHER RAILWAY ACCIDENTS,386,1,1,2,312,74,386
CHHATTISGARH,2003,OTHER,1713,0,0,0,1267,475,1742
CHHATTISGARH,2003,CAUSES NOT KNOWN,1005,0,0,0,789,221,1010
CHHATTISGARH,2003,TOTAL,15183,4830,675,5505,7422,2850,10272
CHHATTISGARH,2003,TOTAL COLLAPSE,82,3,0,3,47,34,81
CHHATTISGARH,2003,TOTAL DROWNING,1187,0,0,0,778,416,1194
CHHATTISGARH,2003,TOTAL EXPLOSION,20,1,0,1,15,5,20
CHHATTISGARH,2003,TOTAL FALLS,292,0,0,0,265,55,320
CHHATTISGARH,2003,TOTAL FIRE,621,4,0,4,189,432,621
CHHATTISGARH,2003,TOTAL SUDDEN DEATHS,437,0,0,0,335,104,439
CHHATTISGARH,2003,TOTAL POISONING,1486,4,0,4,927,568,1495
CHHATTISGARH,2003,TOTAL TRAFFIC ACCIDENTS,7462,4817,673,5490,2107,367,2474
CHHATTISGARH,2004,AIR-CRASH,0,0,0,0,0,0,0
CHHATTISGARH,2004,COLLAPSE OF STRUCTURE(HOUSE),19,1,0,1,13,7,20
CHHATTISGARH,2004,COLLAPSE OF STRUCTURE(BUILDING),2,1,1,2,0,0,0
CHHATTISGARH,2004,COLLAPSE OF STRUCTURE(DAM),14,0,0,0,4,10,14
CHHATTISGARH,2004,COLLAPSE OF STRUCTURE(BRIDGE),0,0,0,0,0,0,0
CHHATTISGARH,2004,COLLAPSE OF STRUCTURE(OTHERS),21,3,2,5,9,10,19
CHHATTISGARH,2004,DROWNING(BOAT CAPSIZE),9,0,0,0,9,2,11
CHHATTISGARH,2004,DROWNING(OTHER),1339,0,0,0,911,428,1339
CHHATTISGARH,2004,ELECTROCUTION,377,0,0,0,311,66,377
CHHATTISGARH,2004,EXPLOSION(BOMB EXPLOSION),6,0,0,0,6,0,6
CHHATTISGARH,2004,EXPLOSION(OTHER EXPLOSION LIKE BOILERS,,8,0,0,0,2,6,8
CHHATTISGARH,2004,FALLS(FALL FROM HEIGHT),260,2,2,4,220,40,260
CHHATTISGARH,2004,FALL INTO PIT/MANHOLE,46,3,0,3,27,19,46
CHHATTISGARH,2004,FACTORY/MACHINE ACCIDENTS,34,0,1,1,26,7,33
CHHATTISGARH,2004,FIRE(FIREWORKS/CRACKERS),28,0,0,0,12,16,28
CHHATTISGARH,2004,FIRE(SHORT-CIRCUIT),7,0,0,0,5,2,7
CHHATTISGARH,2004,GAS CYLINDER/STOVE BURST,11,0,0,0,3,8,11
CHHATTISGARH,2004,OTHER FIRE ACCIDENTS,441,0,0,0,128,311,439
CHHATTISGARH,2004,FIRE-ARMS,10,0,0,0,9,1,10
CHHATTISGARH,2004,SUDDEN DEATHS(HEART ATTACKS),198,0,0,0,163,35,198
CHHATTISGARH,2004,EPILEPTIC FITS/GIDDINESS,80,0,0,0,52,28,80
CHHATTISGARH,2004,ABORTIONS/CHILD BIRTH,25,0,0,0,0,25,25
CHHATTISGARH,2004,INFLUENCE OF ALCOHOL,166,0,0,0,145,21,166
CHHATTISGARH,2004,KILLED BY ANIMALS,49,0,0,0,36,13,49
CHHATTISGARH,2004,MINES OR QUARY DISASTER,46,0,0,0,26,20,46
CHHATTISGARH,2004,FOOD POISIONING/ACCIDENTAL INTAKE OF INSECTICIDES ETC.,356,0,0,0,232,124,356
CHHATTISGARH,2004,SPURIOUS/POISIONOUS LIQUOR,5,0,0,0,3,2,5
CHHATTISGARH,2004,LEAKAGE OF POISINOUS GASES ETC.,1,0,0,0,1,0,1
CHHATTISGARH,2004,SNAKE BITE/ANIMAL BITE,767,0,0,0,455,312,767
CHHATTISGARH,2004,OTHER,170,0,0,0,105,65,170
CHHATTISGARH,2004,STAMPEDE,0,0,0,0,0,0,0
CHHATTISGARH,2004,SUFFOCATION,349,0,0,0,257,92,349
CHHATTISGARH,2004,TRAFFIC ACCIDENTS(ROAD ACCIDENTS),6075,4042,633,4675,1920,330,2250
CHHATTISGARH,2004,TRAFFIC ACCIDENTS(RAIL-ROAD ACCIDENTS),118,0,0,0,93,25,118
CHHATTISGARH,2004,OTHER RAILWAY ACCIDENTS,330,0,0,0,287,43,330
CHHATTISGARH,2004,OTHER,1755,0,0,0,1238,467,1705
CHHATTISGARH,2004,CAUSES NOT KNOWN,1050,0,0,0,787,263,1050
CHHATTISGARH,2004,TOTAL,14172,4052,639,4691,7495,2798,10293
CHHATTISGARH,2004,TOTAL COLLAPSE,56,5,3,8,26,27,53
CHHATTISGARH,2004,TOTAL DROWNING,1348,0,0,0,920,430,1350
CHHATTISGARH,2004,TOTAL EXPLOSION,14,0,0,0,8,6,14
CHHATTISGARH,2004,TOTAL FALLS,306,5,2,7,247,59,306
CHHATTISGARH,2004,TOTAL FIRE,487,0,0,0,148,337,485
CHHATTISGARH,2004,TOTAL SUDDEN DEATHS,469,0,0,0,360,109,469
CHHATTISGARH,2004,TOTAL POISONING,1299,0,0,0,796,503,1299
CHHATTISGARH,2004,TOTAL TRAFFIC ACCIDENTS,6523,4042,633,4675,2300,398,2698
CHHATTISGARH,2005,AIR-CRASH,0,0,0,0,0,0,0
CHHATTISGARH,2005,COLLAPSE OF STRUCTURE(HOUSE),32,0,0,0,22,10,32
CHHATTISGARH,2005,COLLAPSE OF STRUCTURE(BUILDING),2,0,0,0,2,0,2
CHHATTISGARH,2005,COLLAPSE OF STRUCTURE(DAM),12,0,0,0,8,4,12
CHHATTISGARH,2005,COLLAPSE OF STRUCTURE(BRIDGE),1,0,0,0,1,0,1
CHHATTISGARH,2005,COLLAPSE OF STRUCTURE(OTHERS),87,0,0,0,46,41,87
CHHATTISGARH,2005,DROWNING(BOAT CAPSIZE),132,0,0,0,87,45,132
CHHATTISGARH,2005,DROWNING(OTHER),1065,0,0,0,734,331,1065
CHHATTISGARH,2005,ELECTROCUTION,419,3,1,4,349,71,420
CHHATTISGARH,2005,EXPLOSION(BOMB EXPLOSION),42,0,0,0,42,0,42
CHHATTISGARH,2005,EXPLOSION(OTHER EXPLOSION LIKE BOILERS,,2,0,0,0,2,0,2
CHHATTISGARH,2005,FALLS(FALL FROM HEIGHT),297,0,0,0,253,44,297
CHHATTISGARH,2005,FALL INTO PIT/MANHOLE,29,0,0,0,24,5,29
CHHATTISGARH,2005,FACTORY/MACHINE ACCIDENTS,58,0,0,0,51,7,58
CHHATTISGARH,2005,FIRE(FIREWORKS/CRACKERS),2,0,0,0,2,0,2
CHHATTISGARH,2005,FIRE(SHORT-CIRCUIT),5,0,0,0,4,1,5
CHHATTISGARH,2005,GAS CYLINDER/STOVE BURST,8,0,0,0,2,6,8
CHHATTISGARH,2005,OTHER FIRE ACCIDENTS,549,7,8,15,182,366,548
CHHATTISGARH,2005,FIRE-ARMS,58,0,0,0,56,2,58
CHHATTISGARH,2005,SUDDEN DEATHS(HEART ATTACKS),217,0,0,0,177,40,217
CHHATTISGARH,2005,EPILEPTIC FITS/GIDDINESS,102,0,0,0,74,28,102
CHHATTISGARH,2005,ABORTIONS/CHILD BIRTH,21,0,0,0,0,21,21
CHHATTISGARH,2005,INFLUENCE OF ALCOHOL,201,1,0,1,171,30,201
CHHATTISGARH,2005,KILLED BY ANIMALS,87,0,0,0,66,21,87
CHHATTISGARH,2005,MINES OR QUARY DISASTER,29,0,0,0,16,13,29
CHHATTISGARH,2005,FOOD POISIONING/ACCIDENTAL INTAKE OF INSECTICIDES ETC.,609,0,0,0,378,231,609
CHHATTISGARH,2005,SPURIOUS/POISIONOUS LIQUOR,8,0,0,0,5,3,8
CHHATTISGARH,2005,LEAKAGE OF POISINOUS GASES ETC.,3,0,0,0,3,0,3
CHHATTISGARH,2005,SNAKE BITE/ANIMAL BITE,853,0,0,0,489,364,853
CHHATTISGARH,2005,OTHER,150,0,0,0,98,52,150
CHHATTISGARH,2005,STAMPEDE,0,0,0,0,0,0,0
CHHATTISGARH,2005,SUFFOCATION,380,0,0,0,290,90,380
CHHATTISGARH,2005,TRAFFIC ACCIDENTS(ROAD ACCIDENTS),5996,3430,398,3828,2029,296,2325
CHHATTISGARH,2005,TRAFFIC ACCIDENTS(RAIL-ROAD ACCIDENTS),67,0,0,0,58,10,68
CHHATTISGARH,2005,OTHER RAILWAY ACCIDENTS,416,0,0,0,338,78,416
CHHATTISGARH,2005,OTHER,1569,0,0,0,1227,344,1571
CHHATTISGARH,2005,CAUSES NOT KNOWN,1318,321,68,389,998,326,1324
CHHATTISGARH,2005,TOTAL,14826,3762,475,4237,8284,2880,11164
CHHATTISGARH,2005,TOTAL COLLAPSE,134,0,0,0,79,55,134
CHHATTISGARH,2005,TOTAL DROWNING,1197,0,0,0,821,376,1197
CHHATTISGARH,2005,TOTAL EXPLOSION,44,0,0,0,44,0,44
CHHATTISGARH,2005,TOTAL FALLS,326,0,0,0,277,49,326
CHHATTISGARH,2005,TOTAL FIRE,564,7,8,15,190,373,563
CHHATTISGARH,2005,TOTAL SUDDEN DEATHS,541,1,0,1,422,119,541
CHHATTISGARH,2005,TOTAL POISONING,1623,0,0,0,973,650,1623
CHHATTISGARH,2005,TOTAL TRAFFIC ACCIDENTS,6479,3430,398,3828,2425,384,2809
CHHATTISGARH,2006,AIR-CRASH,0,0,0,0,0,0,0
CHHATTISGARH,2006,COLLAPSE OF STRUCTURE(HOUSE),36,1,1,2,26,11,37
CHHATTISGARH,2006,COLLAPSE OF STRUCTURE(BUILDING),2,0,0,0,2,0,2
CHHATTISGARH,2006,COLLAPSE OF STRUCTURE(DAM),18,0,0,0,9,9,18
CHHATTISGARH,2006,COLLAPSE OF STRUCTURE(BRIDGE),0,0,0,0,0,0,0
CHHATTISGARH,2006,COLLAPSE OF STRUCTURE(OTHERS),20,1,2,3,17,9,26
CHHATTISGARH,2006,DROWNING(BOAT CAPSIZE),14,0,0,0,6,8,14
CHHATTISGARH,2006,DROWNING(OTHER),1336,0,0,0,923,413,1336
CHHATTISGARH,2006,ELECTROCUTION,398,0,0,0,327,72,399
CHHATTISGARH,2006,EXPLOSION(BOMB EXPLOSION),119,13,0,13,113,7,120
CHHATTISGARH,2006,EXPLOSION(OTHER EXPLOSION LIKE BOIL,5,0,0,0,3,2,5
CHHATTISGARH,2006,FALLS(FALL FROM HEIGHT),236,0,0,0,198,38,236
CHHATTISGARH,2006,FALL INTO PIT/MANHOLE,58,0,0,0,44,14,58
CHHATTISGARH,2006,FACTORY/MACHINE ACCIDENTS,67,0,0,0,64,4,68
CHHATTISGARH,2006,FIRE(FIREWORKS/CRACKERS),0,0,0,0,0,0,0
CHHATTISGARH,2006,FIRE(SHORT-CIRCUIT),0,0,0,0,0,0,0
CHHATTISGARH,2006,GAS CYLINDER/STOVE BURST,9,0,0,0,2,7,9
CHHATTISGARH,2006,OTHER FIRE ACCIDENTS,545,0,2,2,178,387,565
CHHATTISGARH,2006,FIRE-ARMS,81,0,0,0,76,5,81
CHHATTISGARH,2006,SUDDEN DEATHS(HEART ATTACKS),168,0,0,0,132,36,168
CHHATTISGARH,2006,EPILEPTIC FITS/GIDDINESS,73,0,0,0,64,15,79
CHHATTISGARH,2006,ABORTIONS/CHILD BIRTH,28,0,0,0,0,28,28
CHHATTISGARH,2006,INFLUENCE OF ALCOHOL,200,0,0,0,177,23,200
CHHATTISGARH,2006,KILLED BY ANIMALS,50,0,0,0,32,18,50
CHHATTISGARH,2006,MINES OR QUARY DISASTER,20,0,0,0,8,13,21
CHHATTISGARH,2006,FOOD POISIONING/ACCIDENTAL INTAKE OF INSECTICIDES ETC.,519,0,0,0,311,208,519
CHHATTISGARH,2006,SPURIOUS/POISIONOUS LIQUOR,38,0,0,0,24,14,38
CHHATTISGARH,2006,LEAKAGE OF POISINOUS GASES ETC.,5,0,0,0,5,0,5
CHHATTISGARH,2006,SNAKE BITE/ANIMAL BITE,833,0,0,0,470,363,833
CHHATTISGARH,2006,OTHER,172,0,0,0,114,58,172
CHHATTISGARH,2006,STAMPEDE,1,29,0,29,1,0,1
CHHATTISGARH,2006,SUFFOCATION,519,0,0,0,391,128,519
CHHATTISGARH,2006,TRAFFIC ACCIDENTS(ROAD ACCIDENTS),7111,4344,725,5069,2208,366,2574
CHHATTISGARH,2006,TRAFFIC ACCIDENTS(RAIL-ROAD ACCIDENTS),39,0,0,0,32,7,39
CHHATTISGARH,2006,OTHER RAILWAY ACCIDENTS,462,4,0,4,386,76,462
CHHATTISGARH,2006,OTHER,1721,0,0,0,1307,414,1721
CHHATTISGARH,2006,CAUSES NOT KNOWN,1325,38,13,51,979,346,1325
CHHATTISGARH,2006,TOTAL,16228,4430,743,5173,8629,3099,11728
CHHATTISGARH,2006,TOTAL COLLAPSE,76,2,3,5,54,29,83
CHHATTISGARH,2006,TOTAL DROWNING,1350,0,0,0,929,421,1350
CHHATTISGARH,2006,TOTAL EXPLOSION,124,13,0,13,116,9,125
CHHATTISGARH,2006,TOTAL FALLS,294,0,0,0,242,52,294
CHHATTISGARH,2006,TOTAL FIRE,554,0,2,2,180,394,574
CHHATTISGARH,2006,TOTAL SUDDEN DEATHS,469,0,0,0,373,102,475
CHHATTISGARH,2006,TOTAL POISONING,1567,0,0,0,924,643,1567
CHHATTISGARH,2006,TOTAL TRAFFIC ACCIDENTS,7612,4348,725,5073,2626,449,3075
CHHATTISGARH,2007,AIR-CRASH,0,0,0,0,0,0,0
CHHATTISGARH,2007,COLLAPSE OF STRUCTURE(HOUSE),37,0,0,0,23,14,37
CHHATTISGARH,2007,COLLAPSE OF STRUCTURE(BUILDING),6,0,0,0,6,0,6
CHHATTISGARH,2007,COLLAPSE OF STRUCTURE(DAM),14,0,0,0,9,5,14
CHHATTISGARH,2007,COLLAPSE OF STRUCTURE(BRIDGE),0,0,0,0,0,0,0
CHHATTISGARH,2007,COLLAPSE OF STRUCTURE(OTHERS),18,0,0,0,12,6,18
CHHATTISGARH,2007,DROWNING(BOAT CAPSIZE),7,0,0,0,5,2,7
CHHATTISGARH,2007,DROWNING(OTHER),1417,1,1,2,971,447,1418
CHHATTISGARH,2007,ELECTROCUTION,416,0,0,0,346,69,415
CHHATTISGARH,2007,EXPLOSION(BOMB EXPLOSION),60,15,1,16,55,1,56
CHHATTISGARH,2007,EXPLOSION(OTHER EXPLOSION LIKE BOIL,2,0,0,0,2,0,2
CHHATTISGARH,2007,FALLS(FALL FROM HEIGHT),347,1,0,1,294,53,347
CHHATTISGARH,2007,FALL INTO PIT/MANHOLE,66,1,0,1,53,13,66
CHHATTISGARH,2007,FACTORY/MACHINE ACCIDENTS,56,1,0,1,53,2,55
CHHATTISGARH,2007,FIRE(FIREWORKS/CRACKERS),0,0,0,0,0,0,0
CHHATTISGARH,2007,FIRE(SHORT-CIRCUIT),6,0,0,0,3,3,6
CHHATTISGARH,2007,GAS CYLINDER/STOVE BURST,14,0,0,0,5,9,14
CHHATTISGARH,2007,OTHER FIRE ACCIDENTS,555,0,0,0,157,397,554
CHHATTISGARH,2007,FIRE-ARMS,226,4,0,4,221,11,232
CHHATTISGARH,2007,SUDDEN DEATHS(HEART ATTACKS),230,0,0,0,187,39,226
CHHATTISGARH,2007,EPILEPTIC FITS/GIDDINESS,98,0,0,0,71,27,98
CHHATTISGARH,2007,ABORTIONS/CHILD BIRTH,29,0,0,0,0,29,29
CHHATTISGARH,2007,INFLUENCE OF ALCOHOL,211,0,0,0,195,16,211
CHHATTISGARH,2007,KILLED BY ANIMALS,63,0,0,0,37,26,63
CHHATTISGARH,2007,MINES OR QUARY DISASTER,46,0,0,0,26,20,46
CHHATTISGARH,2007,FOOD POISIONING/ACCIDENTAL INTAKE OF INSECTICIDES ETC.,434,0,0,0,262,175,437
CHHATTISGARH,2007,SPURIOUS/POISIONOUS LIQUOR,39,0,0,0,22,17,39
CHHATTISGARH,2007,LEAKAGE OF POISINOUS GASES ETC.,7,0,0,0,7,0,7
CHHATTISGARH,2007,SNAKE BITE/ANIMAL BITE,783,0,0,0,439,344,783
CHHATTISGARH,2007,OTHER,269,0,0,0,187,82,269
CHHATTISGARH,2007,STAMPEDE,0,0,0,0,0,0,0
CHHATTISGARH,2007,SUFFOCATION,391,0,0,0,287,104,391
CHHATTISGARH,2007,TRAFFIC ACCIDENTS(ROAD ACCIDENTS),7837,4870,743,5613,2529,403,2932
CHHATTISGARH,2007,TRAFFIC ACCIDENTS(RAIL-ROAD ACCIDENTS),15,0,0,0,12,3,15
CHHATTISGARH,2007,OTHER RAILWAY ACCIDENTS,493,0,0,0,398,95,493
CHHATTISGARH,2007,OTHER,1763,5,2,7,1281,479,1760
CHHATTISGARH,2007,CAUSES NOT KNOWN,1468,0,1,1,1114,356,1470
CHHATTISGARH,2007,TOTAL,17423,4898,748,5646,9269,3247,12516
CHHATTISGARH,2007,TOTAL COLLAPSE,75,0,0,0,50,25,75
CHHATTISGARH,2007,TOTAL DROWNING,1424,1,1,2,976,449,1425
CHHATTISGARH,2007,TOTAL EXPLOSION,62,15,1,16,57,1,58
CHHATTISGARH,2007,TOTAL FALLS,413,2,0,2,347,66,413
CHHATTISGARH,2007,TOTAL FIRE,575,0,0,0,165,409,574
CHHATTISGARH,2007,TOTAL SUDDEN DEATHS,568,0,0,0,453,111,564
CHHATTISGARH,2007,TOTAL POISONING,1532,0,0,0,917,618,1535
CHHATTISGARH,2007,TOTAL TRAFFIC ACCIDENTS,8345,4870,743,5613,2939,501,3440
CHHATTISGARH,2008,AIR-CRASH,5,0,0,0,2,3,5
CHHATTISGARH,2008,COLLAPSE OF STRUCTURE(HOUSE),27,0,0,0,15,12,27
CHHATTISGARH,2008,COLLAPSE OF STRUCTURE(BUILDING),0,0,0,0,0,0,0
CHHATTISGARH,2008,COLLAPSE OF STRUCTURE(DAM),11,0,0,0,8,3,11
CHHATTISGARH,2008,COLLAPSE OF STRUCTURE(BRIDGE),2,0,0,0,2,0,2
CHHATTISGARH,2008,COLLAPSE OF STRUCTURE(OTHERS),16,0,0,0,11,5,16
CHHATTISGARH,2008,DROWNING(BOAT CAPSIZE),14,0,0,0,9,5,14
CHHATTISGARH,2008,DROWNING(OTHER),1424,0,0,0,957,467,1424
CHHATTISGARH,2008,ELECTROCUTION,361,0,0,0,303,58,361
CHHATTISGARH,2008,EXPLOSION(BOMB EXPLOSION),29,23,0,23,20,1,21
CHHATTISGARH,2008,EXPLOSION(OTHER EXPLOSION LIKE BOIL,4,0,0,0,3,1,4
CHHATTISGARH,2008,FALLS(FALL FROM HEIGHT),336,0,0,0,276,60,336
CHHATTISGARH,2008,FALL INTO PIT/MANHOLE,80,0,0,0,65,15,80
CHHATTISGARH,2008,FACTORY/MACHINE ACCIDENTS,62,3,0,3,56,3,59
CHHATTISGARH,2008,FIRE(FIREWORKS/CRACKERS),1,0,0,0,0,1,1
CHHATTISGARH,2008,FIRE(SHORT-CIRCUIT),3,0,0,0,2,1,3
CHHATTISGARH,2008,GAS CYLINDER/STOVE BURST,9,0,0,0,3,7,10
CHHATTISGARH,2008,OTHER FIRE ACCIDENTS,714,0,0,0,235,479,714
CHHATTISGARH,2008,FIRE-ARMS,51,0,0,0,50,8,58
CHHATTISGARH,2008,SUDDEN DEATHS(HEART ATTACKS),227,0,0,0,184,43,227
CHHATTISGARH,2008,EPILEPTIC FITS/GIDDINESS,78,0,0,0,59,19,78
CHHATTISGARH,2008,ABORTIONS/CHILD BIRTH,39,0,0,0,0,39,39
CHHATTISGARH,2008,INFLUENCE OF ALCOHOL,193,0,0,0,169,21,190
CHHATTISGARH,2008,KILLED BY ANIMALS,56,0,0,0,40,16,56
CHHATTISGARH,2008,MINES OR QUARY DISASTER,39,0,0,0,25,14,39
CHHATTISGARH,2008,FOOD POISIONING/ACCIDENTAL INTAKE OF INSECTICIDES ETC.,365,0,0,0,236,152,388
CHHATTISGARH,2008,SPURIOUS/POISIONOUS LIQUOR,28,0,0,0,23,5,28
CHHATTISGARH,2008,LEAKAGE OF POISINOUS GASES ETC.,4,0,0,0,3,1,4
CHHATTISGARH,2008,SNAKE BITE/ANIMAL BITE,686,0,0,0,378,308,686
CHHATTISGARH,2008,OTHER,293,0,0,0,180,113,293
CHHATTISGARH,2008,STAMPEDE,48,0,0,0,42,6,48
CHHATTISGARH,2008,SUFFOCATION,381,0,0,0,288,93,381
CHHATTISGARH,2008,TRAFFIC ACCIDENTS(ROAD ACCIDENTS),8769,6135,729,6864,2845,398,3243
CHHATTISGARH,2008,TRAFFIC ACCIDENTS(RAIL-ROAD ACCIDENTS),26,0,0,0,18,8,26
CHHATTISGARH,2008,OTHER RAILWAY ACCIDENTS,503,1,0,1,407,96,503
CHHATTISGARH,2008,OTHER,1826,0,0,0,1335,420,1755
CHHATTISGARH,2008,CAUSES NOT KNOWN,1584,0,0,0,1195,389,1584
CHHATTISGARH,2008,TOTAL,18294,6162,729,6891,9444,3270,12714
CHHATTISGARH,2008,TOTAL COLLAPSE,56,0,0,0,36,20,56
CHHATTISGARH,2008,TOTAL DROWNING,1438,0,0,0,966,472,1438
CHHATTISGARH,2008,TOTAL EXPLOSION,33,23,0,23,23,2,25
CHHATTISGARH,2008,TOTAL FALLS,416,0,0,0,341,75,416
CHHATTISGARH,2008,TOTAL FIRE,727,0,0,0,240,488,728
CHHATTISGARH,2008,TOTAL SUDDEN DEATHS,537,0,0,0,412,122,534
CHHATTISGARH,2008,TOTAL POISONING,1376,0,0,0,820,579,1399
CHHATTISGARH,2008,TOTAL TRAFFIC ACCIDENTS,9298,6136,729,6865,3270,502,3772
CHHATTISGARH,2009,AIR-CRASH,0,0,0,0,0,0,0
CHHATTISGARH,2009,COLLAPSE OF STRUCTURE(HOUSE),31,0,0,0,22,9,31
CHHATTISGARH,2009,COLLAPSE OF STRUCTURE(BUILDING),1,0,0,0,1,0,1
CHHATTISGARH,2009,COLLAPSE OF STRUCTURE(DAM),8,0,0,0,5,3,8
CHHATTISGARH,2009,COLLAPSE OF STRUCTURE(BRIDGE),1,1,0,1,1,0,1
CHHATTISGARH,2009,COLLAPSE OF STRUCTURE(OTHERS),23,0,0,0,13,10,23
CHHATTISGARH,2009,DROWNING(BOAT CAPSIZE),36,0,0,0,30,6,36
CHHATTISGARH,2009,DROWNING(OTHER),1332,27,24,51,930,403,1333
CHHATTISGARH,2009,ELECTROCUTION,449,7,4,11,368,81,449
CHHATTISGARH,2009,EXPLOSION(BOMB EXPLOSION),61,0,0,0,60,1,61
CHHATTISGARH,2009,EXPLOSION(OTHER EXPLOSION LIKE BOIL,1,0,0,0,1,0,1
CHHATTISGARH,2009,FALLS(FALL FROM HEIGHT),327,7,5,12,262,57,319
CHHATTISGARH,2009,FALL INTO PIT/MANHOLE,98,0,0,0,81,17,98
CHHATTISGARH,2009,FACTORY/MACHINE ACCIDENTS,87,8,3,11,85,4,89
CHHATTISGARH,2009,FIRE(FIREWORKS/CRACKERS),22,0,0,0,6,16,22
CHHATTISGARH,2009,FIRE(SHORT-CIRCUIT),0,0,0,0,0,0,0
CHHATTISGARH,2009,GAS CYLINDER/STOVE BURST,46,0,0,0,5,41,46
CHHATTISGARH,2009,OTHER FIRE ACCIDENTS,769,12,33,45,223,546,769
CHHATTISGARH,2009,FIRE-ARMS,84,1,0,1,82,2,84
CHHATTISGARH,2009,SUDDEN DEATHS(HEART ATTACKS),283,2,0,2,239,44,283
CHHATTISGARH,2009,EPILEPTIC FITS/GIDDINESS,69,8,3,11,61,15,76
CHHATTISGARH,2009,ABORTIONS/CHILD BIRTH,41,0,0,0,0,41,41
CHHATTISGARH,2009,INFLUENCE OF ALCOHOL,259,27,6,33,226,34,260
CHHATTISGARH,2009,KILLED BY ANIMALS,71,4,1,5,57,14,71
CHHATTISGARH,2009,MINES OR QUARY DISASTER,26,0,0,0,17,9,26
CHHATTISGARH,2009,FOOD POISIONING/ACCIDENTAL INTAKE OF INSECTICIDES ETC.,571,0,0,0,352,222,574
CHHATTISGARH,2009,SPURIOUS/POISIONOUS LIQUOR,5,0,0,0,3,2,5
CHHATTISGARH,2009,LEAKAGE OF POISINOUS GASES ETC.,8,0,0,0,8,0,8
CHHATTISGARH,2009,SNAKE BITE/ANIMAL BITE,759,6,1,7,437,315,752
CHHATTISGARH,2009,OTHER,357,3,7,10,255,99,354
CHHATTISGARH,2009,STAMPEDE,0,0,0,0,0,0,0
CHHATTISGARH,2009,SUFFOCATION,474,0,0,0,355,119,474
CHHATTISGARH,2009,TRAFFIC ACCIDENTS(ROAD ACCIDENTS),7913,5038,620,5658,2743,415,3158
CHHATTISGARH,2009,TRAFFIC ACCIDENTS(RAIL-ROAD ACCIDENTS),89,13,6,19,77,15,92
CHHATTISGARH,2009,OTHER RAILWAY ACCIDENTS,459,9,5,14,371,86,457
CHHATTISGARH,2009,OTHER,1756,96,18,114,1266,461,1727
CHHATTISGARH,2009,CAUSES NOT KNOWN,1978,86,21,107,1717,442,2159
CHHATTISGARH,2009,TOTAL,18494,5355,757,6112,10359,3529,13888
CHHATTISGARH,2009,TOTAL COLLAPSE,64,1,0,1,42,22,64
CHHATTISGARH,2009,TOTAL DROWNING,1368,27,24,51,960,409,1369
CHHATTISGARH,2009,TOTAL EXPLOSION,62,0,0,0,61,1,62
CHHATTISGARH,2009,TOTAL FALLS,425,7,5,12,343,74,417
CHHATTISGARH,2009,TOTAL FIRE,837,12,33,45,234,603,837
CHHATTISGARH,2009,TOTAL SUDDEN DEATHS,652,37,9,46,526,134,660
CHHATTISGARH,2009,TOTAL POISONING,1700,9,8,17,1055,638,1693
CHHATTISGARH,2009,TOTAL TRAFFIC ACCIDENTS,8461,5060,631,5691,3191,516,3707
CHHATTISGARH,2010,AIR-CRASH,4,0,0,0,1,3,4
CHHATTISGARH,2010,COLLAPSE OF STRUCTURE(HOUSE),16,0,0,0,13,3,16
CHHATTISGARH,2010,COLLAPSE OF STRUCTURE(BUILDING),8,0,0,0,6,2,8
CHHATTISGARH,2010,COLLAPSE OF STRUCTURE(DAM),6,0,0,0,4,2,6
CHHATTISGARH,2010,COLLAPSE OF STRUCTURE(BRIDGE),0,0,0,0,0,0,0
CHHATTISGARH,2010,COLLAPSE OF STRUCTURE(OTHERS),19,0,0,0,13,6,19
CHHATTISGARH,2010,DROWNING(BOAT CAPSIZE),150,0,0,0,113,37,150
CHHATTISGARH,2010,DROWNING(OTHER),1324,0,0,0,958,366,1324
CHHATTISGARH,2010,ELECTROCUTION,512,0,0,0,433,79,512
CHHATTISGARH,2010,EXPLOSION(BOMB EXPLOSION),9,0,0,0,9,0,9
CHHATTISGARH,2010,EXPLOSION(OTHER EXPLOSION LIKE BOIL,61,0,0,0,56,5,61
CHHATTISGARH,2010,FALLS(FALL FROM HEIGHT),350,1,0,1,291,59,350
CHHATTISGARH,2010,FALL INTO PIT/MANHOLE,63,0,0,0,49,14,63
CHHATTISGARH,2010,FACTORY/MACHINE ACCIDENTS,78,0,0,0,72,6,78
CHHATTISGARH,2010,FIRE(FIREWORKS/CRACKERS),24,0,0,0,8,16,24
CHHATTISGARH,2010,FIRE(SHORT-CIRCUIT),9,0,0,0,7,2,9
CHHATTISGARH,2010,GAS CYLINDER/STOVE BURST,47,0,0,0,9,38,47
CHHATTISGARH,2010,OTHER FIRE ACCIDENTS,843,0,0,0,260,584,844
CHHATTISGARH,2010,FIRE-ARMS,221,6,0,6,215,6,221
CHHATTISGARH,2010,SUDDEN DEATHS(HEART ATTACKS),244,0,0,0,208,36,244
CHHATTISGARH,2010,EPILEPTIC FITS/GIDDINESS,70,0,0,0,53,17,70
CHHATTISGARH,2010,ABORTIONS/CHILD BIRTH,27,0,0,0,0,27,27
CHHATTISGARH,2010,INFLUENCE OF ALCOHOL,296,0,0,0,265,31,296
CHHATTISGARH,2010,KILLED BY ANIMALS,70,0,0,0,55,15,70
CHHATTISGARH,2010,MINES OR QUARY DISASTER,44,0,0,0,37,7,44
CHHATTISGARH,2010,FOOD POISIONING/ACCIDENTAL INTAKE OF INSECTICIDES ETC.,441,0,0,0,332,209,541
CHHATTISGARH,2010,SPURIOUS/POISIONOUS LIQUOR,18,0,0,0,14,4,18
CHHATTISGARH,2010,LEAKAGE OF POISINOUS GASES ETC.,6,0,0,0,6,0,6
CHHATTISGARH,2010,SNAKE BITE/ANIMAL BITE,702,0,0,0,426,286,712
CHHATTISGARH,2010,OTHER,313,0,0,0,206,107,313
CHHATTISGARH,2010,STAMPEDE,39,0,0,0,35,4,39
CHHATTISGARH,2010,SUFFOCATION,450,0,0,0,342,108,450
CHHATTISGARH,2010,TRAFFIC ACCIDENTS(ROAD ACCIDENTS),7802,4870,576,5446,2521,367,2888
CHHATTISGARH,2010,TRAFFIC ACCIDENTS(RAIL-ROAD ACCIDENTS),617,0,0,0,538,79,617
CHHATTISGARH,2010,OTHER RAILWAY ACCIDENTS,563,0,0,0,458,105,563
CHHATTISGARH,2010,OTHER,2503,0,0,0,1917,586,2503
CHHATTISGARH,2010,CAUSES NOT KNOWN,2073,0,0,0,1585,472,2057
CHHATTISGARH,2010,TOTAL,20022,4877,576,5453,11515,3688,15203
CHHATTISGARH,2010,TOTAL COLLAPSE,49,0,0,0,36,13,49
CHHATTISGARH,2010,TOTAL DROWNING,1474,0,0,0,1071,403,1474
CHHATTISGARH,2010,TOTAL EXPLOSION,70,0,0,0,65,5,70
CHHATTISGARH,2010,TOTAL FALLS,413,1,0,1,340,73,413
CHHATTISGARH,2010,TOTAL FIRE,923,0,0,0,284,640,924
CHHATTISGARH,2010,TOTAL SUDDEN DEATHS,637,0,0,0,526,111,637
CHHATTISGARH,2010,TOTAL POISONING,1480,0,0,0,984,606,1590
CHHATTISGARH,2010,TOTAL TRAFFIC ACCIDENTS,8982,4870,576,5446,3517,551,4068
CHHATTISGARH,2011,AIR-CRASH,0,0,0,0,0,0,0
CHHATTISGARH,2011,COLLAPSE OF STRUCTURE(HOUSE),31,0,0,0,16,15,31
CHHATTISGARH,2011,COLLAPSE OF STRUCTURE(BUILDING),5,0,0,0,3,2,5
CHHATTISGARH,2011,COLLAPSE OF STRUCTURE(DAM),7,0,0,0,5,2,7
CHHATTISGARH,2011,COLLAPSE OF STRUCTURE(BRIDGE),2,0,0,0,2,0,2
CHHATTISGARH,2011,COLLAPSE OF STRUCTURE(OTHERS),49,2,0,2,31,18,49
CHHATTISGARH,2011,DROWNING(BOAT CAPSIZE),232,0,1,1,154,78,232
CHHATTISGARH,2011,DROWNING(OTHER),1453,0,0,0,1029,424,1453
CHHATTISGARH,2011,ELECTROCUTION,491,1,0,1,405,86,491
CHHATTISGARH,2011,EXPLOSION(BOMB EXPLOSION),37,0,0,0,37,0,37
CHHATTISGARH,2011,EXPLOSION(OTHER EXPLOSION LIKE BOIL,9,2,0,2,9,0,9
CHHATTISGARH,2011,FALLS(FALL FROM HEIGHT),371,0,0,0,306,65,371
CHHATTISGARH,2011,FALL INTO PIT/MANHOLE,104,0,0,0,78,26,104
CHHATTISGARH,2011,FACTORY/MACHINE ACCIDENTS,42,0,0,0,38,4,42
CHHATTISGARH,2011,FIRE(FIREWORKS/CRACKERS),22,0,0,0,9,13,22
CHHATTISGARH,2011,FIRE(SHORT-CIRCUIT),6,0,0,0,6,0,6
CHHATTISGARH,2011,GAS CYLINDER/STOVE BURST,32,0,0,0,6,26,32
CHHATTISGARH,2011,OTHER FIRE ACCIDENTS,933,0,0,0,257,676,933
CHHATTISGARH,2011,FIRE-ARMS,109,13,0,13,90,6,96
CHHATTISGARH,2011,SUDDEN DEATHS(HEART ATTACKS),279,0,0,0,229,50,279
CHHATTISGARH,2011,EPILEPTIC FITS/GIDDINESS,77,0,0,0,66,11,77
CHHATTISGARH,2011,ABORTIONS/CHILD BIRTH,13,0,0,0,0,13,13
CHHATTISGARH,2011,INFLUENCE OF ALCOHOL,270,0,0,0,239,31,270
CHHATTISGARH,2011,KILLED BY ANIMALS,72,0,0,0,45,27,72
CHHATTISGARH,2011,MINES OR QUARY DISASTER,29,0,0,0,21,8,29
CHHATTISGARH,2011,FOOD POISIONING/ACCIDENTAL INTAKE OF INSECTICIDES ETC.,684,0,0,0,414,270,684
CHHATTISGARH,2011,SPURIOUS/POISIONOUS LIQUOR,2,0,0,0,2,0,2
CHHATTISGARH,2011,LEAKAGE OF POISINOUS GASES ETC.,0,0,0,0,0,0,0
CHHATTISGARH,2011,SNAKE BITE/ANIMAL BITE,823,0,0,0,438,385,823
CHHATTISGARH,2011,OTHER,414,0,0,0,272,142,414
CHHATTISGARH,2011,STAMPEDE,51,0,0,0,40,11,51
CHHATTISGARH,2011,SUFFOCATION,608,0,0,0,471,137,608
CHHATTISGARH,2011,TRAFFIC ACCIDENTS(ROAD ACCIDENTS),9195,5827,784,6611,3027,427,3454
CHHATTISGARH,2011,TRAFFIC ACCIDENTS(RAIL-ROAD ACCIDENTS),118,0,0,0,95,23,118
CHHATTISGARH,2011,OTHER RAILWAY ACCIDENTS,584,0,0,0,500,108,608
CHHATTISGARH,2011,OTHER,2087,0,0,0,1523,581,2104
CHHATTISGARH,2011,CAUSES NOT KNOWN,1780,0,0,0,1273,378,1651
CHHATTISGARH,2011,TOTAL,21021,5845,785,6630,11136,4043,15179
CHHATTISGARH,2011,TOTAL COLLAPSE,94,2,0,2,57,37,94
CHHATTISGARH,2011,TOTAL DROWNING,1685,0,1,1,1183,502,1685
CHHATTISGARH,2011,TOTAL EXPLOSION,46,2,0,2,46,0,46
CHHATTISGARH,2011,TOTAL FALLS,475,0,0,0,384,91,475
CHHATTISGARH,2011,TOTAL FIRE,993,0,0,0,278,715,993
CHHATTISGARH,2011,TOTAL SUDDEN DEATHS,639,0,0,0,534,105,639
CHHATTISGARH,2011,TOTAL POISONING,1923,0,0,0,1126,797,1923
CHHATTISGARH,2011,TOTAL TRAFFIC ACCIDENTS,9897,5827,784,6611,3622,558,4180
CHHATTISGARH,2012,AIR-CRASH,0,0,0,0,0,0,0
CHHATTISGARH,2012,COLLAPSE OF STRUCTURE(HOUSE),35,0,0,0,26,11,37
CHHATTISGARH,2012,COLLAPSE OF STRUCTURE(BUILDING),4,0,0,0,4,0,4
CHHATTISGARH,2012,COLLAPSE OF STRUCTURE(DAM),6,0,0,0,5,1,6
CHHATTISGARH,2012,COLLAPSE OF STRUCTURE(BRIDGE),7,0,0,0,5,2,7
CHHATTISGARH,2012,COLLAPSE OF STRUCTURE(OTHERS),20,0,0,0,13,13,26
CHHATTISGARH,2012,DROWNING(BOAT CAPSIZE),39,0,0,0,25,17,42
CHHATTISGARH,2012,DROWNING(OTHER),1541,64,31,95,1087,452,1539
CHHATTISGARH,2012,ELECTROCUTION,474,21,1,22,392,82,474
CHHATTISGARH,2012,EXPLOSION(BOMB EXPLOSION),9,7,0,7,10,0,10
CHHATTISGARH,2012,EXPLOSION(OTHER EXPLOSION LIKE BOIL,3,0,0,0,3,0,3
CHHATTISGARH,2012,FALLS(FALL FROM HEIGHT),340,21,8,29,293,46,339
CHHATTISGARH,2012,FALL INTO PIT/MANHOLE,76,0,0,0,58,18,76
CHHATTISGARH,2012,FACTORY/MACHINE ACCIDENTS,42,0,0,0,41,1,42
CHHATTISGARH,2012,FIRE(FIREWORKS/CRACKERS),1,0,0,0,1,0,1
CHHATTISGARH,2012,FIRE(SHORT-CIRCUIT),1,0,0,0,1,0,1
CHHATTISGARH,2012,GAS CYLINDER/STOVE BURST,13,0,0,0,2,11,13
CHHATTISGARH,2012,OTHER FIRE ACCIDENTS,894,2,7,9,229,665,894
CHHATTISGARH,2012,FIRE-ARMS,82,5,0,5,78,4,82
CHHATTISGARH,2012,SUDDEN DEATHS(HEART ATTACKS),176,0,0,0,152,24,176
CHHATTISGARH,2012,EPILEPTIC FITS/GIDDINESS,56,3,0,3,39,17,56
CHHATTISGARH,2012,ABORTIONS/CHILD BIRTH,26,0,0,0,0,26,26
CHHATTISGARH,2012,INFLUENCE OF ALCOHOL,271,3,0,3,233,38,271
CHHATTISGARH,2012,KILLED BY ANIMALS,55,7,1,8,42,13,55
CHHATTISGARH,2012,MINES OR QUARY DISASTER,20,0,0,0,14,6,20
CHHATTISGARH,2012,FOOD POISIONING/ACCIDENTAL INTAKE OF INSECTICIDES ETC.,459,27,17,44,295,164,459
CHHATTISGARH,2012,SPURIOUS/POISIONOUS LIQUOR,39,0,0,0,29,10,39
CHHATTISGARH,2012,LEAKAGE OF POISINOUS GASES ETC.,0,0,0,0,0,0,0
CHHATTISGARH,2012,SNAKE BITE/ANIMAL BITE,759,25,23,48,442,318,760
CHHATTISGARH,2012,OTHER,344,0,0,0,249,140,389
CHHATTISGARH,2012,STAMPEDE,0,0,0,0,0,0,0
CHHATTISGARH,2012,SUFFOCATION,519,0,0,0,392,127,519
CHHATTISGARH,2012,TRAFFIC ACCIDENTS(ROAD ACCIDENTS),13511,11029,2459,13488,2736,431,3167
CHHATTISGARH,2012,TRAFFIC ACCIDENTS(RAIL-ROAD ACCIDENTS),43,0,0,0,35,10,45
CHHATTISGARH,2012,OTHER RAILWAY ACCIDENTS,509,0,0,0,416,95,511
CHHATTISGARH,2012,OTHER,2062,4,2,6,1551,511,2062
CHHATTISGARH,2012,CAUSES NOT KNOWN,1974,0,0,0,1426,557,1983
CHHATTISGARH,2012,TOTAL,24410,11218,2549,13767,10324,3810,14134
CHHATTISGARH,2012,TOTAL COLLAPSE,72,0,0,0,53,27,80
CHHATTISGARH,2012,TOTAL DROWNING,1580,64,31,95,1112,469,1581
CHHATTISGARH,2012,TOTAL EXPLOSION,12,7,0,7,13,0,13
CHHATTISGARH,2012,TOTAL FALLS,416,21,8,29,351,64,415
CHHATTISGARH,2012,TOTAL FIRE,909,2,7,9,233,676,909
CHHATTISGARH,2012,TOTAL SUDDEN DEATHS,529,6,0,6,424,105,529
CHHATTISGARH,2012,TOTAL POISONING,1601,52,40,92,1015,632,1647
CHHATTISGARH,2012,TOTAL TRAFFIC ACCIDENTS,14063,11029,2459,13488,3187,536,3723
GOA,2001,AIR-CRASH,1,0,0,0,2,0,2
GOA,2001,COLLAPSE OF STRUCTURE(HOUSE),1,0,0,0,1,1,2
GOA,2001,COLLAPSE OF STRUCTURE(BUILDING),0,0,0,0,0,0,0
GOA,2001,COLLAPSE OF STRUCTURE(DAM),0,0,0,0,0,0,0
GOA,2001,COLLAPSE OF STRUCTURE(BRIDGE),0,0,0,0,0,0,0
GOA,2001,COLLAPSE OF STRUCTURE(OTHERS),2,0,0,0,2,0,2
GOA,2001,DROWNING(BOAT CAPSIZE),1,0,0,0,1,0,1
GOA,2001,DROWNING(OTHER),154,0,0,0,140,17,157
GOA,2001,ELECTROCUTION,22,0,0,0,19,3,22
GOA,2001,EXPLOSION(BOMB EXPLOSION),0,0,0,0,0,0,0
GOA,2001,EXPLOSION(OTHER EXPLOSION LIKE BOILERS,,0,0,0,0,0,0,0
GOA,2001,FALLS(FALL FROM HEIGHT),71,0,0,0,62,9,71
GOA,2001,FALL INTO PIT/MANHOLE,7,0,0,0,7,0,7
GOA,2001,FACTORY/MACHINE ACCIDENTS,6,0,0,0,6,0,6
GOA,2001,FIRE(FIREWORKS/CRACKERS),0,0,0,0,0,0,0
GOA,2001,FIRE(SHORT-CIRCUIT),2,0,0,0,2,0,2
GOA,2001,GAS CYLINDER/STOVE BURST,29,0,0,0,3,26,29
GOA,2001,OTHER FIRE ACCIDENTS,31,0,0,0,10,21,31
GOA,2001,FIRE-ARMS,1,0,0,0,1,0,1
GOA,2001,SUDDEN DEATHS(HEART ATTACKS),12,0,0,0,10,2,12
GOA,2001,EPILEPTIC FITS/GIDDINESS,2,0,0,0,2,0,2
GOA,2001,ABORTIONS/CHILD BIRTH,0,0,0,0,0,0,0
GOA,2001,INFLUENCE OF ALCOHOL,6,0,0,0,6,0,6
GOA,2001,KILLED BY ANIMALS,0,0,0,0,0,0,0
GOA,2001,MINES OR QUARY DISASTER,1,0,0,0,2,0,2
GOA,2001,FOOD POISIONING/ACCIDENTAL INTAKE OF INSECTICIDES ETC.,3,0,0,0,3,0,3
GOA,2001,SPURIOUS/POISIONOUS LIQUOR,0,0,0,0,0,0,0
GOA,2001,LEAKAGE OF POISINOUS GASES ETC.,0,0,0,0,0,0,0
GOA,2001,SNAKE BITE/ANIMAL BITE,2,0,0,0,2,0,2
GOA,2001,OTHER,12,0,0,0,9,3,12
GOA,2001,STAMPEDE,0,0,0,0,0,0,0
GOA,2001,SUFFOCATION,0,0,0,0,0,0,0
GOA,2001,TRAFFIC ACCIDENTS(ROAD ACCIDENTS),1375,352,110,462,188,39,227
GOA,2001,TRAFFIC ACCIDENTS(RAIL-ROAD ACCIDENTS),3,0,0,0,5,1,6
GOA,2001,OTHER RAILWAY ACCIDENTS,22,0,0,0,21,2,23
GOA,2001,OTHER,69,0,0,0,54,15,69
GOA,2001,CAUSES NOT KNOWN,14,0,0,0,9,5,14
GOA,2001,TOTAL,1849,352,110,462,567,144,711
GOA,2001,TOTAL COLLAPSE,3,0,0,0,3,1,4
GOA,2001,TOTAL DROWNING,155,0,0,0,141,17,158
GOA,2001,TOTAL EXPLOSION,0,0,0,0,0,0,0
GOA,2001,TOTAL FALLS,78,0,0,0,69,9,78
GOA,2001,TOTAL FIRE,62,0,0,0,15,47,62
GOA,2001,TOTAL SUDDEN DEATHS,20,0,0,0,18,2,20
GOA,2001,TOTAL POISONING,17,0,0,0,14,3,17
GOA,2001,TOTAL TRAFFIC ACCIDENTS,1400,352,110,462,214,42,256
GOA,2002,AIR-CRASH,1,0,0,0,22,0,22
GOA,2002,COLLAPSE OF STRUCTURE(HOUSE),1,2,0,2,1,0,1
GOA,2002,COLLAPSE OF STRUCTURE(BUILDING),1,0,0,0,1,0,1
GOA,2002,COLLAPSE OF STRUCTURE(DAM),0,0,0,0,0,0,0
GOA,2002,COLLAPSE OF STRUCTURE(BRIDGE),0,0,0,0,0,0,0
GOA,2002,COLLAPSE OF STRUCTURE(OTHERS),3,0,0,0,2,1,3
GOA,2002,DROWNING(BOAT CAPSIZE),1,0,0,0,1,0,1
GOA,2002,DROWNING(OTHER),162,0,0,0,169,17,186
GOA,2002,ELECTROCUTION,22,0,0,0,16,4,20
GOA,2002,EXPLOSION(BOMB EXPLOSION),0,0,0,0,0,0,0
GOA,2002,EXPLOSION(OTHER EXPLOSION LIKE BOILERS, GAS CYLINDER ETC.),0,0,0,0,0,0,0
GOA,2002,FALLS(FALL FROM HEIGHT),77,0,0,0,67,7,74
GOA,2002,FALL INTO PIT/MANHOLE,15,0,0,0,12,2,14
GOA,2002,FACTORY/MACHINE ACCIDENTS,11,0,0,0,1,11,12
GOA,2002,FIRE(FIREWORKS/CRACKERS),1,0,0,0,0,0,0
GOA,2002,FIRE(SHORT-CIRCUIT),0,0,0,0,0,0,0
GOA,2002,GAS CYLINDER/STOVE BURST,6,1,0,1,0,7,7
GOA,2002,OTHER FIRE ACCIDENTS,39,1,0,1,11,27,38
GOA,2002,FIRE-ARMS,0,0,0,0,0,0,0
GOA,2002,SUDDEN DEATHS(HEART ATTACKS),17,0,0,0,26,7,33
GOA,2002,EPILEPTIC FITS/GIDDINESS,3,0,0,0,3,0,3
GOA,2002,ABORTIONS/CHILD BIRTH,2,0,0,0,0,2,2
GOA,2002,INFLUENCE OF ALCOHOL,20,0,0,0,20,0,20
GOA,2002,KILLED BY ANIMALS,0,0,0,0,0,0,0
GOA,2002,MINES OR QUARY DISASTER,0,0,0,0,0,0,0
GOA,2002,FOOD POISIONING/ACCIDENTAL INTAKE OF INSECTICIDES ETC.,1,0,0,0,2,0,2
GOA,2002,SPURIOUS/POISIONOUS LIQUOR,0,0,0,0,0,0,0
GOA,2002,LEAKAGE OF POISINOUS GASES ETC.,0,0,0,0,0,0,0
GOA,2002,SNAKE BITE/ANIMAL BITE,4,0,0,0,1,1,2
GOA,2002,OTHER,15,0,0,0,10,4,14
GOA,2002,STAMPEDE,0,0,0,0,0,0,0
GOA,2002,SUFFOCATION,4,0,0,0,4,0,4
GOA,2002,TRAFFIC ACCIDENTS(ROAD ACCIDENTS),1201,862,136,998,210,31,241
GOA,2002,TRAFFIC ACCIDENTS(RAIL-ROAD ACCIDENTS),0,0,0,0,0,0,0
GOA,2002,OTHER RAILWAY ACCIDENTS,38,0,0,0,34,3,37
GOA,2002,OTHER,57,19,19,38,42,6,48
GOA,2002,CAUSES NOT KNOWN,49,0,0,0,43,8,51
GOA,2002,TOTAL,1751,885,155,1040,698,138,836
GOA,2002,TOTAL COLLAPSE,5,2,0,2,4,1,5
GOA,2002,TOTAL DROWNING,163,0,0,0,170,17,187
GOA,2002,TOTAL EXPLOSION,0,0,0,0,0,0,0
GOA,2002,TOTAL FALLS,92,0,0,0,79,9,88
GOA,2002,TOTAL FIRE,46,2,0,2,11,34,45
GOA,2002,TOTAL SUDDEN DEATHS,42,0,0,0,49,9,58
GOA,2002,TOTAL POISONING,20,0,0,0,13,5,18
GOA,2002,TOTAL TRAFFIC ACCIDENTS,1239,862,136,998,244,34,278
GOA,2003,AIR-CRASH,0,0,0,0,0,0,0
GOA,2003,COLLAPSE OF STRUCTURE(HOUSE),0,0,0,0,0,0,0
GOA,2003,COLLAPSE OF STRUCTURE(BUILDING),0,0,0,0,0,0,0
GOA,2003,COLLAPSE OF STRUCTURE(DAM),0,0,0,0,0,0,0
GOA,2003,COLLAPSE OF STRUCTURE(BRIDGE),0,0,0,0,0,0,0
GOA,2003,COLLAPSE OF STRUCTURE(OTHERS),3,0,0,0,2,1,3
GOA,2003,DROWNING(BOAT CAPSIZE),2,0,0,0,10,0,10
GOA,2003,DROWNING(OTHER),171,0,0,0,162,19,181
GOA,2003,ELECTROCUTION,13,0,0,0,12,1,13
GOA,2003,EXPLOSION(BOMB EXPLOSION),0,0,0,0,0,0,0
GOA,2003,EXPLOSION(OTHER EXPLOSION LIKE BOILERS,,1,0,0,0,2,0,2
GOA,2003,FALLS(FALL FROM HEIGHT),64,0,0,0,61,3,64
GOA,2003,FALL INTO PIT/MANHOLE,23,0,0,0,21,2,23
GOA,2003,FACTORY/MACHINE ACCIDENTS,2,0,0,0,2,0,2
GOA,2003,FIRE(FIREWORKS/CRACKERS),0,0,0,0,0,0,0
GOA,2003,FIRE(SHORT-CIRCUIT),1,0,0,0,1,0,1
GOA,2003,GAS CYLINDER/STOVE BURST,13,0,0,0,1,12,13
GOA,2003,OTHER FIRE ACCIDENTS,45,0,0,0,16,31,47
GOA,2003,FIRE-ARMS,0,0,0,0,0,0,0
GOA,2003,SUDDEN DEATHS(HEART ATTACKS),21,0,0,0,19,2,21
GOA,2003,EPILEPTIC FITS/GIDDINESS,1,0,0,0,1,0,1
GOA,2003,ABORTIONS/CHILD BIRTH,0,0,0,0,0,0,0
GOA,2003,INFLUENCE OF ALCOHOL,17,0,0,0,17,0,17
GOA,2003,KILLED BY ANIMALS,0,0,0,0,0,0,0
GOA,2003,MINES OR QUARY DISASTER,1,0,0,0,1,0,1
GOA,2003,FOOD POISIONING/ACCIDENTAL INTAKE OF INSECTICIDES ETC.,4,0,0,0,3,1,4
GOA,2003,SPURIOUS/POISIONOUS LIQUOR,0,0,0,0,0,0,0
GOA,2003,LEAKAGE OF POISINOUS GASES ETC.,0,0,0,0,0,0,0
GOA,2003,SNAKE BITE/ANIMAL BITE,1,0,0,0,1,0,1
GOA,2003,OTHER,3,0,0,0,1,2,3
GOA,2003,STAMPEDE,1,0,0,0,0,1,1
GOA,2003,SUFFOCATION,0,0,0,0,0,0,0
GOA,2003,TRAFFIC ACCIDENTS(ROAD ACCIDENTS),1678,817,146,963,201,30,231
GOA,2003,TRAFFIC ACCIDENTS(RAIL-ROAD ACCIDENTS),18,0,0,0,14,4,18
GOA,2003,OTHER RAILWAY ACCIDENTS,13,0,0,0,11,2,13
GOA,2003,OTHER,41,0,0,0,28,13,41
GOA,2003,CAUSES NOT KNOWN,13,0,0,0,12,1,13
GOA,2003,TOTAL,2150,817,146,963,599,125,724
GOA,2003,TOTAL COLLAPSE,3,0,0,0,2,1,3
GOA,2003,TOTAL DROWNING,173,0,0,0,172,19,191
GOA,2003,TOTAL EXPLOSION,1,0,0,0,2,0,2
GOA,2003,TOTAL FALLS,87,0,0,0,82,5,87
GOA,2003,TOTAL FIRE,59,0,0,0,18,43,61
GOA,2003,TOTAL SUDDEN DEATHS,39,0,0,0,37,2,39
GOA,2003,TOTAL POISONING,8,0,0,0,5,3,8
GOA,2003,TOTAL TRAFFIC ACCIDENTS,1709,817,146,963,226,36,262
GOA,2004,AIR-CRASH,0,0,0,0,0,0,0
GOA,2004,COLLAPSE OF STRUCTURE(HOUSE),5,0,0,0,4,1,5
GOA,2004,COLLAPSE OF STRUCTURE(BUILDING),0,0,0,0,0,0,0
GOA,2004,COLLAPSE OF STRUCTURE(DAM),0,0,0,0,0,0,0
GOA,2004,COLLAPSE OF STRUCTURE(BRIDGE),0,0,0,0,0,0,0
GOA,2004,COLLAPSE OF STRUCTURE(OTHERS),11,0,0,0,10,1,11
GOA,2004,DROWNING(BOAT CAPSIZE),0,0,0,0,0,0,0
GOA,2004,DROWNING(OTHER),163,0,0,0,152,14,166
GOA,2004,ELECTROCUTION,22,0,0,0,21,1,22
GOA,2004,EXPLOSION(BOMB EXPLOSION),0,0,0,0,0,0,0
GOA,2004,EXPLOSION(OTHER EXPLOSION LIKE BOILERS,,2,0,0,0,2,0,2
GOA,2004,FALLS(FALL FROM HEIGHT),70,0,0,0,65,5,70
GOA,2004,FALL INTO PIT/MANHOLE,16,0,0,0,13,3,16
GOA,2004,FACTORY/MACHINE ACCIDENTS,6,0,0,0,6,0,6
GOA,2004,FIRE(FIREWORKS/CRACKERS),0,0,0,0,0,0,0
GOA,2004,FIRE(SHORT-CIRCUIT),1,0,0,0,1,0,1
GOA,2004,GAS CYLINDER/STOVE BURST,11,0,0,0,4,10,14
GOA,2004,OTHER FIRE ACCIDENTS,38,0,0,0,10,28,38
GOA,2004,FIRE-ARMS,0,0,0,0,0,0,0
GOA,2004,SUDDEN DEATHS(HEART ATTACKS),36,0,0,0,28,8,36
GOA,2004,EPILEPTIC FITS/GIDDINESS,9,0,0,0,7,2,9
GOA,2004,ABORTIONS/CHILD BIRTH,0,0,0,0,0,0,0
GOA,2004,INFLUENCE OF ALCOHOL,13,0,0,0,12,1,13
GOA,2004,KILLED BY ANIMALS,1,0,0,0,1,0,1
GOA,2004,MINES OR QUARY DISASTER,0,0,0,0,0,0,0
GOA,2004,FOOD POISIONING/ACCIDENTAL INTAKE OF INSECTICIDES ETC.,0,0,0,0,0,0,0
GOA,2004,SPURIOUS/POISIONOUS LIQUOR,0,0,0,0,0,0,0
GOA,2004,LEAKAGE OF POISINOUS GASES ETC.,0,0,0,0,0,0,0
GOA,2004,SNAKE BITE/ANIMAL BITE,5,0,0,0,2,3,5
GOA,2004,OTHER,6,0,0,0,4,2,6
GOA,2004,STAMPEDE,0,0,0,0,0,0,0
GOA,2004,SUFFOCATION,2,0,0,0,2,0,2
GOA,2004,TRAFFIC ACCIDENTS(ROAD ACCIDENTS),1542,1179,196,1375,272,47,319
GOA,2004,TRAFFIC ACCIDENTS(RAIL-ROAD ACCIDENTS),9,0,0,0,8,1,9
GOA,2004,OTHER RAILWAY ACCIDENTS,26,0,0,0,24,2,26
GOA,2004,OTHER,65,0,0,0,46,20,66
GOA,2004,CAUSES NOT KNOWN,12,0,0,0,10,2,12
GOA,2004,TOTAL,2071,1179,196,1375,704,151,855
GOA,2004,TOTAL COLLAPSE,16,0,0,0,14,2,16
GOA,2004,TOTAL DROWNING,163,0,0,0,152,14,166
GOA,2004,TOTAL EXPLOSION,2,0,0,0,2,0,2
GOA,2004,TOTAL FALLS,86,0,0,0,78,8,86
GOA,2004,TOTAL FIRE,50,0,0,0,15,38,53
GOA,2004,TOTAL SUDDEN DEATHS,58,0,0,0,47,11,58
GOA,2004,TOTAL POISONING,11,0,0,0,6,5,11
GOA,2004,TOTAL TRAFFIC ACCIDENTS,1577,1179,196,1375,304,50,354
GOA,2005,AIR-CRASH,1,0,0,0,1,0,1
GOA,2005,COLLAPSE OF STRUCTURE(HOUSE),6,0,0,0,4,2,6
GOA,2005,COLLAPSE OF STRUCTURE(BUILDING),1,8,0,8,1,0,1
GOA,2005,COLLAPSE OF STRUCTURE(DAM),0,0,0,0,0,0,0
GOA,2005,COLLAPSE OF STRUCTURE(BRIDGE),0,0,0,0,0,0,0
GOA,2005,COLLAPSE OF STRUCTURE(OTHERS),6,0,0,0,7,1,8
GOA,2005,DROWNING(BOAT CAPSIZE),1,0,0,0,1,0,1
GOA,2005,DROWNING(OTHER),178,0,0,0,166,15,181
GOA,2005,ELECTROCUTION,17,0,0,0,13,4,17
GOA,2005,EXPLOSION(BOMB EXPLOSION),0,0,0,0,0,0,0
GOA,2005,EXPLOSION(OTHER EXPLOSION LIKE BOILERS,,2,0,0,0,0,2,2
GOA,2005,FALLS(FALL FROM HEIGHT),72,0,0,0,77,2,79
GOA,2005,FALL INTO PIT/MANHOLE,15,0,0,0,13,2,15
GOA,2005,FACTORY/MACHINE ACCIDENTS,4,0,0,0,4,0,4
GOA,2005,FIRE(FIREWORKS/CRACKERS),0,0,0,0,0,0,0
GOA,2005,FIRE(SHORT-CIRCUIT),0,0,0,0,0,0,0
GOA,2005,GAS CYLINDER/STOVE BURST,7,0,0,0,0,7,7
GOA,2005,OTHER FIRE ACCIDENTS,40,0,0,0,14,27,41
GOA,2005,FIRE-ARMS,1,0,0,0,1,0,1
GOA,2005,SUDDEN DEATHS(HEART ATTACKS),26,0,0,0,24,2,26
GOA,2005,EPILEPTIC FITS/GIDDINESS,7,0,0,0,6,1,7
GOA,2005,ABORTIONS/CHILD BIRTH,1,0,0,0,0,1,1
GOA,2005,INFLUENCE OF ALCOHOL,6,0,0,0,6,0,6
GOA,2005,KILLED BY ANIMALS,3,0,0,0,3,0,3
GOA,2005,MINES OR QUARY DISASTER,2,0,0,0,1,1,2
GOA,2005,FOOD POISIONING/ACCIDENTAL INTAKE OF INSECTICIDES ETC.,1,0,0,0,1,0,1
GOA,2005,SPURIOUS/POISIONOUS LIQUOR,0,0,0,0,0,0,0
GOA,2005,LEAKAGE OF POISINOUS GASES ETC.,0,0,0,0,0,0,0
GOA,2005,SNAKE BITE/ANIMAL BITE,2,0,0,0,0,2,2
GOA,2005,OTHER,4,0,0,0,2,2,4
GOA,2005,STAMPEDE,0,0,0,0,0,0,0
GOA,2005,SUFFOCATION,1,0,0,0,1,0,1
GOA,2005,TRAFFIC ACCIDENTS(ROAD ACCIDENTS),1069,675,132,807,227,31,258
GOA,2005,TRAFFIC ACCIDENTS(RAIL-ROAD ACCIDENTS),2,0,0,0,6,0,6
GOA,2005,OTHER RAILWAY ACCIDENTS,12,0,0,0,29,4,33
GOA,2005,OTHER,82,0,0,0,69,16,85
GOA,2005,CAUSES NOT KNOWN,21,0,0,0,19,4,23
GOA,2005,TOTAL,1590,683,132,815,696,126,822
GOA,2005,TOTAL COLLAPSE,13,8,0,8,12,3,15
GOA,2005,TOTAL DROWNING,179,0,0,0,167,15,182
GOA,2005,TOTAL EXPLOSION,2,0,0,0,0,2,2
GOA,2005,TOTAL FALLS,87,0,0,0,90,4,94
GOA,2005,TOTAL FIRE,47,0,0,0,14,34,48
GOA,2005,TOTAL SUDDEN DEATHS,40,0,0,0,36,4,40
GOA,2005,TOTAL POISONING,7,0,0,0,3,4,7
GOA,2005,TOTAL TRAFFIC ACCIDENTS,1083,675,132,807,262,35,297
GOA,2006,AIR-CRASH,0,0,0,0,0,0,0
GOA,2006,COLLAPSE OF STRUCTURE(HOUSE),5,0,0,0,3,2,5
GOA,2006,COLLAPSE OF STRUCTURE(BUILDING),1,0,0,0,1,0,1
GOA,2006,COLLAPSE OF STRUCTURE(DAM),0,0,0,0,0,0,0
GOA,2006,COLLAPSE OF STRUCTURE(BRIDGE),0,0,0,0,0,0,0
GOA,2006,COLLAPSE OF STRUCTURE(OTHERS),6,0,0,0,10,0,10
GOA,2006,DROWNING(BOAT CAPSIZE),1,0,0,0,2,0,2
GOA,2006,DROWNING(OTHER),171,0,0,0,164,14,178
GOA,2006,ELECTROCUTION,21,0,0,0,20,2,22
GOA,2006,EXPLOSION(BOMB EXPLOSION),0,0,0,0,0,0,0
GOA,2006,EXPLOSION(OTHER EXPLOSION LIKE BOIL,0,0,0,0,0,0,0
GOA,2006,FALLS(FALL FROM HEIGHT),50,0,0,0,52,7,59
GOA,2006,FALL INTO PIT/MANHOLE,17,0,0,0,24,3,27
GOA,2006,FACTORY/MACHINE ACCIDENTS,7,0,0,0,7,0,7
GOA,2006,FIRE(FIREWORKS/CRACKERS),1,0,0,0,5,0,5
GOA,2006,FIRE(SHORT-CIRCUIT),1,0,0,0,1,0,1
GOA,2006,GAS CYLINDER/STOVE BURST,6,0,0,0,2,4,6
GOA,2006,OTHER FIRE ACCIDENTS,21,0,0,0,4,19,23
GOA,2006,FIRE-ARMS,0,0,0,0,0,0,0
GOA,2006,SUDDEN DEATHS(HEART ATTACKS),5,0,0,0,4,1,5
GOA,2006,EPILEPTIC FITS/GIDDINESS,4,0,0,0,4,0,4
GOA,2006,ABORTIONS/CHILD BIRTH,0,0,0,0,0,0,0
GOA,2006,INFLUENCE OF ALCOHOL,7,0,0,0,7,0,7
GOA,2006,KILLED BY ANIMALS,0,0,0,0,0,0,0
GOA,2006,MINES OR QUARY DISASTER,2,0,0,0,6,0,6
GOA,2006,FOOD POISIONING/ACCIDENTAL INTAKE OF INSECTICIDES ETC.,1,0,0,0,0,1,1
GOA,2006,SPURIOUS/POISIONOUS LIQUOR,0,0,0,0,0,0,0
GOA,2006,LEAKAGE OF POISINOUS GASES ETC.,0,0,0,0,0,0,0
GOA,2006,SNAKE BITE/ANIMAL BITE,4,0,0,0,3,1,4
GOA,2006,OTHER,5,0,0,0,5,0,5
GOA,2006,STAMPEDE,0,0,0,0,0,0,0
GOA,2006,SUFFOCATION,1,0,0,0,0,1,1
GOA,2006,TRAFFIC ACCIDENTS(ROAD ACCIDENTS),3749,2553,562,3115,263,47,310
GOA,2006,TRAFFIC ACCIDENTS(RAIL-ROAD ACCIDENTS),7,0,0,0,7,0,7
GOA,2006,OTHER RAILWAY ACCIDENTS,28,0,0,0,27,4,31
GOA,2006,OTHER,53,0,1,1,44,14,58
GOA,2006,CAUSES NOT KNOWN,50,0,0,0,43,7,50
GOA,2006,TOTAL,4224,2553,563,3116,708,127,835
GOA,2006,TOTAL COLLAPSE,12,0,0,0,14,2,16
GOA,2006,TOTAL DROWNING,172,0,0,0,166,14,180
GOA,2006,TOTAL EXPLOSION,0,0,0,0,0,0,0
GOA,2006,TOTAL FALLS,67,0,0,0,76,10,86
GOA,2006,TOTAL FIRE,29,0,0,0,12,23,35
GOA,2006,TOTAL SUDDEN DEATHS,16,0,0,0,15,1,16
GOA,2006,TOTAL POISONING,10,0,0,0,8,2,10
GOA,2006,TOTAL TRAFFIC ACCIDENTS,3784,2553,562,3115,297,51,348
GOA,2007,AIR-CRASH,1,0,0,0,1,0,1
GOA,2007,COLLAPSE OF STRUCTURE(HOUSE),5,0,0,0,3,2,5
GOA,2007,COLLAPSE OF STRUCTURE(BUILDING),0,0,0,0,0,0,0
GOA,2007,COLLAPSE OF STRUCTURE(DAM),0,0,0,0,0,0,0
GOA,2007,COLLAPSE OF STRUCTURE(BRIDGE),0,0,0,0,0,0,0
GOA,2007,COLLAPSE OF STRUCTURE(OTHERS),6,0,0,0,3,3,6
GOA,2007,DROWNING(BOAT CAPSIZE),2,0,0,0,3,1,4
GOA,2007,DROWNING(OTHER),204,0,0,0,183,27,210
GOA,2007,ELECTROCUTION,29,1,1,2,27,2,29
GOA,2007,EXPLOSION(BOMB EXPLOSION),0,0,0,0,0,0,0
GOA,2007,EXPLOSION(OTHER EXPLOSION LIKE BOIL,0,0,0,0,0,0,0
GOA,2007,FALLS(FALL FROM HEIGHT),78,0,0,0,74,5,79
GOA,2007,FALL INTO PIT/MANHOLE,25,0,0,0,25,0,25
GOA,2007,FACTORY/MACHINE ACCIDENTS,2,0,0,0,1,1,2
GOA,2007,FIRE(FIREWORKS/CRACKERS),0,0,0,0,0,0,0
GOA,2007,FIRE(SHORT-CIRCUIT),2,0,0,0,1,1,2
GOA,2007,GAS CYLINDER/STOVE BURST,15,0,0,0,3,12,15
GOA,2007,OTHER FIRE ACCIDENTS,35,0,0,0,9,26,35
GOA,2007,FIRE-ARMS,0,0,0,0,0,0,0
GOA,2007,SUDDEN DEATHS(HEART ATTACKS),7,0,0,0,7,0,7
GOA,2007,EPILEPTIC FITS/GIDDINESS,3,0,0,0,2,1,3
GOA,2007,ABORTIONS/CHILD BIRTH,0,0,0,0,0,0,0
GOA,2007,INFLUENCE OF ALCOHOL,6,0,0,0,6,0,6
GOA,2007,KILLED BY ANIMALS,2,0,0,0,2,0,2
GOA,2007,MINES OR QUARY DISASTER,0,0,0,0,0,0,0
GOA,2007,FOOD POISIONING/ACCIDENTAL INTAKE OF INSECTICIDES ETC.,4,0,0,0,0,4,4
GOA,2007,SPURIOUS/POISIONOUS LIQUOR,0,0,0,0,0,0,0
GOA,2007,LEAKAGE OF POISINOUS GASES ETC.,0,0,0,0,0,0,0
GOA,2007,SNAKE BITE/ANIMAL BITE,2,0,0,0,2,0,2
GOA,2007,OTHER,11,0,0,0,7,4,11
GOA,2007,STAMPEDE,0,0,0,0,0,0,0
GOA,2007,SUFFOCATION,1,0,0,0,1,0,1
GOA,2007,TRAFFIC ACCIDENTS(ROAD ACCIDENTS),4022,2397,554,2951,299,41,340
GOA,2007,TRAFFIC ACCIDENTS(RAIL-ROAD ACCIDENTS),0,0,0,0,0,0,0
GOA,2007,OTHER RAILWAY ACCIDENTS,27,0,0,0,26,1,27
GOA,2007,OTHER,39,0,0,0,26,14,40
GOA,2007,CAUSES NOT KNOWN,41,0,0,0,36,5,41
GOA,2007,TOTAL,4569,2398,555,2953,747,150,897
GOA,2007,TOTAL COLLAPSE,11,0,0,0,6,5,11
GOA,2007,TOTAL DROWNING,206,0,0,0,186,28,214
GOA,2007,TOTAL EXPLOSION,0,0,0,0,0,0,0
GOA,2007,TOTAL FALLS,103,0,0,0,99,5,104
GOA,2007,TOTAL FIRE,52,0,0,0,13,39,52
GOA,2007,TOTAL SUDDEN DEATHS,16,0,0,0,15,1,16
GOA,2007,TOTAL POISONING,17,0,0,0,9,8,17
GOA,2007,TOTAL TRAFFIC ACCIDENTS,4049,2397,554,2951,325,42,367
GOA,2008,AIR-CRASH,0,0,0,0,0,0,0
GOA,2008,COLLAPSE OF STRUCTURE(HOUSE),2,0,0,0,2,0,2
GOA,2008,COLLAPSE OF STRUCTURE(BUILDING),0,0,0,0,0,0,0
GOA,2008,COLLAPSE OF STRUCTURE(DAM),0,0,0,0,0,0,0
GOA,2008,COLLAPSE OF STRUCTURE(BRIDGE),0,0,0,0,0,0,0
GOA,2008,COLLAPSE OF STRUCTURE(OTHERS),5,7,0,7,5,4,9
GOA,2008,DROWNING(BOAT CAPSIZE),0,0,0,0,0,0,0
GOA,2008,DROWNING(OTHER),174,1,0,1,170,11,181
GOA,2008,ELECTROCUTION,18,0,0,0,18,0,18
GOA,2008,EXPLOSION(BOMB EXPLOSION),0,0,0,0,0,0,0
GOA,2008,EXPLOSION(OTHER EXPLOSION LIKE BOIL,0,0,0,0,0,0,0
GOA,2008,FALLS(FALL FROM HEIGHT),98,0,0,0,88,10,98
GOA,2008,FALL INTO PIT/MANHOLE,10,0,0,0,9,1,10
GOA,2008,FACTORY/MACHINE ACCIDENTS,1,0,0,0,1,0,1
GOA,2008,FIRE(FIREWORKS/CRACKERS),0,0,0,0,0,0,0
GOA,2008,FIRE(SHORT-CIRCUIT),0,0,0,0,0,0,0
GOA,2008,GAS CYLINDER/STOVE BURST,14,0,0,0,2,12,14
GOA,2008,OTHER FIRE ACCIDENTS,37,0,0,0,10,27,37
GOA,2008,FIRE-ARMS,0,0,0,0,0,0,0
GOA,2008,SUDDEN DEATHS(HEART ATTACKS),27,0,0,0,26,1,27
GOA,2008,EPILEPTIC FITS/GIDDINESS,3,0,0,0,3,0,3
GOA,2008,ABORTIONS/CHILD BIRTH,3,0,0,0,0,3,3
GOA,2008,INFLUENCE OF ALCOHOL,14,0,0,0,13,1,14
GOA,2008,KILLED BY ANIMALS,1,0,0,0,1,0,1
GOA,2008,MINES OR QUARY DISASTER,0,0,0,0,0,0,0
GOA,2008,FOOD POISIONING/ACCIDENTAL INTAKE OF INSECTICIDES ETC.,0,0,0,0,0,0,0
GOA,2008,SPURIOUS/POISIONOUS LIQUOR,0,0,0,0,0,0,0
GOA,2008,LEAKAGE OF POISINOUS GASES ETC.,0,0,0,0,0,0,0
GOA,2008,SNAKE BITE/ANIMAL BITE,2,0,0,0,1,1,2
GOA,2008,OTHER,2,0,0,0,1,1,2
GOA,2008,STAMPEDE,0,0,0,0,0,0,0
GOA,2008,SUFFOCATION,0,0,0,0,0,0,0
GOA,2008,TRAFFIC ACCIDENTS(ROAD ACCIDENTS),4179,2778,583,3361,290,43,333
GOA,2008,TRAFFIC ACCIDENTS(RAIL-ROAD ACCIDENTS),0,0,0,0,0,0,0
GOA,2008,OTHER RAILWAY ACCIDENTS,30,0,0,0,30,0,30
GOA,2008,OTHER,357,0,0,0,301,61,362
GOA,2008,CAUSES NOT KNOWN,55,0,0,0,47,10,57
GOA,2008,TOTAL,5032,2786,583,3369,1018,186,1204
GOA,2008,TOTAL COLLAPSE,7,7,0,7,7,4,11
GOA,2008,TOTAL DROWNING,174,1,0,1,170,11,181
GOA,2008,TOTAL EXPLOSION,0,0,0,0,0,0,0
GOA,2008,TOTAL FALLS,108,0,0,0,97,11,108
GOA,2008,TOTAL FIRE,51,0,0,0,12,39,51
GOA,2008,TOTAL SUDDEN DEATHS,47,0,0,0,42,5,47
GOA,2008,TOTAL POISONING,4,0,0,0,2,2,4
GOA,2008,TOTAL TRAFFIC ACCIDENTS,4209,2778,583,3361,320,43,363
GOA,2009,AIR-CRASH,1,0,0,0,1,0,1
GOA,2009,COLLAPSE OF STRUCTURE(HOUSE),0,0,0,0,0,0,0
GOA,2009,COLLAPSE OF STRUCTURE(BUILDING),0,0,0,0,0,0,0
GOA,2009,COLLAPSE OF STRUCTURE(DAM),0,0,0,0,0,0,0
GOA,2009,COLLAPSE OF STRUCTURE(BRIDGE),0,0,0,0,0,0,0
GOA,2009,COLLAPSE OF STRUCTURE(OTHERS),7,0,0,0,10,0,10
GOA,2009,DROWNING(BOAT CAPSIZE),2,0,0,0,2,1,3
GOA,2009,DROWNING(OTHER),175,0,0,0,160,18,178
GOA,2009,ELECTROCUTION,24,0,0,0,21,4,25
GOA,2009,EXPLOSION(BOMB EXPLOSION),1,0,0,0,2,0,2
GOA,2009,EXPLOSION(OTHER EXPLOSION LIKE BOIL,0,0,0,0,0,0,0
GOA,2009,FALLS(FALL FROM HEIGHT),93,0,0,0,89,4,93
GOA,2009,FALL INTO PIT/MANHOLE,10,0,0,0,9,1,10
GOA,2009,FACTORY/MACHINE ACCIDENTS,5,0,0,0,4,1,5
GOA,2009,FIRE(FIREWORKS/CRACKERS),0,0,0,0,0,0,0
GOA,2009,FIRE(SHORT-CIRCUIT),0,0,0,0,0,0,0
GOA,2009,GAS CYLINDER/STOVE BURST,6,0,0,0,0,6,6
GOA,2009,OTHER FIRE ACCIDENTS,43,0,0,0,11,32,43
GOA,2009,FIRE-ARMS,0,0,0,0,0,0,0
GOA,2009,SUDDEN DEATHS(HEART ATTACKS),8,0,0,0,8,0,8
GOA,2009,EPILEPTIC FITS/GIDDINESS,0,0,0,0,0,0,0
GOA,2009,ABORTIONS/CHILD BIRTH,1,0,0,0,0,1,1
GOA,2009,INFLUENCE OF ALCOHOL,7,0,0,0,7,0,7
GOA,2009,KILLED BY ANIMALS,0,0,0,0,0,0,0
GOA,2009,MINES OR QUARY DISASTER,0,0,0,0,0,0,0
GOA,2009,FOOD POISIONING/ACCIDENTAL INTAKE OF INSECTICIDES ETC.,0,0,0,0,0,0,0
GOA,2009,SPURIOUS/POISIONOUS LIQUOR,0,0,0,0,0,0,0
GOA,2009,LEAKAGE OF POISINOUS GASES ETC.,0,0,0,0,0,0,0
GOA,2009,SNAKE BITE/ANIMAL BITE,5,0,0,0,2,3,5
GOA,2009,OTHER,2,0,0,0,1,1,2
GOA,2009,STAMPEDE,0,0,0,0,0,0,0
GOA,2009,SUFFOCATION,1,0,0,0,0,1,1
GOA,2009,TRAFFIC ACCIDENTS(ROAD ACCIDENTS),4170,2359,520,2879,289,35,324
GOA,2009,TRAFFIC ACCIDENTS(RAIL-ROAD ACCIDENTS),0,0,0,0,0,0,0
GOA,2009,OTHER RAILWAY ACCIDENTS,40,0,0,0,36,4,40
GOA,2009,OTHER,58,0,0,0,36,21,57
GOA,2009,CAUSES NOT KNOWN,39,0,0,0,31,8,39
GOA,2009,TOTAL,4698,2359,520,2879,719,141,860
GOA,2009,TOTAL COLLAPSE,7,0,0,0,10,0,10
GOA,2009,TOTAL DROWNING,177,0,0,0,162,19,181
GOA,2009,TOTAL EXPLOSION,1,0,0,0,2,0,2
GOA,2009,TOTAL FALLS,103,0,0,0,98,5,103
GOA,2009,TOTAL FIRE,49,0,0,0,11,38,49
GOA,2009,TOTAL SUDDEN DEATHS,16,0,0,0,15,1,16
GOA,2009,TOTAL POISONING,7,0,0,0,3,4,7
GOA,2009,TOTAL TRAFFIC ACCIDENTS,4210,2359,520,2879,325,39,364
GOA,2010,AIR-CRASH,0,0,0,0,0,0,0
GOA,2010,COLLAPSE OF STRUCTURE(HOUSE),4,0,0,0,3,1,4
GOA,2010,COLLAPSE OF STRUCTURE(BUILDING),0,0,0,0,0,0,0
GOA,2010,COLLAPSE OF STRUCTURE(DAM),0,0,0,0,0,0,0
GOA,2010,COLLAPSE OF STRUCTURE(BRIDGE),0,0,0,0,0,0,0
GOA,2010,COLLAPSE OF STRUCTURE(OTHERS),3,1,0,1,4,0,4
GOA,2010,DROWNING(BOAT CAPSIZE),0,0,0,0,0,0,0
GOA,2010,DROWNING(OTHER),175,0,0,0,161,24,185
GOA,2010,ELECTROCUTION,17,0,0,0,13,4,17
GOA,2010,EXPLOSION(BOMB EXPLOSION),0,0,0,0,0,0,0
GOA,2010,EXPLOSION(OTHER EXPLOSION LIKE BOIL,1,0,0,0,1,0,1
GOA,2010,FALLS(FALL FROM HEIGHT),101,0,0,0,88,13,101
GOA,2010,FALL INTO PIT/MANHOLE,19,0,0,0,17,2,19
GOA,2010,FACTORY/MACHINE ACCIDENTS,6,1,0,1,7,0,7
GOA,2010,FIRE(FIREWORKS/CRACKERS),0,0,0,0,0,0,0
GOA,2010,FIRE(SHORT-CIRCUIT),0,0,0,0,0,0,0
GOA,2010,GAS CYLINDER/STOVE BURST,10,0,0,0,5,6,11
GOA,2010,OTHER FIRE ACCIDENTS,26,0,0,0,7,19,26
GOA,2010,FIRE-ARMS,0,0,0,0,0,0,0
GOA,2010,SUDDEN DEATHS(HEART ATTACKS),21,0,0,0,20,1,21
GOA,2010,EPILEPTIC FITS/GIDDINESS,9,0,0,0,9,0,9
GOA,2010,ABORTIONS/CHILD BIRTH,0,0,0,0,0,0,0
GOA,2010,INFLUENCE OF ALCOHOL,10,0,0,0,10,0,10
GOA,2010,KILLED BY ANIMALS,0,0,0,0,0,0,0
GOA,2010,MINES OR QUARY DISASTER,1,0,0,0,1,0,1
GOA,2010,FOOD POISIONING/ACCIDENTAL INTAKE OF INSECTICIDES ETC.,4,0,0,0,2,2,4
GOA,2010,SPURIOUS/POISIONOUS LIQUOR,0,0,0,0,0,0,0
GOA,2010,LEAKAGE OF POISINOUS GASES ETC.,0,0,0,0,0,0,0
GOA,2010,SNAKE BITE/ANIMAL BITE,5,0,0,0,1,4,5
GOA,2010,OTHER,6,0,0,0,2,4,6
GOA,2010,STAMPEDE,0,0,0,0,0,0,0
GOA,2010,SUFFOCATION,1,0,0,0,1,0,1
GOA,2010,TRAFFIC ACCIDENTS(ROAD ACCIDENTS),4574,2104,572,2676,295,47,342
GOA,2010,TRAFFIC ACCIDENTS(RAIL-ROAD ACCIDENTS),0,0,0,0,0,0,0
GOA,2010,OTHER RAILWAY ACCIDENTS,55,0,0,0,46,9,55
GOA,2010,OTHER,70,0,0,0,50,20,70
GOA,2010,CAUSES NOT KNOWN,43,0,0,0,34,11,45
GOA,2010,TOTAL,5161,2106,572,2678,777,167,944
GOA,2010,TOTAL COLLAPSE,7,1,0,1,7,1,8
GOA,2010,TOTAL DROWNING,175,0,0,0,161,24,185
GOA,2010,TOTAL EXPLOSION,1,0,0,0,1,0,1
GOA,2010,TOTAL FALLS,120,0,0,0,105,15,120
GOA,2010,TOTAL FIRE,36,0,0,0,12,25,37
GOA,2010,TOTAL SUDDEN DEATHS,40,0,0,0,39,1,40
GOA,2010,TOTAL POISONING,15,0,0,0,5,10,15
GOA,2010,TOTAL TRAFFIC ACCIDENTS,4629,2104,572,2676,341,56,397
GOA,2011,AIR-CRASH,0,0,0,0,0,0,0
GOA,2011,COLLAPSE OF STRUCTURE(HOUSE),0,0,0,0,0,0,0
GOA,2011,COLLAPSE OF STRUCTURE(BUILDING),0,0,0,0,0,0,0
GOA,2011,COLLAPSE OF STRUCTURE(DAM),0,0,0,0,0,0,0
GOA,2011,COLLAPSE OF STRUCTURE(BRIDGE),0,0,0,0,0,0,0
GOA,2011,COLLAPSE OF STRUCTURE(OTHERS),9,0,0,0,9,0,9
GOA,2011,DROWNING(BOAT CAPSIZE),1,0,0,0,1,0,1
GOA,2011,DROWNING(OTHER),147,0,0,0,135,12,147
GOA,2011,ELECTROCUTION,21,0,0,0,19,2,21
GOA,2011,EXPLOSION(BOMB EXPLOSION),0,0,0,0,0,0,0
GOA,2011,EXPLOSION(OTHER EXPLOSION LIKE BOIL,2,6,0,6,2,0,2
GOA,2011,FALLS(FALL FROM HEIGHT),94,0,0,0,86,8,94
GOA,2011,FALL INTO PIT/MANHOLE,19,0,0,0,17,2,19
GOA,2011,FACTORY/MACHINE ACCIDENTS,3,0,0,0,3,0,3
GOA,2011,FIRE(FIREWORKS/CRACKERS),0,0,0,0,0,0,0
GOA,2011,FIRE(SHORT-CIRCUIT),0,0,0,0,0,0,0
GOA,2011,GAS CYLINDER/STOVE BURST,5,0,0,0,0,5,5
GOA,2011,OTHER FIRE ACCIDENTS,32,1,0,1,16,19,35
GOA,2011,FIRE-ARMS,1,1,0,1,0,0,0
GOA,2011,SUDDEN DEATHS(HEART ATTACKS),9,0,0,0,7,2,9
GOA,2011,EPILEPTIC FITS/GIDDINESS,4,0,0,0,4,0,4
GOA,2011,ABORTIONS/CHILD BIRTH,0,0,0,0,0,0,0
GOA,2011,INFLUENCE OF ALCOHOL,6,0,0,0,6,0,6
GOA,2011,KILLED BY ANIMALS,0,0,0,0,0,0,0
GOA,2011,MINES OR QUARY DISASTER,1,0,0,0,3,0,3
GOA,2011,FOOD POISIONING/ACCIDENTAL INTAKE OF INSECTICIDES ETC.,5,0,0,0,3,2,5
GOA,2011,SPURIOUS/POISIONOUS LIQUOR,0,0,0,0,0,0,0
GOA,2011,LEAKAGE OF POISINOUS GASES ETC.,0,0,0,0,0,0,0
GOA,2011,SNAKE BITE/ANIMAL BITE,4,0,0,0,4,0,4
GOA,2011,OTHER,2,0,0,0,2,0,2
GOA,2011,STAMPEDE,0,0,0,0,0,0,0
GOA,2011,SUFFOCATION,0,0,0,0,0,0,0
GOA,2011,TRAFFIC ACCIDENTS(ROAD ACCIDENTS),4561,1746,498,2244,305,33,338
GOA,2011,TRAFFIC ACCIDENTS(RAIL-ROAD ACCIDENTS),0,0,0,0,0,0,0
GOA,2011,OTHER RAILWAY ACCIDENTS,42,0,0,0,41,1,42
GOA,2011,OTHER,63,1,0,1,56,12,68
GOA,2011,CAUSES NOT KNOWN,43,0,0,0,32,11,43
GOA,2011,TOTAL,5074,1755,498,2253,751,109,860
GOA,2011,TOTAL COLLAPSE,9,0,0,0,9,0,9
GOA,2011,TOTAL DROWNING,148,0,0,0,136,12,148
GOA,2011,TOTAL EXPLOSION,2,6,0,6,2,0,2
GOA,2011,TOTAL FALLS,113,0,0,0,103,10,113
GOA,2011,TOTAL FIRE,37,1,0,1,16,24,40
GOA,2011,TOTAL SUDDEN DEATHS,19,0,0,0,17,2,19
GOA,2011,TOTAL POISONING,11,0,0,0,9,2,11
GOA,2011,TOTAL TRAFFIC ACCIDENTS,4603,1746,498,2244,346,34,380
GOA,2012,AIR-CRASH,1,0,0,0,3,0,3
GOA,2012,COLLAPSE OF STRUCTURE(HOUSE),0,0,0,0,0,0,0
GOA,2012,COLLAPSE OF STRUCTURE(BUILDING),0,0,0,0,0,0,0
GOA,2012,COLLAPSE OF STRUCTURE(DAM),0,0,0,0,0,0,0
GOA,2012,COLLAPSE OF STRUCTURE(BRIDGE),0,0,0,0,0,0,0
GOA,2012,COLLAPSE OF STRUCTURE(OTHERS),3,0,0,0,3,0,3
GOA,2012,DROWNING(BOAT CAPSIZE),0,0,0,0,0,0,0
GOA,2012,DROWNING(OTHER),107,0,0,0,119,9,128
GOA,2012,ELECTROCUTION,19,2,2,4,21,2,23
GOA,2012,EXPLOSION(BOMB EXPLOSION),0,0,0,0,0,0,0
GOA,2012,EXPLOSION(OTHER EXPLOSION LIKE BOIL,0,0,0,0,0,0,0
GOA,2012,FALLS(FALL FROM HEIGHT),81,0,0,0,85,10,95
GOA,2012,FALL INTO PIT/MANHOLE,18,0,0,0,19,1,20
GOA,2012,FACTORY/MACHINE ACCIDENTS,1,0,0,0,1,0,1
GOA,2012,FIRE(FIREWORKS/CRACKERS),0,0,0,0,0,0,0
GOA,2012,FIRE(SHORT-CIRCUIT),0,0,0,0,0,0,0
GOA,2012,GAS CYLINDER/STOVE BURST,2,0,0,0,1,3,4
GOA,2012,OTHER FIRE ACCIDENTS,21,0,0,0,7,15,22
GOA,2012,FIRE-ARMS,0,0,0,0,0,0,0
GOA,2012,SUDDEN DEATHS(HEART ATTACKS),7,0,0,0,8,0,8
GOA,2012,EPILEPTIC FITS/GIDDINESS,1,0,0,0,1,1,2
GOA,2012,ABORTIONS/CHILD BIRTH,3,0,0,0,0,3,3
GOA,2012,INFLUENCE OF ALCOHOL,5,0,0,0,7,0,7
GOA,2012,KILLED BY ANIMALS,1,0,0,0,1,0,1
GOA,2012,MINES OR QUARY DISASTER,1,4,0,4,3,0,3
GOA,2012,FOOD POISIONING/ACCIDENTAL INTAKE OF INSECTICIDES ETC.,5,0,0,0,3,2,5
GOA,2012,SPURIOUS/POISIONOUS LIQUOR,0,0,0,0,0,0,0
GOA,2012,LEAKAGE OF POISINOUS GASES ETC.,0,0,0,0,0,0,0
GOA,2012,SNAKE BITE/ANIMAL BITE,3,0,0,0,2,2,4
GOA,2012,OTHER,2,0,0,0,0,2,2
GOA,2012,STAMPEDE,0,0,0,0,0,0,0
GOA,2012,SUFFOCATION,0,0,0,0,0,0,0
GOA,2012,TRAFFIC ACCIDENTS(ROAD ACCIDENTS),4288,1644,482,2126,265,37,302
GOA,2012,TRAFFIC ACCIDENTS(RAIL-ROAD ACCIDENTS),0,0,0,0,0,0,0
GOA,2012,OTHER RAILWAY ACCIDENTS,74,0,0,0,65,9,74
GOA,2012,OTHER,71,0,0,0,54,23,77
GOA,2012,CAUSES NOT KNOWN,49,0,0,0,41,16,57
GOA,2012,TOTAL,4763,1650,484,2134,709,135,844
GOA,2012,TOTAL COLLAPSE,3,0,0,0,3,0,3
GOA,2012,TOTAL DROWNING,107,0,0,0,119,9,128
GOA,2012,TOTAL EXPLOSION,0,0,0,0,0,0,0
GOA,2012,TOTAL FALLS,99,0,0,0,104,11,115
GOA,2012,TOTAL FIRE,23,0,0,0,8,18,26
GOA,2012,TOTAL SUDDEN DEATHS,16,0,0,0,16,4,20
GOA,2012,TOTAL POISONING,10,0,0,0,5,6,11
GOA,2012,TOTAL TRAFFIC ACCIDENTS,4362,1644,482,2126,330,46,376
GUJARAT,2001,AIR-CRASH,1,0,0,0,1,0,1
GUJARAT,2001,COLLAPSE OF STRUCTURE(HOUSE),229,1379,1710,3089,531,446,977
GUJARAT,2001,COLLAPSE OF STRUCTURE(BUILDING),19,1,0,1,13,5,18
GUJARAT,2001,COLLAPSE OF STRUCTURE(DAM),4,0,0,0,3,1,4
GUJARAT,2001,COLLAPSE OF STRUCTURE(BRIDGE),2,0,0,0,2,0,2
GUJARAT,2001,COLLAPSE OF STRUCTURE(OTHERS),79,3,2,5,60,19,79
GUJARAT,2001,DROWNING(BOAT CAPSIZE),15,0,0,0,15,0,15
GUJARAT,2001,DROWNING(OTHER),887,1,0,1,744,159,903
GUJARAT,2001,ELECTROCUTION,465,8,4,12,390,74,464
GUJARAT,2001,EXPLOSION(BOMB EXPLOSION),2,0,0,0,2,0,2
GUJARAT,2001,EXPLOSION(OTHER EXPLOSION LIKE BOILERS,,17,2,1,3,11,5,16
GUJARAT,2001,FALLS(FALL FROM HEIGHT),698,14,7,21,581,98,679
GUJARAT,2001,FALL INTO PIT/MANHOLE,157,3,1,4,133,22,155
GUJARAT,2001,FACTORY/MACHINE ACCIDENTS,99,8,0,8,88,10,98
GUJARAT,2001,FIRE(FIREWORKS/CRACKERS),18,0,0,0,7,11,18
GUJARAT,2001,FIRE(SHORT-CIRCUIT),202,11,1,12,141,58,199
GUJARAT,2001,GAS CYLINDER/STOVE BURST,632,4,6,10,176,455,631
GUJARAT,2001,OTHER FIRE ACCIDENTS,1592,163,94,257,386,1118,1504
GUJARAT,2001,FIRE-ARMS,2,0,0,0,5,0,5
GUJARAT,2001,SUDDEN DEATHS(HEART ATTACKS),1033,0,0,0,914,119,1033
GUJARAT,2001,EPILEPTIC FITS/GIDDINESS,305,0,0,0,245,60,305
GUJARAT,2001,ABORTIONS/CHILD BIRTH,25,0,0,0,0,25,25
GUJARAT,2001,INFLUENCE OF ALCOHOL,41,0,0,0,36,5,41
GUJARAT,2001,KILLED BY ANIMALS,30,0,0,0,25,5,30
GUJARAT,2001,MINES OR QUARY DISASTER,6,0,0,0,5,2,7
GUJARAT,2001,FOOD POISIONING/ACCIDENTAL INTAKE OF INSECTICIDES ETC.,551,55,51,106,267,183,450
GUJARAT,2001,SPURIOUS/POISIONOUS LIQUOR,22,0,0,0,14,8,22
GUJARAT,2001,LEAKAGE OF POISINOUS GASES ETC.,23,0,0,0,20,3,23
GUJARAT,2001,SNAKE BITE/ANIMAL BITE,369,56,28,84,199,87,286
GUJARAT,2001,OTHER,264,0,0,0,164,101,265
GUJARAT,2001,STAMPEDE,2,0,0,0,2,0,2
GUJARAT,2001,SUFFOCATION,53,0,0,0,43,10,53
GUJARAT,2001,TRAFFIC ACCIDENTS(ROAD ACCIDENTS),19808,18973,4187,23160,3750,721,4471
GUJARAT,2001,TRAFFIC ACCIDENTS(RAIL-ROAD ACCIDENTS),24,2,0,2,19,3,22
GUJARAT,2001,OTHER RAILWAY ACCIDENTS,1103,2,2,4,968,148,1116
GUJARAT,2001,OTHER,731,3,3,6,555,176,731
GUJARAT,2001,CAUSES NOT KNOWN,323,0,0,0,271,52,323
GUJARAT,2001,TOTAL,29833,20688,6097,26785,10786,4189,14975
GUJARAT,2001,TOTAL COLLAPSE,333,1383,1712,3095,609,471,1080
GUJARAT,2001,TOTAL DROWNING,902,1,0,1,759,159,918
GUJARAT,2001,TOTAL EXPLOSION,19,2,1,3,13,5,18
GUJARAT,2001,TOTAL FALLS,855,17,8,25,714,120,834
GUJARAT,2001,TOTAL FIRE,2444,178,101,279,710,1642,2352
GUJARAT,2001,TOTAL SUDDEN DEATHS,1404,0,0,0,1195,209,1404
GUJARAT,2001,TOTAL POISONING,1229,111,79,190,664,382,1046
GUJARAT,2001,TOTAL TRAFFIC ACCIDENTS,20935,18977,4189,23166,4737,872,5609
GUJARAT,2002,AIR-CRASH,0,0,0,0,0,0,0
GUJARAT,2002,COLLAPSE OF STRUCTURE(HOUSE),46,1,0,1,33,12,45
GUJARAT,2002,COLLAPSE OF STRUCTURE(BUILDING),6,4,3,7,5,1,6
GUJARAT,2002,COLLAPSE OF STRUCTURE(DAM),0,0,0,0,0,0,0
GUJARAT,2002,COLLAPSE OF STRUCTURE(BRIDGE),0,0,0,0,0,0,0
GUJARAT,2002,COLLAPSE OF STRUCTURE(OTHERS),78,11,0,11,51,17,68
GUJARAT,2002,DROWNING(BOAT CAPSIZE),12,0,0,0,15,0,15
GUJARAT,2002,DROWNING(OTHER),1088,0,0,0,856,256,1112
GUJARAT,2002,ELECTROCUTION,448,8,6,14,362,78,440
GUJARAT,2002,EXPLOSION(BOMB EXPLOSION),7,2,2,4,11,0,11
GUJARAT,2002,EXPLOSION(OTHER EXPLOSION LIKE BOILERS, GAS CYLINDER ETC.),16,0,0,0,15,4,19
GUJARAT,2002,FALLS(FALL FROM HEIGHT),587,14,5,19,469,101,570
GUJARAT,2002,FALL INTO PIT/MANHOLE,227,8,3,11,167,50,217
GUJARAT,2002,FACTORY/MACHINE ACCIDENTS,114,5,3,8,94,13,107
GUJARAT,2002,FIRE(FIREWORKS/CRACKERS),9,0,0,0,5,4,9
GUJARAT,2002,FIRE(SHORT-CIRCUIT),177,3,2,5,136,36,172
GUJARAT,2002,GAS CYLINDER/STOVE BURST,696,15,17,32,152,531,683
GUJARAT,2002,OTHER FIRE ACCIDENTS,1726,31,39,70,447,1252,1699
GUJARAT,2002,FIRE-ARMS,2,0,0,0,2,0,2
GUJARAT,2002,SUDDEN DEATHS(HEART ATTACKS),994,0,0,0,870,124,994
GUJARAT,2002,EPILEPTIC FITS/GIDDINESS,306,0,0,0,244,62,306
GUJARAT,2002,ABORTIONS/CHILD BIRTH,18,0,0,0,0,18,18
GUJARAT,2002,INFLUENCE OF ALCOHOL,38,0,0,0,37,1,38
GUJARAT,2002,KILLED BY ANIMALS,34,2,1,3,18,14,32
GUJARAT,2002,MINES OR QUARY DISASTER,21,0,0,0,20,3,23
GUJARAT,2002,FOOD POISIONING/ACCIDENTAL INTAKE OF INSECTICIDES ETC.,511,39,38,77,242,194,436
GUJARAT,2002,SPURIOUS/POISIONOUS LIQUOR,13,0,0,0,8,5,13
GUJARAT,2002,LEAKAGE OF POISINOUS GASES ETC.,8,0,0,0,11,2,13
GUJARAT,2002,SNAKE BITE/ANIMAL BITE,312,8,7,15,188,118,306
GUJARAT,2002,OTHER,317,11,8,19,180,119,299
GUJARAT,2002,STAMPEDE,2,0,0,0,1,1,2
GUJARAT,2002,SUFFOCATION,47,0,0,0,37,10,47
GUJARAT,2002,TRAFFIC ACCIDENTS(ROAD ACCIDENTS),18740,17868,4293,22161,4012,703,4715
GUJARAT,2002,TRAFFIC ACCIDENTS(RAIL-ROAD ACCIDENTS),27,0,0,0,20,9,29
GUJARAT,2002,OTHER RAILWAY ACCIDENTS,1251,0,0,0,1095,168,1263
GUJARAT,2002,OTHER,917,59,39,98,655,182,837
GUJARAT,2002,CAUSES NOT KNOWN,445,0,0,0,354,91,445
GUJARAT,2002,TOTAL,29240,18089,4466,22555,10812,4179,14991
GUJARAT,2002,TOTAL COLLAPSE,130,16,3,19,89,30,119
GUJARAT,2002,TOTAL DROWNING,1100,0,0,0,871,256,1127
GUJARAT,2002,TOTAL EXPLOSION,23,2,2,4,26,4,30
GUJARAT,2002,TOTAL FALLS,814,22,8,30,636,151,787
GUJARAT,2002,TOTAL FIRE,2608,49,58,107,740,1823,2563
GUJARAT,2002,TOTAL SUDDEN DEATHS,1356,0,0,0,1151,205,1356
GUJARAT,2002,TOTAL POISONING,1161,58,53,111,629,438,1067
GUJARAT,2002,TOTAL TRAFFIC ACCIDENTS,20018,17868,4293,22161,5127,880,6007
GUJARAT,2003,AIR-CRASH,0,0,0,0,0,0,0
GUJARAT,2003,COLLAPSE OF STRUCTURE(HOUSE),51,3,2,5,36,14,50
GUJARAT,2003,COLLAPSE OF STRUCTURE(BUILDING),4,0,0,0,3,1,4
GUJARAT,2003,COLLAPSE OF STRUCTURE(DAM),0,0,0,0,0,0,0
GUJARAT,2003,COLLAPSE OF STRUCTURE(BRIDGE),1,0,0,0,1,0,1
GUJARAT,2003,COLLAPSE OF STRUCTURE(OTHERS),129,9,11,20,116,16,132
GUJARAT,2003,DROWNING(BOAT CAPSIZE),30,0,0,0,40,8,48
GUJARAT,2003,DROWNING(OTHER),1264,0,0,0,1080,226,1306
GUJARAT,2003,ELECTROCUTION,433,5,4,9,348,85,433
GUJARAT,2003,EXPLOSION(BOMB EXPLOSION),2,4,3,7,4,1,5
GUJARAT,2003,EXPLOSION(OTHER EXPLOSION LIKE BOILERS,,30,1,0,1,26,4,30
GUJARAT,2003,FALLS(FALL FROM HEIGHT),640,8,4,12,550,83,633
GUJARAT,2003,FALL INTO PIT/MANHOLE,186,3,2,5,151,31,182
GUJARAT,2003,FACTORY/MACHINE ACCIDENTS,96,5,0,5,84,9,93
GUJARAT,2003,FIRE(FIREWORKS/CRACKERS),16,0,0,0,7,9,16
GUJARAT,2003,FIRE(SHORT-CIRCUIT),194,0,0,0,144,50,194
GUJARAT,2003,GAS CYLINDER/STOVE BURST,539,2,8,10,145,399,544
GUJARAT,2003,OTHER FIRE ACCIDENTS,1682,24,79,103,360,1245,1605
GUJARAT,2003,FIRE-ARMS,7,0,0,0,6,1,7
GUJARAT,2003,SUDDEN DEATHS(HEART ATTACKS),1003,0,0,0,889,114,1003
GUJARAT,2003,EPILEPTIC FITS/GIDDINESS,440,0,0,0,366,74,440
GUJARAT,2003,ABORTIONS/CHILD BIRTH,18,0,0,0,0,18,18
GUJARAT,2003,INFLUENCE OF ALCOHOL,30,0,0,0,29,1,30
GUJARAT,2003,KILLED BY ANIMALS,78,0,0,0,66,12,78
GUJARAT,2003,MINES OR QUARY DISASTER,8,0,0,0,7,1,8
GUJARAT,2003,FOOD POISIONING/ACCIDENTAL INTAKE OF INSECTICIDES ETC.,294,3,1,4,194,96,290
GUJARAT,2003,SPURIOUS/POISIONOUS LIQUOR,30,0,0,0,16,14,30
GUJARAT,2003,LEAKAGE OF POISINOUS GASES ETC.,14,0,0,0,12,2,14
GUJARAT,2003,SNAKE BITE/ANIMAL BITE,497,38,28,66,289,142,431
GUJARAT,2003,OTHER,276,0,0,0,194,82,276
GUJARAT,2003,STAMPEDE,3,0,0,0,3,0,3
GUJARAT,2003,SUFFOCATION,32,0,0,0,27,9,36
GUJARAT,2003,TRAFFIC ACCIDENTS(ROAD ACCIDENTS),18102,18797,3677,22474,3998,815,4813
GUJARAT,2003,TRAFFIC ACCIDENTS(RAIL-ROAD ACCIDENTS),68,32,23,55,42,6,48
GUJARAT,2003,OTHER RAILWAY ACCIDENTS,1234,1,0,1,1067,171,1238
GUJARAT,2003,OTHER,1028,0,0,0,807,227,1034
GUJARAT,2003,CAUSES NOT KNOWN,320,0,0,0,257,63,320
GUJARAT,2003,TOTAL,28779,18935,3842,22777,11364,4029,15393
GUJARAT,2003,TOTAL COLLAPSE,185,12,13,25,156,31,187
GUJARAT,2003,TOTAL DROWNING,1294,0,0,0,1120,234,1354
GUJARAT,2003,TOTAL EXPLOSION,32,5,3,8,30,5,35
GUJARAT,2003,TOTAL FALLS,826,11,6,17,701,114,815
GUJARAT,2003,TOTAL FIRE,2431,26,87,113,656,1703,2359
GUJARAT,2003,TOTAL SUDDEN DEATHS,1491,0,0,0,1284,207,1491
GUJARAT,2003,TOTAL POISONING,1111,41,29,70,705,336,1041
GUJARAT,2003,TOTAL TRAFFIC ACCIDENTS,19404,18830,3700,22530,5107,992,6099
GUJARAT,2004,AIR-CRASH,11,0,0,0,9,2,11
GUJARAT,2004,COLLAPSE OF STRUCTURE(HOUSE),84,0,1,1,52,39,91
GUJARAT,2004,COLLAPSE OF STRUCTURE(BUILDING),0,0,0,0,0,0,0
GUJARAT,2004,COLLAPSE OF STRUCTURE(DAM),1,0,0,0,1,0,1
GUJARAT,2004,COLLAPSE OF STRUCTURE(BRIDGE),2,0,0,0,1,2,3
GUJARAT,2004,COLLAPSE OF STRUCTURE(OTHERS),104,7,5,12,90,22,112
GUJARAT,2004,DROWNING(BOAT CAPSIZE),11,0,0,0,11,1,12
GUJARAT,2004,DROWNING(OTHER),1357,1,0,1,1131,263,1394
GUJARAT,2004,ELECTROCUTION,488,11,2,13,378,105,483
GUJARAT,2004,EXPLOSION(BOMB EXPLOSION),0,0,0,0,0,0,0
GUJARAT,2004,EXPLOSION(OTHER EXPLOSION LIKE BOILERS,,8,2,3,5,4,4,8
GUJARAT,2004,FALLS(FALL FROM HEIGHT),773,45,8,53,603,118,721
GUJARAT,2004,FALL INTO PIT/MANHOLE,163,3,0,3,135,27,162
GUJARAT,2004,FACTORY/MACHINE ACCIDENTS,107,11,4,15,88,13,101
GUJARAT,2004,FIRE(FIREWORKS/CRACKERS),3,0,0,0,2,1,3
GUJARAT,2004,FIRE(SHORT-CIRCUIT),154,0,0,0,112,42,154
GUJARAT,2004,GAS CYLINDER/STOVE BURST,586,18,51,69,113,410,523
GUJARAT,2004,OTHER FIRE ACCIDENTS,1533,13,8,21,412,1116,1528
GUJARAT,2004,FIRE-ARMS,1,1,0,1,0,0,0
GUJARAT,2004,SUDDEN DEATHS(HEART ATTACKS),1068,0,0,0,949,119,1068
GUJARAT,2004,EPILEPTIC FITS/GIDDINESS,436,0,0,0,368,68,436
GUJARAT,2004,ABORTIONS/CHILD BIRTH,26,0,0,0,2,24,26
GUJARAT,2004,INFLUENCE OF ALCOHOL,32,0,0,0,32,2,34
GUJARAT,2004,KILLED BY ANIMALS,58,0,0,0,48,10,58
GUJARAT,2004,MINES OR QUARY DISASTER,31,4,2,6,23,10,33
GUJARAT,2004,FOOD POISIONING/ACCIDENTAL INTAKE OF INSECTICIDES ETC.,402,39,24,63,211,128,339
GUJARAT,2004,SPURIOUS/POISIONOUS LIQUOR,46,2,0,2,36,8,44
GUJARAT,2004,LEAKAGE OF POISINOUS GASES ETC.,18,0,2,2,14,5,19
GUJARAT,2004,SNAKE BITE/ANIMAL BITE,548,60,48,108,266,174,440
GUJARAT,2004,OTHER,262,7,0,7,176,80,256
GUJARAT,2004,STAMPEDE,4,0,0,0,4,0,4
GUJARAT,2004,SUFFOCATION,52,0,0,0,40,12,52
GUJARAT,2004,TRAFFIC ACCIDENTS(ROAD ACCIDENTS),18478,17133,3858,20991,4229,719,4948
GUJARAT,2004,TRAFFIC ACCIDENTS(RAIL-ROAD ACCIDENTS),69,6,4,10,38,11,49
GUJARAT,2004,OTHER RAILWAY ACCIDENTS,1048,0,0,0,932,116,1048
GUJARAT,2004,OTHER,1707,7,6,13,1336,361,1697
GUJARAT,2004,CAUSES NOT KNOWN,312,0,0,0,266,46,312
GUJARAT,2004,TOTAL,29983,17370,4026,21396,12112,4058,16170
GUJARAT,2004,TOTAL COLLAPSE,191,7,6,13,144,63,207
GUJARAT,2004,TOTAL DROWNING,1368,1,0,1,1142,264,1406
GUJARAT,2004,TOTAL EXPLOSION,8,2,3,5,4,4,8
GUJARAT,2004,TOTAL FALLS,936,48,8,56,738,145,883
GUJARAT,2004,TOTAL FIRE,2276,31,59,90,639,1569,2208
GUJARAT,2004,TOTAL SUDDEN DEATHS,1562,0,0,0,1351,213,1564
GUJARAT,2004,TOTAL POISONING,1276,108,74,182,703,395,1098
GUJARAT,2004,TOTAL TRAFFIC ACCIDENTS,19595,17139,3862,21001,5199,846,6045
GUJARAT,2005,AIR-CRASH,0,0,0,0,0,0,0
GUJARAT,2005,COLLAPSE OF STRUCTURE(HOUSE),104,9,2,11,70,40,110
GUJARAT,2005,COLLAPSE OF STRUCTURE(BUILDING),23,0,0,0,17,6,23
GUJARAT,2005,COLLAPSE OF STRUCTURE(DAM),4,0,0,0,4,0,4
GUJARAT,2005,COLLAPSE OF STRUCTURE(BRIDGE),0,0,0,0,0,0,0
GUJARAT,2005,COLLAPSE OF STRUCTURE(OTHERS),84,11,3,14,63,21,84
GUJARAT,2005,DROWNING(BOAT CAPSIZE),96,0,0,0,85,11,96
GUJARAT,2005,DROWNING(OTHER),1523,2,0,2,1274,287,1561
GUJARAT,2005,ELECTROCUTION,477,6,2,8,382,94,476
GUJARAT,2005,EXPLOSION(BOMB EXPLOSION),2,0,0,0,3,3,6
GUJARAT,2005,EXPLOSION(OTHER EXPLOSION LIKE BOILERS,,10,0,0,0,10,1,11
GUJARAT,2005,FALLS(FALL FROM HEIGHT),781,32,7,39,621,122,743
GUJARAT,2005,FALL INTO PIT/MANHOLE,230,2,0,2,187,43,230
GUJARAT,2005,FACTORY/MACHINE ACCIDENTS,71,3,0,3,53,18,71
GUJARAT,2005,FIRE(FIREWORKS/CRACKERS),6,2,1,3,1,2,3
GUJARAT,2005,FIRE(SHORT-CIRCUIT),175,4,2,6,131,40,171
GUJARAT,2005,GAS CYLINDER/STOVE BURST,475,2,4,6,128,343,471
GUJARAT,2005,OTHER FIRE ACCIDENTS,1644,33,73,106,426,1155,1581
GUJARAT,2005,FIRE-ARMS,6,0,0,0,4,2,6
GUJARAT,2005,SUDDEN DEATHS(HEART ATTACKS),1248,0,0,0,1106,142,1248
GUJARAT,2005,EPILEPTIC FITS/GIDDINESS,406,0,0,0,332,74,406
GUJARAT,2005,ABORTIONS/CHILD BIRTH,20,0,0,0,0,20,20
GUJARAT,2005,INFLUENCE OF ALCOHOL,26,0,0,0,26,0,26
GUJARAT,2005,KILLED BY ANIMALS,72,1,1,2,61,9,70
GUJARAT,2005,MINES OR QUARY DISASTER,10,0,0,0,11,3,14
GUJARAT,2005,FOOD POISIONING/ACCIDENTAL INTAKE OF INSECTICIDES ETC.,452,60,43,103,244,128,372
GUJARAT,2005,SPURIOUS/POISIONOUS LIQUOR,40,0,0,0,35,5,40
GUJARAT,2005,LEAKAGE OF POISINOUS GASES ETC.,21,0,0,0,21,0,21
GUJARAT,2005,SNAKE BITE/ANIMAL BITE,627,50,34,84,350,193,543
GUJARAT,2005,OTHER,297,0,0,0,207,91,298
GUJARAT,2005,STAMPEDE,5,0,0,0,1,4,5
GUJARAT,2005,SUFFOCATION,45,0,0,0,42,9,51
GUJARAT,2005,TRAFFIC ACCIDENTS(ROAD ACCIDENTS),18541,17619,3697,21316,4404,860,5264
GUJARAT,2005,TRAFFIC ACCIDENTS(RAIL-ROAD ACCIDENTS),34,0,0,0,27,7,34
GUJARAT,2005,OTHER RAILWAY ACCIDENTS,1130,0,0,0,993,137,1130
GUJARAT,2005,OTHER,1552,1,1,2,1280,294,1574
GUJARAT,2005,CAUSES NOT KNOWN,406,0,0,0,293,113,406
GUJARAT,2005,TOTAL,30643,17837,3870,21707,12892,4277,17169
GUJARAT,2005,TOTAL COLLAPSE,215,20,5,25,154,67,221
GUJARAT,2005,TOTAL DROWNING,1619,2,0,2,1359,298,1657
GUJARAT,2005,TOTAL EXPLOSION,12,0,0,0,13,4,17
GUJARAT,2005,TOTAL FALLS,1011,34,7,41,808,165,973
GUJARAT,2005,TOTAL FIRE,2300,41,80,121,686,1540,2226
GUJARAT,2005,TOTAL SUDDEN DEATHS,1700,0,0,0,1464,236,1700
GUJARAT,2005,TOTAL POISONING,1437,110,77,187,857,417,1274
GUJARAT,2005,TOTAL TRAFFIC ACCIDENTS,19705,17619,3697,21316,5424,1004,6428
GUJARAT,2006,AIR-CRASH,0,0,0,0,0,0,0
GUJARAT,2006,COLLAPSE OF STRUCTURE(HOUSE),88,4,3,7,48,40,88
GUJARAT,2006,COLLAPSE OF STRUCTURE(BUILDING),6,0,0,0,5,1,6
GUJARAT,2006,COLLAPSE OF STRUCTURE(DAM),3,0,0,0,2,1,3
GUJARAT,2006,COLLAPSE OF STRUCTURE(BRIDGE),6,0,0,0,3,3,6
GUJARAT,2006,COLLAPSE OF STRUCTURE(OTHERS),130,4,0,4,107,26,133
GUJARAT,2006,DROWNING(BOAT CAPSIZE),46,1,1,2,44,8,52
GUJARAT,2006,DROWNING(OTHER),1692,1,0,1,1454,282,1736
GUJARAT,2006,ELECTROCUTION,454,12,3,15,373,73,446
GUJARAT,2006,EXPLOSION(BOMB EXPLOSION),0,0,0,0,0,0,0
GUJARAT,2006,EXPLOSION(OTHER EXPLOSION LIKE BOIL,6,0,0,0,6,2,8
GUJARAT,2006,FALLS(FALL FROM HEIGHT),783,27,8,35,645,106,751
GUJARAT,2006,FALL INTO PIT/MANHOLE,217,0,0,0,184,36,220
GUJARAT,2006,FACTORY/MACHINE ACCIDENTS,93,0,1,1,78,16,94
GUJARAT,2006,FIRE(FIREWORKS/CRACKERS),20,1,0,1,8,11,19
GUJARAT,2006,FIRE(SHORT-CIRCUIT),184,0,0,0,135,49,184
GUJARAT,2006,GAS CYLINDER/STOVE BURST,607,4,10,14,202,408,610
GUJARAT,2006,OTHER FIRE ACCIDENTS,1589,39,66,105,403,1111,1514
GUJARAT,2006,FIRE-ARMS,1,0,0,0,0,1,1
GUJARAT,2006,SUDDEN DEATHS(HEART ATTACKS),1325,2,0,2,1162,161,1323
GUJARAT,2006,EPILEPTIC FITS/GIDDINESS,425,0,0,0,356,71,427
GUJARAT,2006,ABORTIONS/CHILD BIRTH,27,0,0,0,0,27,27
GUJARAT,2006,INFLUENCE OF ALCOHOL,15,0,0,0,13,2,15
GUJARAT,2006,KILLED BY ANIMALS,65,1,0,1,49,15,64
GUJARAT,2006,MINES OR QUARY DISASTER,21,0,0,0,16,5,21
GUJARAT,2006,FOOD POISIONING/ACCIDENTAL INTAKE OF INSECTICIDES ETC.,425,42,39,81,241,103,344
GUJARAT,2006,SPURIOUS/POISIONOUS LIQUOR,55,0,0,0,35,20,55
GUJARAT,2006,LEAKAGE OF POISINOUS GASES ETC.,28,0,0,0,26,7,33
GUJARAT,2006,SNAKE BITE/ANIMAL BITE,479,45,28,73,261,145,406
GUJARAT,2006,OTHER,287,0,0,0,195,92,287
GUJARAT,2006,STAMPEDE,1,0,0,0,1,0,1
GUJARAT,2006,SUFFOCATION,36,0,0,0,29,8,37
GUJARAT,2006,TRAFFIC ACCIDENTS(ROAD ACCIDENTS),18944,17949,3622,21571,4512,1087,5599
GUJARAT,2006,TRAFFIC ACCIDENTS(RAIL-ROAD ACCIDENTS),36,0,0,0,29,7,36
GUJARAT,2006,OTHER RAILWAY ACCIDENTS,1117,4,9,13,986,138,1124
GUJARAT,2006,OTHER,1502,45,21,66,1205,287,1492
GUJARAT,2006,CAUSES NOT KNOWN,474,0,0,0,376,98,474
GUJARAT,2006,TOTAL,31187,18181,3811,21992,13189,4447,17636
GUJARAT,2006,TOTAL COLLAPSE,233,8,3,11,165,71,236
GUJARAT,2006,TOTAL DROWNING,1738,2,1,3,1498,290,1788
GUJARAT,2006,TOTAL EXPLOSION,6,0,0,0,6,2,8
GUJARAT,2006,TOTAL FALLS,1000,27,8,35,829,142,971
GUJARAT,2006,TOTAL FIRE,2400,44,76,120,748,1579,2327
GUJARAT,2006,TOTAL SUDDEN DEATHS,1792,2,0,2,1531,261,1792
GUJARAT,2006,TOTAL POISONING,1274,87,67,154,758,367,1125
GUJARAT,2006,TOTAL TRAFFIC ACCIDENTS,20097,17953,3631,21584,5527,1232,6759
GUJARAT,2007,AIR-CRASH,0,0,0,0,0,0,0
GUJARAT,2007,COLLAPSE OF STRUCTURE(HOUSE),87,6,3,9,68,39,107
GUJARAT,2007,COLLAPSE OF STRUCTURE(BUILDING),5,0,0,0,4,1,5
GUJARAT,2007,COLLAPSE OF STRUCTURE(DAM),3,0,0,0,2,1,3
GUJARAT,2007,COLLAPSE OF STRUCTURE(BRIDGE),7,0,0,0,6,1,7
GUJARAT,2007,COLLAPSE OF STRUCTURE(OTHERS),119,1,0,1,94,28,122
GUJARAT,2007,DROWNING(BOAT CAPSIZE),34,9,2,11,21,4,25
GUJARAT,2007,DROWNING(OTHER),1864,3,0,3,1608,324,1932
GUJARAT,2007,ELECTROCUTION,471,2,0,2,388,84,472
GUJARAT,2007,EXPLOSION(BOMB EXPLOSION),15,0,0,0,13,2,15
GUJARAT,2007,EXPLOSION(OTHER EXPLOSION LIKE BOIL,38,3,2,5,32,7,39
GUJARAT,2007,FALLS(FALL FROM HEIGHT),755,17,6,23,611,128,739
GUJARAT,2007,FALL INTO PIT/MANHOLE,269,3,5,8,217,51,268
GUJARAT,2007,FACTORY/MACHINE ACCIDENTS,90,3,0,3,72,19,91
GUJARAT,2007,FIRE(FIREWORKS/CRACKERS),19,6,1,7,11,3,14
GUJARAT,2007,FIRE(SHORT-CIRCUIT),210,7,0,7,155,52,207
GUJARAT,2007,GAS CYLINDER/STOVE BURST,780,0,7,7,201,581,782
GUJARAT,2007,OTHER FIRE ACCIDENTS,1482,54,65,119,404,1022,1426
GUJARAT,2007,FIRE-ARMS,3,0,0,0,1,2,3
GUJARAT,2007,SUDDEN DEATHS(HEART ATTACKS),1412,0,0,0,1241,171,1412
GUJARAT,2007,EPILEPTIC FITS/GIDDINESS,577,0,0,0,452,126,578
GUJARAT,2007,ABORTIONS/CHILD BIRTH,45,0,0,0,0,46,46
GUJARAT,2007,INFLUENCE OF ALCOHOL,38,0,0,0,34,4,38
GUJARAT,2007,KILLED BY ANIMALS,65,0,0,0,41,24,65
GUJARAT,2007,MINES OR QUARY DISASTER,16,0,0,0,11,6,17
GUJARAT,2007,FOOD POISIONING/ACCIDENTAL INTAKE OF INSECTICIDES ETC.,425,18,22,40,233,158,391
GUJARAT,2007,SPURIOUS/POISIONOUS LIQUOR,84,0,0,0,70,14,84
GUJARAT,2007,LEAKAGE OF POISINOUS GASES ETC.,41,0,0,0,35,6,41
GUJARAT,2007,SNAKE BITE/ANIMAL BITE,593,29,39,68,313,214,527
GUJARAT,2007,OTHER,343,2,0,2,243,100,343
GUJARAT,2007,STAMPEDE,9,0,0,0,8,1,9
GUJARAT,2007,SUFFOCATION,56,0,0,0,42,14,56
GUJARAT,2007,TRAFFIC ACCIDENTS(ROAD ACCIDENTS),21433,17471,3641,21112,5172,1121,6293
GUJARAT,2007,TRAFFIC ACCIDENTS(RAIL-ROAD ACCIDENTS),63,0,0,0,57,8,65
GUJARAT,2007,OTHER RAILWAY ACCIDENTS,1196,3,0,3,1072,124,1196
GUJARAT,2007,OTHER,1649,11,15,26,1331,303,1634
GUJARAT,2007,CAUSES NOT KNOWN,610,0,0,0,502,112,614
GUJARAT,2007,TOTAL,34906,17648,3808,21456,14765,4901,19666
GUJARAT,2007,TOTAL COLLAPSE,221,7,3,10,174,70,244
GUJARAT,2007,TOTAL DROWNING,1898,12,2,14,1629,328,1957
GUJARAT,2007,TOTAL EXPLOSION,53,3,2,5,45,9,54
GUJARAT,2007,TOTAL FALLS,1024,20,11,31,828,179,1007
GUJARAT,2007,TOTAL FIRE,2491,67,73,140,771,1658,2429
GUJARAT,2007,TOTAL SUDDEN DEATHS,2072,0,0,0,1727,347,2074
GUJARAT,2007,TOTAL POISONING,1486,49,61,110,894,492,1386
GUJARAT,2007,TOTAL TRAFFIC ACCIDENTS,22692,17474,3641,21115,6301,1253,7554
GUJARAT,2008,AIR-CRASH,0,0,0,0,0,0,0
GUJARAT,2008,COLLAPSE OF STRUCTURE(HOUSE),86,2,1,3,51,37,88
GUJARAT,2008,COLLAPSE OF STRUCTURE(BUILDING),1,0,0,0,1,0,1
GUJARAT,2008,COLLAPSE OF STRUCTURE(DAM),5,1,0,1,4,1,5
GUJARAT,2008,COLLAPSE OF STRUCTURE(BRIDGE),2,1,0,1,1,1,2
GUJARAT,2008,COLLAPSE OF STRUCTURE(OTHERS),122,12,1,13,122,20,142
GUJARAT,2008,DROWNING(BOAT CAPSIZE),37,5,1,6,36,2,38
GUJARAT,2008,DROWNING(OTHER),1916,31,11,42,1604,319,1923
GUJARAT,2008,ELECTROCUTION,426,6,2,8,340,81,421
GUJARAT,2008,EXPLOSION(BOMB EXPLOSION),3,4,0,4,5,0,5
GUJARAT,2008,EXPLOSION(OTHER EXPLOSION LIKE BOIL,8,0,0,0,8,2,10
GUJARAT,2008,FALLS(FALL FROM HEIGHT),797,13,3,16,638,146,784
GUJARAT,2008,FALL INTO PIT/MANHOLE,294,16,7,23,249,45,294
GUJARAT,2008,FACTORY/MACHINE ACCIDENTS,137,5,0,5,119,17,136
GUJARAT,2008,FIRE(FIREWORKS/CRACKERS),4,0,0,0,4,0,4
GUJARAT,2008,FIRE(SHORT-CIRCUIT),226,8,0,8,156,66,222
GUJARAT,2008,GAS CYLINDER/STOVE BURST,850,14,30,44,217,587,804
GUJARAT,2008,OTHER FIRE ACCIDENTS,1672,22,56,78,521,1146,1667
GUJARAT,2008,FIRE-ARMS,3,3,10,13,3,0,3
GUJARAT,2008,SUDDEN DEATHS(HEART ATTACKS),1718,0,0,0,1532,180,1712
GUJARAT,2008,EPILEPTIC FITS/GIDDINESS,432,0,0,0,347,85,432
GUJARAT,2008,ABORTIONS/CHILD BIRTH,35,0,0,0,0,35,35
GUJARAT,2008,INFLUENCE OF ALCOHOL,25,0,0,0,22,3,25
GUJARAT,2008,KILLED BY ANIMALS,66,3,0,3,48,19,67
GUJARAT,2008,MINES OR QUARY DISASTER,17,9,4,13,11,4,15
GUJARAT,2008,FOOD POISIONING/ACCIDENTAL INTAKE OF INSECTICIDES ETC.,473,51,24,75,282,169,451
GUJARAT,2008,SPURIOUS/POISIONOUS LIQUOR,91,0,0,0,73,18,91
GUJARAT,2008,LEAKAGE OF POISINOUS GASES ETC.,59,0,0,0,41,18,59
GUJARAT,2008,SNAKE BITE/ANIMAL BITE,682,26,38,64,381,236,617
GUJARAT,2008,OTHER,382,14,33,47,234,112,346
GUJARAT,2008,STAMPEDE,6,0,0,0,5,1,6
GUJARAT,2008,SUFFOCATION,97,0,0,0,61,37,98
GUJARAT,2008,TRAFFIC ACCIDENTS(ROAD ACCIDENTS),21027,17850,4226,22076,5336,1050,6386
GUJARAT,2008,TRAFFIC ACCIDENTS(RAIL-ROAD ACCIDENTS),84,0,0,0,71,15,86
GUJARAT,2008,OTHER RAILWAY ACCIDENTS,1147,0,0,0,1003,145,1148
GUJARAT,2008,OTHER,1762,7,4,11,1453,308,1761
GUJARAT,2008,CAUSES NOT KNOWN,446,0,0,0,361,86,447
GUJARAT,2008,TOTAL,35138,18103,4451,22554,15340,4991,20331
GUJARAT,2008,TOTAL COLLAPSE,216,16,2,18,179,59,238
GUJARAT,2008,TOTAL DROWNING,1953,36,12,48,1640,321,1961
GUJARAT,2008,TOTAL EXPLOSION,11,4,0,4,13,2,15
GUJARAT,2008,TOTAL FALLS,1091,29,10,39,887,191,1078
GUJARAT,2008,TOTAL FIRE,2752,44,86,130,898,1799,2697
GUJARAT,2008,TOTAL SUDDEN DEATHS,2210,0,0,0,1901,303,2204
GUJARAT,2008,TOTAL POISONING,1687,91,95,186,1011,553,1564
GUJARAT,2008,TOTAL TRAFFIC ACCIDENTS,22258,17850,4226,22076,6410,1210,7620
GUJARAT,2009,AIR-CRASH,0,0,0,0,0,0,0
GUJARAT,2009,COLLAPSE OF STRUCTURE(HOUSE),67,1,0,1,48,22,70
GUJARAT,2009,COLLAPSE OF STRUCTURE(BUILDING),13,4,1,5,9,4,13
GUJARAT,2009,COLLAPSE OF STRUCTURE(DAM),1,1,0,1,1,0,1
GUJARAT,2009,COLLAPSE OF STRUCTURE(BRIDGE),1,0,0,0,5,0,5
GUJARAT,2009,COLLAPSE OF STRUCTURE(OTHERS),103,4,2,6,75,25,100
GUJARAT,2009,DROWNING(BOAT CAPSIZE),15,0,0,0,17,0,17
GUJARAT,2009,DROWNING(OTHER),1619,17,5,22,1310,331,1641
GUJARAT,2009,ELECTROCUTION,505,9,5,14,413,85,498
GUJARAT,2009,EXPLOSION(BOMB EXPLOSION),0,0,0,0,0,0,0
GUJARAT,2009,EXPLOSION(OTHER EXPLOSION LIKE BOIL,12,0,0,0,11,1,12
GUJARAT,2009,FALLS(FALL FROM HEIGHT),817,30,9,39,661,130,791
GUJARAT,2009,FALL INTO PIT/MANHOLE,298,16,8,24,222,62,284
GUJARAT,2009,FACTORY/MACHINE ACCIDENTS,128,4,0,4,99,19,118
GUJARAT,2009,FIRE(FIREWORKS/CRACKERS),5,1,0,1,2,2,4
GUJARAT,2009,FIRE(SHORT-CIRCUIT),200,8,1,9,164,31,195
GUJARAT,2009,GAS CYLINDER/STOVE BURST,868,11,8,19,219,639,858
GUJARAT,2009,OTHER FIRE ACCIDENTS,1478,32,49,81,474,936,1410
GUJARAT,2009,FIRE-ARMS,1,0,0,0,0,1,1
GUJARAT,2009,SUDDEN DEATHS(HEART ATTACKS),2004,0,0,0,1795,210,2005
GUJARAT,2009,EPILEPTIC FITS/GIDDINESS,512,0,0,0,422,91,513
GUJARAT,2009,ABORTIONS/CHILD BIRTH,33,0,1,1,0,33,33
GUJARAT,2009,INFLUENCE OF ALCOHOL,148,0,0,0,170,4,174
GUJARAT,2009,KILLED BY ANIMALS,71,3,0,3,58,13,71
GUJARAT,2009,MINES OR QUARY DISASTER,10,7,2,9,7,0,7
GUJARAT,2009,FOOD POISIONING/ACCIDENTAL INTAKE OF INSECTICIDES ETC.,497,26,21,47,298,161,459
GUJARAT,2009,SPURIOUS/POISIONOUS LIQUOR,68,0,0,0,52,16,68
GUJARAT,2009,LEAKAGE OF POISINOUS GASES ETC.,64,0,0,0,50,14,64
GUJARAT,2009,SNAKE BITE/ANIMAL BITE,756,107,82,189,346,232,578
GUJARAT,2009,OTHER,391,18,36,54,208,130,338
GUJARAT,2009,STAMPEDE,11,0,0,0,2,9,11
GUJARAT,2009,SUFFOCATION,53,0,0,0,44,9,53
GUJARAT,2009,TRAFFIC ACCIDENTS(ROAD ACCIDENTS),20101,17516,3967,21483,5707,1207,6914
GUJARAT,2009,TRAFFIC ACCIDENTS(RAIL-ROAD ACCIDENTS),64,1,0,1,61,16,77
GUJARAT,2009,OTHER RAILWAY ACCIDENTS,1026,0,0,0,885,138,1023
GUJARAT,2009,OTHER,1782,2,5,7,1370,410,1780
GUJARAT,2009,CAUSES NOT KNOWN,544,2,0,2,426,107,533
GUJARAT,2009,TOTAL,34266,17820,4202,22022,15631,5088,20719
GUJARAT,2009,TOTAL COLLAPSE,185,10,3,13,138,51,189
GUJARAT,2009,TOTAL DROWNING,1634,17,5,22,1327,331,1658
GUJARAT,2009,TOTAL EXPLOSION,12,0,0,0,11,1,12
GUJARAT,2009,TOTAL FALLS,1115,46,17,63,883,192,1075
GUJARAT,2009,TOTAL FIRE,2551,52,58,110,859,1608,2467
GUJARAT,2009,TOTAL SUDDEN DEATHS,2697,0,1,1,2387,338,2725
GUJARAT,2009,TOTAL POISONING,1776,151,139,290,954,553,1507
GUJARAT,2009,TOTAL TRAFFIC ACCIDENTS,21191,17517,3967,21484,6653,1361,8014
GUJARAT,2010,AIR-CRASH,0,0,0,0,0,0,0
GUJARAT,2010,COLLAPSE OF STRUCTURE(HOUSE),80,0,3,3,64,31,95
GUJARAT,2010,COLLAPSE OF STRUCTURE(BUILDING),10,0,0,0,5,5,10
GUJARAT,2010,COLLAPSE OF STRUCTURE(DAM),4,0,0,0,3,1,4
GUJARAT,2010,COLLAPSE OF STRUCTURE(BRIDGE),6,0,0,0,6,0,6
GUJARAT,2010,COLLAPSE OF STRUCTURE(OTHERS),101,0,0,0,97,26,123
GUJARAT,2010,DROWNING(BOAT CAPSIZE),26,0,0,0,27,4,31
GUJARAT,2010,DROWNING(OTHER),1820,5,2,7,1527,334,1861
GUJARAT,2010,ELECTROCUTION,726,5,0,5,612,116,728
GUJARAT,2010,EXPLOSION(BOMB EXPLOSION),1,0,0,0,1,0,1
GUJARAT,2010,EXPLOSION(OTHER EXPLOSION LIKE BOIL,11,0,0,0,9,2,11
GUJARAT,2010,FALLS(FALL FROM HEIGHT),1108,35,8,43,897,175,1072
GUJARAT,2010,FALL INTO PIT/MANHOLE,286,11,5,16,230,42,272
GUJARAT,2010,FACTORY/MACHINE ACCIDENTS,163,8,1,9,133,21,154
GUJARAT,2010,FIRE(FIREWORKS/CRACKERS),29,1,0,1,9,19,28
GUJARAT,2010,FIRE(SHORT-CIRCUIT),205,1,0,1,158,48,206
GUJARAT,2010,GAS CYLINDER/STOVE BURST,897,7,12,19,237,645,882
GUJARAT,2010,OTHER FIRE ACCIDENTS,1562,16,28,44,524,1011,1535
GUJARAT,2010,FIRE-ARMS,7,0,0,0,5,2,7
GUJARAT,2010,SUDDEN DEATHS(HEART ATTACKS),2270,0,0,0,2027,244,2271
GUJARAT,2010,EPILEPTIC FITS/GIDDINESS,615,2,1,3,480,135,615
GUJARAT,2010,ABORTIONS/CHILD BIRTH,40,0,0,0,0,40,40
GUJARAT,2010,INFLUENCE OF ALCOHOL,18,0,0,0,15,3,18
GUJARAT,2010,KILLED BY ANIMALS,56,0,0,0,37,20,57
GUJARAT,2010,MINES OR QUARY DISASTER,12,1,0,1,8,3,11
GUJARAT,2010,FOOD POISIONING/ACCIDENTAL INTAKE OF INSECTICIDES ETC.,540,50,33,83,290,189,479
GUJARAT,2010,SPURIOUS/POISIONOUS LIQUOR,107,0,0,0,68,39,107
GUJARAT,2010,LEAKAGE OF POISINOUS GASES ETC.,13,0,0,0,12,1,13
GUJARAT,2010,SNAKE BITE/ANIMAL BITE,765,67,54,121,383,263,646
GUJARAT,2010,OTHER,372,0,0,0,275,102,377
GUJARAT,2010,STAMPEDE,0,0,0,0,0,0,0
GUJARAT,2010,SUFFOCATION,74,0,0,0,62,14,76
GUJARAT,2010,TRAFFIC ACCIDENTS(ROAD ACCIDENTS),20498,17139,4093,21232,6253,1131,7384
GUJARAT,2010,TRAFFIC ACCIDENTS(RAIL-ROAD ACCIDENTS),69,0,0,0,55,14,69
GUJARAT,2010,OTHER RAILWAY ACCIDENTS,1011,0,0,0,870,141,1011
GUJARAT,2010,OTHER,2185,0,0,0,1685,511,2196
GUJARAT,2010,CAUSES NOT KNOWN,735,0,6,6,584,152,736
GUJARAT,2010,TOTAL,36422,17348,4246,21594,17648,5484,23132
GUJARAT,2010,TOTAL COLLAPSE,201,0,3,3,175,63,238
GUJARAT,2010,TOTAL DROWNING,1846,5,2,7,1554,338,1892
GUJARAT,2010,TOTAL EXPLOSION,12,0,0,0,10,2,12
GUJARAT,2010,TOTAL FALLS,1394,46,13,59,1127,217,1344
GUJARAT,2010,TOTAL FIRE,2693,25,40,65,928,1723,2651
GUJARAT,2010,TOTAL SUDDEN DEATHS,2943,2,1,3,2522,422,2944
GUJARAT,2010,TOTAL POISONING,1797,117,87,204,1028,594,1622
GUJARAT,2010,TOTAL TRAFFIC ACCIDENTS,21578,17139,4093,21232,7178,1286,8464
GUJARAT,2011,AIR-CRASH,0,0,0,0,0,0,0
GUJARAT,2011,COLLAPSE OF STRUCTURE(HOUSE),63,4,6,10,52,22,74
GUJARAT,2011,COLLAPSE OF STRUCTURE(BUILDING),46,0,0,0,41,5,46
GUJARAT,2011,COLLAPSE OF STRUCTURE(DAM),3,0,0,0,5,3,8
GUJARAT,2011,COLLAPSE OF STRUCTURE(BRIDGE),3,0,0,0,2,1,3
GUJARAT,2011,COLLAPSE OF STRUCTURE(OTHERS),102,0,0,0,81,24,105
GUJARAT,2011,DROWNING(BOAT CAPSIZE),17,0,0,0,18,1,19
GUJARAT,2011,DROWNING(OTHER),1894,7,2,9,1579,355,1934
GUJARAT,2011,ELECTROCUTION,596,10,2,12,466,125,591
GUJARAT,2011,EXPLOSION(BOMB EXPLOSION),0,0,0,0,0,0,0
GUJARAT,2011,EXPLOSION(OTHER EXPLOSION LIKE BOIL,7,1,0,1,20,0,20
GUJARAT,2011,FALLS(FALL FROM HEIGHT),1012,10,5,15,840,160,1000
GUJARAT,2011,FALL INTO PIT/MANHOLE,256,10,2,12,216,29,245
GUJARAT,2011,FACTORY/MACHINE ACCIDENTS,161,7,0,7,136,18,154
GUJARAT,2011,FIRE(FIREWORKS/CRACKERS),6,1,2,3,1,2,3
GUJARAT,2011,FIRE(SHORT-CIRCUIT),274,2,0,2,222,59,281
GUJARAT,2011,GAS CYLINDER/STOVE BURST,762,8,21,29,176,559,735
GUJARAT,2011,OTHER FIRE ACCIDENTS,1546,26,50,76,449,1046,1495
GUJARAT,2011,FIRE-ARMS,3,0,0,0,1,2,3
GUJARAT,2011,SUDDEN DEATHS(HEART ATTACKS),1952,0,0,0,1750,211,1961
GUJARAT,2011,EPILEPTIC FITS/GIDDINESS,594,0,0,0,489,105,594
GUJARAT,2011,ABORTIONS/CHILD BIRTH,39,0,0,0,0,39,39
GUJARAT,2011,INFLUENCE OF ALCOHOL,23,0,0,0,21,2,23
GUJARAT,2011,KILLED BY ANIMALS,43,0,0,0,31,13,44
GUJARAT,2011,MINES OR QUARY DISASTER,3,0,0,0,2,1,3
GUJARAT,2011,FOOD POISIONING/ACCIDENTAL INTAKE OF INSECTICIDES ETC.,491,79,59,138,243,126,369
GUJARAT,2011,SPURIOUS/POISIONOUS LIQUOR,217,0,0,0,154,67,221
GUJARAT,2011,LEAKAGE OF POISINOUS GASES ETC.,56,0,0,0,54,2,56
GUJARAT,2011,SNAKE BITE/ANIMAL BITE,569,25,13,38,341,206,547
GUJARAT,2011,OTHER,341,0,0,0,191,155,346
GUJARAT,2011,STAMPEDE,5,0,0,0,4,1,5
GUJARAT,2011,SUFFOCATION,91,0,0,0,77,16,93
GUJARAT,2011,TRAFFIC ACCIDENTS(ROAD ACCIDENTS),30199,23222,5250,28472,6680,1326,8006
GUJARAT,2011,TRAFFIC ACCIDENTS(RAIL-ROAD ACCIDENTS),42,0,0,0,38,5,43
GUJARAT,2011,OTHER RAILWAY ACCIDENTS,1070,0,0,0,929,141,1070
GUJARAT,2011,OTHER,1884,9,6,15,1554,351,1905
GUJARAT,2011,CAUSES NOT KNOWN,622,0,0,0,514,132,646
GUJARAT,2011,TOTAL,44992,23421,5418,28839,17377,5310,22687
GUJARAT,2011,TOTAL COLLAPSE,217,4,6,10,181,55,236
GUJARAT,2011,TOTAL DROWNING,1911,7,2,9,1597,356,1953
GUJARAT,2011,TOTAL EXPLOSION,7,1,0,1,20,0,20
GUJARAT,2011,TOTAL FALLS,1268,20,7,27,1056,189,1245
GUJARAT,2011,TOTAL FIRE,2588,37,73,110,848,1666,2514
GUJARAT,2011,TOTAL SUDDEN DEATHS,2608,0,0,0,2260,357,2617
GUJARAT,2011,TOTAL POISONING,1674,104,72,176,983,556,1539
GUJARAT,2011,TOTAL TRAFFIC ACCIDENTS,31311,23222,5250,28472,7647,1472,9119
GUJARAT,2012,AIR-CRASH,1,0,0,0,9,0,9
GUJARAT,2012,COLLAPSE OF STRUCTURE(HOUSE),61,4,4,8,42,21,63
GUJARAT,2012,COLLAPSE OF STRUCTURE(BUILDING),50,0,0,0,39,11,50
GUJARAT,2012,COLLAPSE OF STRUCTURE(DAM),3,0,0,0,6,1,7
GUJARAT,2012,COLLAPSE OF STRUCTURE(BRIDGE),2,0,0,0,2,0,2
GUJARAT,2012,COLLAPSE OF STRUCTURE(OTHERS),81,6,4,10,58,25,83
GUJARAT,2012,DROWNING(BOAT CAPSIZE),126,8,2,10,122,28,150
GUJARAT,2012,DROWNING(OTHER),1545,14,11,25,1257,304,1561
GUJARAT,2012,ELECTROCUTION,516,7,2,9,420,98,518
GUJARAT,2012,EXPLOSION(BOMB EXPLOSION),0,0,0,0,0,0,0
GUJARAT,2012,EXPLOSION(OTHER EXPLOSION LIKE BOIL,3,0,0,0,2,1,3
GUJARAT,2012,FALLS(FALL FROM HEIGHT),1238,22,5,27,1042,179,1221
GUJARAT,2012,FALL INTO PIT/MANHOLE,304,18,6,24,242,41,283
GUJARAT,2012,FACTORY/MACHINE ACCIDENTS,171,6,0,6,153,12,165
GUJARAT,2012,FIRE(FIREWORKS/CRACKERS),27,2,0,2,11,14,25
GUJARAT,2012,FIRE(SHORT-CIRCUIT),298,0,0,0,239,61,300
GUJARAT,2012,GAS CYLINDER/STOVE BURST,813,4,0,4,203,620,823
GUJARAT,2012,OTHER FIRE ACCIDENTS,1223,25,46,71,395,807,1202
GUJARAT,2012,FIRE-ARMS,5,0,0,0,3,2,5
GUJARAT,2012,SUDDEN DEATHS(HEART ATTACKS),2464,0,0,0,2202,268,2470
GUJARAT,2012,EPILEPTIC FITS/GIDDINESS,593,3,0,3,474,121,595
GUJARAT,2012,ABORTIONS/CHILD BIRTH,41,0,0,0,0,41,41
GUJARAT,2012,INFLUENCE OF ALCOHOL,17,0,0,0,13,5,18
GUJARAT,2012,KILLED BY ANIMALS,45,0,0,0,35,11,46
GUJARAT,2012,MINES OR QUARY DISASTER,6,0,0,0,9,1,10
GUJARAT,2012,FOOD POISIONING/ACCIDENTAL INTAKE OF INSECTICIDES ETC.,472,19,27,46,271,178,449
GUJARAT,2012,SPURIOUS/POISIONOUS LIQUOR,139,0,0,0,100,43,143
GUJARAT,2012,LEAKAGE OF POISINOUS GASES ETC.,43,0,0,0,37,11,48
GUJARAT,2012,SNAKE BITE/ANIMAL BITE,618,25,16,41,366,224,590
GUJARAT,2012,OTHER,563,0,0,0,396,170,566
GUJARAT,2012,STAMPEDE,9,23,25,48,7,8,15
GUJARAT,2012,SUFFOCATION,86,0,0,0,67,19,86
GUJARAT,2012,TRAFFIC ACCIDENTS(ROAD ACCIDENTS),27267,21902,5352,27254,6639,1216,7855
GUJARAT,2012,TRAFFIC ACCIDENTS(RAIL-ROAD ACCIDENTS),56,0,0,0,46,10,56
GUJARAT,2012,OTHER RAILWAY ACCIDENTS,1068,0,0,0,935,142,1077
GUJARAT,2012,OTHER,1953,0,0,0,1461,356,1817
GUJARAT,2012,CAUSES NOT KNOWN,925,17,12,29,703,202,905
GUJARAT,2012,TOTAL,42832,22105,5512,27617,18006,5251,23257
GUJARAT,2012,TOTAL COLLAPSE,197,10,8,18,147,58,205
GUJARAT,2012,TOTAL DROWNING,1671,22,13,35,1379,332,1711
GUJARAT,2012,TOTAL EXPLOSION,3,0,0,0,2,1,3
GUJARAT,2012,TOTAL FALLS,1542,40,11,51,1284,220,1504
GUJARAT,2012,TOTAL FIRE,2361,31,46,77,848,1502,2350
GUJARAT,2012,TOTAL SUDDEN DEATHS,3115,3,0,3,2689,435,3124
GUJARAT,2012,TOTAL POISONING,1835,44,43,87,1170,626,1796
GUJARAT,2012,TOTAL TRAFFIC ACCIDENTS,28391,21902,5352,27254,7620,1368,8988
HARYANA,2001,AIR-CRASH,0,0,0,0,0,0,0
HARYANA,2001,COLLAPSE OF STRUCTURE(HOUSE),12,0,0,0,9,5,14
HARYANA,2001,COLLAPSE OF STRUCTURE(BUILDING),0,0,0,0,0,0,0
HARYANA,2001,COLLAPSE OF STRUCTURE(DAM),0,0,0,0,0,0,0
HARYANA,2001,COLLAPSE OF STRUCTURE(BRIDGE),0,0,0,0,0,0,0
HARYANA,2001,COLLAPSE OF STRUCTURE(OTHERS),20,0,0,0,18,2,20
HARYANA,2001,DROWNING(BOAT CAPSIZE),13,0,0,0,11,2,13
HARYANA,2001,DROWNING(OTHER),275,4,2,6,221,48,269
HARYANA,2001,ELECTROCUTION,149,0,0,0,142,8,150
HARYANA,2001,EXPLOSION(BOMB EXPLOSION),0,0,0,0,0,0,0
HARYANA,2001,EXPLOSION(OTHER EXPLOSION LIKE BOILERS,,15,0,0,0,4,11,15
HARYANA,2001,FALLS(FALL FROM HEIGHT),88,0,0,0,75,13,88
HARYANA,2001,FALL INTO PIT/MANHOLE,22,0,0,0,21,1,22
HARYANA,2001,FACTORY/MACHINE ACCIDENTS,28,0,0,0,26,2,28
HARYANA,2001,FIRE(FIREWORKS/CRACKERS),2,0,0,0,1,1,2
HARYANA,2001,FIRE(SHORT-CIRCUIT),7,0,0,0,6,1,7
HARYANA,2001,GAS CYLINDER/STOVE BURST,92,0,0,0,27,65,92
HARYANA,2001,OTHER FIRE ACCIDENTS,364,0,0,0,182,197,379
HARYANA,2001,FIRE-ARMS,20,0,0,0,18,2,20
HARYANA,2001,SUDDEN DEATHS(HEART ATTACKS),343,0,0,0,306,37,343
HARYANA,2001,EPILEPTIC FITS/GIDDINESS,40,0,0,0,28,12,40
HARYANA,2001,ABORTIONS/CHILD BIRTH,7,0,0,0,0,7,7
HARYANA,2001,INFLUENCE OF ALCOHOL,143,0,0,0,142,1,143
HARYANA,2001,KILLED BY ANIMALS,4,0,0,0,4,0,4
HARYANA,2001,MINES OR QUARY DISASTER,16,0,0,0,15,1,16
HARYANA,2001,FOOD POISIONING/ACCIDENTAL INTAKE OF INSECTICIDES ETC.,422,0,0,0,299,139,438
HARYANA,2001,SPURIOUS/POISIONOUS LIQUOR,0,0,0,0,0,0,0
HARYANA,2001,LEAKAGE OF POISINOUS GASES ETC.,2,0,0,0,2,0,2
HARYANA,2001,SNAKE BITE/ANIMAL BITE,31,0,0,0,19,12,31
HARYANA,2001,OTHER,141,0,0,0,101,40,141
HARYANA,2001,STAMPEDE,1,0,0,0,1,0,1
HARYANA,2001,SUFFOCATION,11,0,0,0,8,3,11
HARYANA,2001,TRAFFIC ACCIDENTS(ROAD ACCIDENTS),6373,5589,829,6418,2225,343,2568
HARYANA,2001,TRAFFIC ACCIDENTS(RAIL-ROAD ACCIDENTS),7,2,0,2,7,0,7
HARYANA,2001,OTHER RAILWAY ACCIDENTS,1231,0,0,0,1099,132,1231
HARYANA,2001,OTHER,328,1,0,1,287,56,343
HARYANA,2001,CAUSES NOT KNOWN,99,0,0,0,76,23,99
HARYANA,2001,TOTAL,10306,5596,831,6427,5380,1164,6544
HARYANA,2001,TOTAL COLLAPSE,32,0,0,0,27,7,34
HARYANA,2001,TOTAL DROWNING,288,4,2,6,232,50,282
HARYANA,2001,TOTAL EXPLOSION,15,0,0,0,4,11,15
HARYANA,2001,TOTAL FALLS,110,0,0,0,96,14,110
HARYANA,2001,TOTAL FIRE,465,0,0,0,216,264,480
HARYANA,2001,TOTAL SUDDEN DEATHS,533,0,0,0,476,57,533
HARYANA,2001,TOTAL POISONING,596,0,0,0,421,191,612
HARYANA,2001,TOTAL TRAFFIC ACCIDENTS,7611,5591,829,6420,3331,475,3806
HARYANA,2002,AIR-CRASH,2,0,0,0,2,0,2
HARYANA,2002,COLLAPSE OF STRUCTURE(HOUSE),0,0,0,0,0,0,0
HARYANA,2002,COLLAPSE OF STRUCTURE(BUILDING),0,0,0,0,0,0,0
HARYANA,2002,COLLAPSE OF STRUCTURE(DAM),0,0,0,0,0,0,0
HARYANA,2002,COLLAPSE OF STRUCTURE(BRIDGE),0,0,0,0,0,0,0
HARYANA,2002,COLLAPSE OF STRUCTURE(OTHERS),2,0,0,0,2,0,2
HARYANA,2002,DROWNING(BOAT CAPSIZE),0,0,0,0,0,0,0
HARYANA,2002,DROWNING(OTHER),50,0,0,0,41,9,50
HARYANA,2002,ELECTROCUTION,20,0,0,0,20,0,20
HARYANA,2002,EXPLOSION(BOMB EXPLOSION),0,0,0,0,0,0,0
HARYANA,2002,EXPLOSION(OTHER EXPLOSION LIKE BOILERS, GAS CYLINDER ETC.),0,0,0,0,0,0,0
HARYANA,2002,FALLS(FALL FROM HEIGHT),12,1,0,1,16,2,18
HARYANA,2002,FALL INTO PIT/MANHOLE,0,0,0,0,0,0,0
HARYANA,2002,FACTORY/MACHINE ACCIDENTS,1,0,0,0,1,0,1
HARYANA,2002,FIRE(FIREWORKS/CRACKERS),0,0,0,0,0,0,0
HARYANA,2002,FIRE(SHORT-CIRCUIT),0,0,0,0,0,0,0
HARYANA,2002,GAS CYLINDER/STOVE BURST,9,0,0,0,4,9,13
HARYANA,2002,OTHER FIRE ACCIDENTS,8,0,0,0,6,2,8
HARYANA,2002,FIRE-ARMS,0,0,0,0,0,0,0
HARYANA,2002,SUDDEN DEATHS(HEART ATTACKS),6,0,0,0,4,2,6
HARYANA,2002,EPILEPTIC FITS/GIDDINESS,0,0,0,0,0,0,0
HARYANA,2002,ABORTIONS/CHILD BIRTH,0,0,0,0,0,0,0
HARYANA,2002,INFLUENCE OF ALCOHOL,0,0,0,0,0,0,0
HARYANA,2002,KILLED BY ANIMALS,0,0,0,0,0,0,0
HARYANA,2002,MINES OR QUARY DISASTER,0,0,0,0,0,0,0
HARYANA,2002,FOOD POISIONING/ACCIDENTAL INTAKE OF INSECTICIDES ETC.,0,0,0,0,0,0,0
HARYANA,2002,SPURIOUS/POISIONOUS LIQUOR,0,0,0,0,0,0,0
HARYANA,2002,LEAKAGE OF POISINOUS GASES ETC.,0,0,0,0,0,0,0
HARYANA,2002,SNAKE BITE/ANIMAL BITE,0,0,0,0,0,0,0
HARYANA,2002,OTHER,53,0,0,0,28,25,53
HARYANA,2002,STAMPEDE,0,0,0,0,0,0,0
HARYANA,2002,SUFFOCATION,0,0,0,0,0,0,0
HARYANA,2002,TRAFFIC ACCIDENTS(ROAD ACCIDENTS),7087,5602,1217,6819,2102,332,2434
HARYANA,2002,TRAFFIC ACCIDENTS(RAIL-ROAD ACCIDENTS),0,0,0,0,0,0,0
HARYANA,2002,OTHER RAILWAY ACCIDENTS,0,0,0,0,0,0,0
HARYANA,2002,OTHER,19,0,0,0,15,4,19
HARYANA,2002,CAUSES NOT KNOWN,21,0,0,0,12,9,21
HARYANA,2002,TOTAL,7290,5603,1217,6820,2253,394,2647
HARYANA,2002,TOTAL COLLAPSE,2,0,0,0,2,0,2
HARYANA,2002,TOTAL DROWNING,50,0,0,0,41,9,50
HARYANA,2002,TOTAL EXPLOSION,0,0,0,0,0,0,0
HARYANA,2002,TOTAL FALLS,12,1,0,1,16,2,18
HARYANA,2002,TOTAL FIRE,17,0,0,0,10,11,21
HARYANA,2002,TOTAL SUDDEN DEATHS,6,0,0,0,4,2,6
HARYANA,2002,TOTAL POISONING,53,0,0,0,28,25,53
HARYANA,2002,TOTAL TRAFFIC ACCIDENTS,7087,5602,1217,6819,2102,332,2434
HARYANA,2003,AIR-CRASH,0,0,0,0,0,0,0
HARYANA,2003,COLLAPSE OF STRUCTURE(HOUSE),11,0,0,0,7,4,11
HARYANA,2003,COLLAPSE OF STRUCTURE(BUILDING),5,0,0,0,5,0,5
HARYANA,2003,COLLAPSE OF STRUCTURE(DAM),0,0,0,0,0,0,0
HARYANA,2003,COLLAPSE OF STRUCTURE(BRIDGE),3,0,0,0,3,0,3
HARYANA,2003,COLLAPSE OF STRUCTURE(OTHERS),21,0,0,0,21,1,22
HARYANA,2003,DROWNING(BOAT CAPSIZE),0,0,0,0,0,0,0
HARYANA,2003,DROWNING(OTHER),317,0,0,0,260,58,318
HARYANA,2003,ELECTROCUTION,179,0,0,0,160,20,180
HARYANA,2003,EXPLOSION(BOMB EXPLOSION),0,0,0,0,0,0,0
HARYANA,2003,EXPLOSION(OTHER EXPLOSION LIKE BOILERS,,6,0,0,0,7,1,8
HARYANA,2003,FALLS(FALL FROM HEIGHT),98,0,0,0,83,15,98
HARYANA,2003,FALL INTO PIT/MANHOLE,38,0,0,0,34,4,38
HARYANA,2003,FACTORY/MACHINE ACCIDENTS,35,0,0,0,34,3,37
HARYANA,2003,FIRE(FIREWORKS/CRACKERS),8,0,0,0,2,6,8
HARYANA,2003,FIRE(SHORT-CIRCUIT),23,0,0,0,25,2,27
HARYANA,2003,GAS CYLINDER/STOVE BURST,116,0,0,0,30,86,116
HARYANA,2003,OTHER FIRE ACCIDENTS,202,0,8,8,104,90,194
HARYANA,2003,FIRE-ARMS,40,2,0,2,26,14,40
HARYANA,2003,SUDDEN DEATHS(HEART ATTACKS),248,0,0,0,227,22,249
HARYANA,2003,EPILEPTIC FITS/GIDDINESS,33,0,0,0,30,3,33
HARYANA,2003,ABORTIONS/CHILD BIRTH,8,0,0,0,0,8,8
HARYANA,2003,INFLUENCE OF ALCOHOL,133,0,0,0,131,2,133
HARYANA,2003,KILLED BY ANIMALS,34,0,0,0,27,7,34
HARYANA,2003,MINES OR QUARY DISASTER,21,0,0,0,17,4,21
HARYANA,2003,FOOD POISIONING/ACCIDENTAL INTAKE OF INSECTICIDES ETC.,275,25,20,45,167,63,230
HARYANA,2003,SPURIOUS/POISIONOUS LIQUOR,9,0,0,0,9,0,9
HARYANA,2003,LEAKAGE OF POISINOUS GASES ETC.,4,0,0,0,4,0,4
HARYANA,2003,SNAKE BITE/ANIMAL BITE,10,0,0,0,8,2,10
HARYANA,2003,OTHER,322,0,0,0,232,100,332
HARYANA,2003,STAMPEDE,0,0,0,0,0,0,0
HARYANA,2003,SUFFOCATION,13,0,0,0,8,5,13
HARYANA,2003,TRAFFIC ACCIDENTS(ROAD ACCIDENTS),6424,5379,997,6376,2563,350,2913
HARYANA,2003,TRAFFIC ACCIDENTS(RAIL-ROAD ACCIDENTS),11,0,0,0,10,1,11
HARYANA,2003,OTHER RAILWAY ACCIDENTS,0,0,0,0,0,0,0
HARYANA,2003,OTHER,336,1,0,1,291,45,336
HARYANA,2003,CAUSES NOT KNOWN,234,1,0,1,223,55,278
HARYANA,2003,TOTAL,9217,5408,1025,6433,4748,971,5719
HARYANA,2003,TOTAL COLLAPSE,40,0,0,0,36,5,41
HARYANA,2003,TOTAL DROWNING,317,0,0,0,260,58,318
HARYANA,2003,TOTAL EXPLOSION,6,0,0,0,7,1,8
HARYANA,2003,TOTAL FALLS,136,0,0,0,117,19,136
HARYANA,2003,TOTAL FIRE,349,0,8,8,161,184,345
HARYANA,2003,TOTAL SUDDEN DEATHS,422,0,0,0,388,35,423
HARYANA,2003,TOTAL POISONING,620,25,20,45,420,165,585
HARYANA,2003,TOTAL TRAFFIC ACCIDENTS,6435,5379,997,6376,2573,351,2924
HARYANA,2004,AIR-CRASH,0,0,0,0,0,0,0
HARYANA,2004,COLLAPSE OF STRUCTURE(HOUSE),16,0,0,0,14,5,19
HARYANA,2004,COLLAPSE OF STRUCTURE(BUILDING),5,0,0,0,5,0,5
HARYANA,2004,COLLAPSE OF STRUCTURE(DAM),0,0,0,0,0,0,0
HARYANA,2004,COLLAPSE OF STRUCTURE(BRIDGE),1,0,0,0,1,0,1
HARYANA,2004,COLLAPSE OF STRUCTURE(OTHERS),29,0,0,0,27,2,29
HARYANA,2004,DROWNING(BOAT CAPSIZE),38,0,0,0,32,6,38
HARYANA,2004,DROWNING(OTHER),262,0,0,0,219,43,262
HARYANA,2004,ELECTROCUTION,186,0,0,0,172,14,186
HARYANA,2004,EXPLOSION(BOMB EXPLOSION),2,0,0,0,1,1,2
HARYANA,2004,EXPLOSION(OTHER EXPLOSION LIKE BOILERS,,6,0,0,0,5,1,6
HARYANA,2004,FALLS(FALL FROM HEIGHT),115,0,0,0,101,14,115
HARYANA,2004,FALL INTO PIT/MANHOLE,79,0,0,0,70,9,79
HARYANA,2004,FACTORY/MACHINE ACCIDENTS,39,0,0,0,32,4,36
HARYANA,2004,FIRE(FIREWORKS/CRACKERS),11,0,0,0,4,7,11
HARYANA,2004,FIRE(SHORT-CIRCUIT),36,0,0,0,25,11,36
HARYANA,2004,GAS CYLINDER/STOVE BURST,144,0,0,0,48,96,144
HARYANA,2004,OTHER FIRE ACCIDENTS,128,0,0,0,71,58,129
HARYANA,2004,FIRE-ARMS,13,1,0,1,9,1,10
HARYANA,2004,SUDDEN DEATHS(HEART ATTACKS),257,0,0,0,231,26,257
HARYANA,2004,EPILEPTIC FITS/GIDDINESS,57,0,0,0,53,4,57
HARYANA,2004,ABORTIONS/CHILD BIRTH,19,0,0,0,0,19,19
HARYANA,2004,INFLUENCE OF ALCOHOL,92,0,0,0,92,0,92
HARYANA,2004,KILLED BY ANIMALS,8,0,0,0,8,1,9
HARYANA,2004,MINES OR QUARY DISASTER,3,0,0,0,3,0,3
HARYANA,2004,FOOD POISIONING/ACCIDENTAL INTAKE OF INSECTICIDES ETC.,273,0,0,0,201,75,276
HARYANA,2004,SPURIOUS/POISIONOUS LIQUOR,47,0,0,0,45,2,47
HARYANA,2004,LEAKAGE OF POISINOUS GASES ETC.,1,0,0,0,1,0,1
HARYANA,2004,SNAKE BITE/ANIMAL BITE,42,0,0,0,40,2,42
HARYANA,2004,OTHER,411,0,0,0,321,90,411
HARYANA,2004,STAMPEDE,1,0,0,0,1,0,1
HARYANA,2004,SUFFOCATION,10,0,0,0,8,2,10
HARYANA,2004,TRAFFIC ACCIDENTS(ROAD ACCIDENTS),7908,6558,958,7516,2864,389,3253
HARYANA,2004,TRAFFIC ACCIDENTS(RAIL-ROAD ACCIDENTS),18,0,0,0,18,0,18
HARYANA,2004,OTHER RAILWAY ACCIDENTS,1293,0,0,0,1146,147,1293
HARYANA,2004,OTHER,483,2,0,2,416,71,487
HARYANA,2004,CAUSES NOT KNOWN,138,0,0,0,119,19,138
HARYANA,2004,TOTAL,12171,6561,958,7519,6403,1119,7522
HARYANA,2004,TOTAL COLLAPSE,51,0,0,0,47,7,54
HARYANA,2004,TOTAL DROWNING,300,0,0,0,251,49,300
HARYANA,2004,TOTAL EXPLOSION,8,0,0,0,6,2,8
HARYANA,2004,TOTAL FALLS,194,0,0,0,171,23,194
HARYANA,2004,TOTAL FIRE,319,0,0,0,148,172,320
HARYANA,2004,TOTAL SUDDEN DEATHS,425,0,0,0,376,49,425
HARYANA,2004,TOTAL POISONING,774,0,0,0,608,169,777
HARYANA,2004,TOTAL TRAFFIC ACCIDENTS,9219,6558,958,7516,4028,536,4564
HARYANA,2005,AIR-CRASH,0,0,0,0,0,0,0
HARYANA,2005,COLLAPSE OF STRUCTURE(HOUSE),14,0,0,0,8,6,14
HARYANA,2005,COLLAPSE OF STRUCTURE(BUILDING),7,0,0,0,6,1,7
HARYANA,2005,COLLAPSE OF STRUCTURE(DAM),0,0,0,0,0,0,0
HARYANA,2005,COLLAPSE OF STRUCTURE(BRIDGE),0,0,0,0,0,0,0
HARYANA,2005,COLLAPSE OF STRUCTURE(OTHERS),23,0,0,0,18,5,23
HARYANA,2005,DROWNING(BOAT CAPSIZE),19,0,0,0,16,3,19
HARYANA,2005,DROWNING(OTHER),314,0,0,0,254,60,314
HARYANA,2005,ELECTROCUTION,232,0,0,0,208,24,232
HARYANA,2005,EXPLOSION(BOMB EXPLOSION),0,0,0,0,0,0,0
HARYANA,2005,EXPLOSION(OTHER EXPLOSION LIKE BOILERS,,7,0,0,0,7,0,7
HARYANA,2005,FALLS(FALL FROM HEIGHT),131,0,0,0,110,21,131
HARYANA,2005,FALL INTO PIT/MANHOLE,53,0,0,0,53,0,53
HARYANA,2005,FACTORY/MACHINE ACCIDENTS,29,0,0,0,29,0,29
HARYANA,2005,FIRE(FIREWORKS/CRACKERS),0,0,0,0,0,0,0
HARYANA,2005,FIRE(SHORT-CIRCUIT),17,0,0,0,16,1,17
HARYANA,2005,GAS CYLINDER/STOVE BURST,112,0,0,0,25,87,112
HARYANA,2005,OTHER FIRE ACCIDENTS,139,0,0,0,66,81,147
HARYANA,2005,FIRE-ARMS,14,0,0,0,12,2,14
HARYANA,2005,SUDDEN DEATHS(HEART ATTACKS),264,0,0,0,242,22,264
HARYANA,2005,EPILEPTIC FITS/GIDDINESS,64,0,0,0,51,13,64
HARYANA,2005,ABORTIONS/CHILD BIRTH,4,0,0,0,0,4,4
HARYANA,2005,INFLUENCE OF ALCOHOL,109,0,0,0,109,0,109
HARYANA,2005,KILLED BY ANIMALS,7,0,0,0,5,2,7
HARYANA,2005,MINES OR QUARY DISASTER,7,0,0,0,5,2,7
HARYANA,2005,FOOD POISIONING/ACCIDENTAL INTAKE OF INSECTICIDES ETC.,169,0,0,0,116,53,169
HARYANA,2005,SPURIOUS/POISIONOUS LIQUOR,62,0,0,0,56,6,62
HARYANA,2005,LEAKAGE OF POISINOUS GASES ETC.,9,0,0,0,9,0,9
HARYANA,2005,SNAKE BITE/ANIMAL BITE,29,0,0,0,28,1,29
HARYANA,2005,OTHER,521,0,0,0,381,140,521
HARYANA,2005,STAMPEDE,1,0,0,0,0,1,1
HARYANA,2005,SUFFOCATION,2,0,0,0,2,0,2
HARYANA,2005,TRAFFIC ACCIDENTS(ROAD ACCIDENTS),7682,6024,770,6794,2906,376,3282
HARYANA,2005,TRAFFIC ACCIDENTS(RAIL-ROAD ACCIDENTS),17,0,0,0,17,0,17
HARYANA,2005,OTHER RAILWAY ACCIDENTS,1366,0,0,0,1204,162,1366
HARYANA,2005,OTHER,516,22,0,22,480,111,591
HARYANA,2005,CAUSES NOT KNOWN,128,0,0,0,114,14,128
HARYANA,2005,TOTAL,12068,6046,770,6816,6553,1198,7751
HARYANA,2005,TOTAL COLLAPSE,44,0,0,0,32,12,44
HARYANA,2005,TOTAL DROWNING,333,0,0,0,270,63,333
HARYANA,2005,TOTAL EXPLOSION,7,0,0,0,7,0,7
HARYANA,2005,TOTAL FALLS,184,0,0,0,163,21,184
HARYANA,2005,TOTAL FIRE,268,0,0,0,107,169,276
HARYANA,2005,TOTAL SUDDEN DEATHS,441,0,0,0,402,39,441
HARYANA,2005,TOTAL POISONING,790,0,0,0,590,200,790
HARYANA,2005,TOTAL TRAFFIC ACCIDENTS,9065,6024,770,6794,4127,538,4665
HARYANA,2006,AIR-CRASH,0,0,0,0,0,0,0
HARYANA,2006,COLLAPSE OF STRUCTURE(HOUSE),9,0,0,0,9,0,9
HARYANA,2006,COLLAPSE OF STRUCTURE(BUILDING),12,0,0,0,11,1,12
HARYANA,2006,COLLAPSE OF STRUCTURE(DAM),0,0,0,0,0,0,0
HARYANA,2006,COLLAPSE OF STRUCTURE(BRIDGE),3,0,0,0,1,2,3
HARYANA,2006,COLLAPSE OF STRUCTURE(OTHERS),15,0,0,0,10,5,15
HARYANA,2006,DROWNING(BOAT CAPSIZE),86,0,0,0,72,14,86
HARYANA,2006,DROWNING(OTHER),307,0,0,0,246,61,307
HARYANA,2006,ELECTROCUTION,238,0,0,0,219,19,238
HARYANA,2006,EXPLOSION(BOMB EXPLOSION),1,1,0,1,1,0,1
HARYANA,2006,EXPLOSION(OTHER EXPLOSION LIKE BOIL,9,0,0,0,6,3,9
HARYANA,2006,FALLS(FALL FROM HEIGHT),172,0,0,0,148,24,172
HARYANA,2006,FALL INTO PIT/MANHOLE,28,0,0,0,27,1,28
HARYANA,2006,FACTORY/MACHINE ACCIDENTS,30,0,0,0,30,0,30
HARYANA,2006,FIRE(FIREWORKS/CRACKERS),65,0,0,0,35,30,65
HARYANA,2006,FIRE(SHORT-CIRCUIT),8,0,0,0,7,1,8
HARYANA,2006,GAS CYLINDER/STOVE BURST,117,0,0,0,25,92,117
HARYANA,2006,OTHER FIRE ACCIDENTS,213,0,0,0,93,120,213
HARYANA,2006,FIRE-ARMS,23,0,0,0,19,4,23
HARYANA,2006,SUDDEN DEATHS(HEART ATTACKS),320,0,0,0,294,26,320
HARYANA,2006,EPILEPTIC FITS/GIDDINESS,44,0,0,0,38,6,44
HARYANA,2006,ABORTIONS/CHILD BIRTH,4,0,0,0,0,4,4
HARYANA,2006,INFLUENCE OF ALCOHOL,139,0,0,0,139,0,139
HARYANA,2006,KILLED BY ANIMALS,8,0,0,0,7,1,8
HARYANA,2006,MINES OR QUARY DISASTER,0,0,0,0,0,0,0
HARYANA,2006,FOOD POISIONING/ACCIDENTAL INTAKE OF INSECTICIDES ETC.,213,0,0,0,147,66,213
HARYANA,2006,SPURIOUS/POISIONOUS LIQUOR,9,0,0,0,8,1,9
HARYANA,2006,LEAKAGE OF POISINOUS GASES ETC.,5,0,0,0,9,2,11
HARYANA,2006,SNAKE BITE/ANIMAL BITE,48,0,0,0,42,6,48
HARYANA,2006,OTHER,510,0,0,0,365,145,510
HARYANA,2006,STAMPEDE,1,0,0,0,1,0,1
HARYANA,2006,SUFFOCATION,5,0,0,0,5,0,5
HARYANA,2006,TRAFFIC ACCIDENTS(ROAD ACCIDENTS),10262,8037,1063,9100,3852,568,4420
HARYANA,2006,TRAFFIC ACCIDENTS(RAIL-ROAD ACCIDENTS),14,0,0,0,14,0,14
HARYANA,2006,OTHER RAILWAY ACCIDENTS,1526,0,0,0,1406,120,1526
HARYANA,2006,OTHER,761,0,0,0,634,137,771
HARYANA,2006,CAUSES NOT KNOWN,84,0,0,0,71,13,84
HARYANA,2006,TOTAL,15289,8038,1063,9101,7991,1472,9463
HARYANA,2006,TOTAL COLLAPSE,39,0,0,0,31,8,39
HARYANA,2006,TOTAL DROWNING,393,0,0,0,318,75,393
HARYANA,2006,TOTAL EXPLOSION,10,1,0,1,7,3,10
HARYANA,2006,TOTAL FALLS,200,0,0,0,175,25,200
HARYANA,2006,TOTAL FIRE,403,0,0,0,160,243,403
HARYANA,2006,TOTAL SUDDEN DEATHS,507,0,0,0,471,36,507
HARYANA,2006,TOTAL POISONING,785,0,0,0,571,220,791
HARYANA,2006,TOTAL TRAFFIC ACCIDENTS,11802,8037,1063,9100,5272,688,5960
HARYANA,2007,AIR-CRASH,0,0,0,0,0,0,0
HARYANA,2007,COLLAPSE OF STRUCTURE(HOUSE),19,0,0,0,14,5,19
HARYANA,2007,COLLAPSE OF STRUCTURE(BUILDING),19,0,0,0,16,3,19
HARYANA,2007,COLLAPSE OF STRUCTURE(DAM),0,0,0,0,0,0,0
HARYANA,2007,COLLAPSE OF STRUCTURE(BRIDGE),0,0,0,0,0,0,0
HARYANA,2007,COLLAPSE OF STRUCTURE(OTHERS),54,0,0,0,44,10,54
HARYANA,2007,DROWNING(BOAT CAPSIZE),38,0,0,0,31,7,38
HARYANA,2007,DROWNING(OTHER),485,0,0,0,405,80,485
HARYANA,2007,ELECTROCUTION,293,0,0,0,277,18,295
HARYANA,2007,EXPLOSION(BOMB EXPLOSION),0,0,0,0,0,0,0
HARYANA,2007,EXPLOSION(OTHER EXPLOSION LIKE BOIL,7,0,0,0,7,0,7
HARYANA,2007,FALLS(FALL FROM HEIGHT),177,0,0,0,156,21,177
HARYANA,2007,FALL INTO PIT/MANHOLE,37,0,0,0,35,2,37
HARYANA,2007,FACTORY/MACHINE ACCIDENTS,69,0,0,0,64,5,69
HARYANA,2007,FIRE(FIREWORKS/CRACKERS),4,0,0,0,3,1,4
HARYANA,2007,FIRE(SHORT-CIRCUIT),6,0,0,0,15,1,16
HARYANA,2007,GAS CYLINDER/STOVE BURST,124,0,0,0,49,75,124
HARYANA,2007,OTHER FIRE ACCIDENTS,197,0,0,0,78,122,200
HARYANA,2007,FIRE-ARMS,11,0,0,0,9,2,11
HARYANA,2007,SUDDEN DEATHS(HEART ATTACKS),375,0,0,0,347,28,375
HARYANA,2007,EPILEPTIC FITS/GIDDINESS,58,0,0,0,50,8,58
HARYANA,2007,ABORTIONS/CHILD BIRTH,8,0,0,0,0,8,8
HARYANA,2007,INFLUENCE OF ALCOHOL,190,0,0,0,190,0,190
HARYANA,2007,KILLED BY ANIMALS,13,0,0,0,12,1,13
HARYANA,2007,MINES OR QUARY DISASTER,12,0,0,0,8,4,12
HARYANA,2007,FOOD POISIONING/ACCIDENTAL INTAKE OF INSECTICIDES ETC.,265,0,0,0,180,85,265
HARYANA,2007,SPURIOUS/POISIONOUS LIQUOR,57,0,0,0,44,13,57
HARYANA,2007,LEAKAGE OF POISINOUS GASES ETC.,1,0,0,0,1,0,1
HARYANA,2007,SNAKE BITE/ANIMAL BITE,81,0,0,0,71,10,81
HARYANA,2007,OTHER,662,0,0,0,457,205,662
HARYANA,2007,STAMPEDE,8,0,0,0,8,0,8
HARYANA,2007,SUFFOCATION,22,0,0,0,19,3,22
HARYANA,2007,TRAFFIC ACCIDENTS(ROAD ACCIDENTS),10316,8115,1019,9134,3939,437,4376
HARYANA,2007,TRAFFIC ACCIDENTS(RAIL-ROAD ACCIDENTS),13,6,1,7,9,4,13
HARYANA,2007,OTHER RAILWAY ACCIDENTS,1092,249,33,282,971,121,1092
HARYANA,2007,OTHER,797,0,0,0,641,157,798
HARYANA,2007,CAUSES NOT KNOWN,126,0,0,0,105,21,126
HARYANA,2007,TOTAL,15636,8370,1053,9423,8255,1457,9712
HARYANA,2007,TOTAL COLLAPSE,92,0,0,0,74,18,92
HARYANA,2007,TOTAL DROWNING,523,0,0,0,436,87,523
HARYANA,2007,TOTAL EXPLOSION,7,0,0,0,7,0,7
HARYANA,2007,TOTAL FALLS,214,0,0,0,191,23,214
HARYANA,2007,TOTAL FIRE,331,0,0,0,145,199,344
HARYANA,2007,TOTAL SUDDEN DEATHS,631,0,0,0,587,44,631
HARYANA,2007,TOTAL POISONING,1066,0,0,0,753,313,1066
HARYANA,2007,TOTAL TRAFFIC ACCIDENTS,11421,8370,1053,9423,4919,562,5481
HARYANA,2008,AIR-CRASH,0,0,0,0,0,0,0
HARYANA,2008,COLLAPSE OF STRUCTURE(HOUSE),20,0,0,0,15,5,20
HARYANA,2008,COLLAPSE OF STRUCTURE(BUILDING),4,0,0,0,4,0,4
HARYANA,2008,COLLAPSE OF STRUCTURE(DAM),0,0,0,0,0,0,0
HARYANA,2008,COLLAPSE OF STRUCTURE(BRIDGE),2,0,0,0,2,0,2
HARYANA,2008,COLLAPSE OF STRUCTURE(OTHERS),18,10,0,10,15,3,18
HARYANA,2008,DROWNING(BOAT CAPSIZE),12,0,0,0,7,5,12
HARYANA,2008,DROWNING(OTHER),552,0,0,0,475,78,553
HARYANA,2008,ELECTROCUTION,326,0,0,0,300,26,326
HARYANA,2008,EXPLOSION(BOMB EXPLOSION),0,0,0,0,0,0,0
HARYANA,2008,EXPLOSION(OTHER EXPLOSION LIKE BOIL,8,0,0,0,6,2,8
HARYANA,2008,FALLS(FALL FROM HEIGHT),147,0,0,0,125,22,147
HARYANA,2008,FALL INTO PIT/MANHOLE,76,0,0,0,67,9,76
HARYANA,2008,FACTORY/MACHINE ACCIDENTS,32,0,0,0,29,3,32
HARYANA,2008,FIRE(FIREWORKS/CRACKERS),4,0,0,0,2,2,4
HARYANA,2008,FIRE(SHORT-CIRCUIT),6,0,0,0,6,0,6
HARYANA,2008,GAS CYLINDER/STOVE BURST,125,0,0,0,41,84,125
HARYANA,2008,OTHER FIRE ACCIDENTS,243,0,0,0,135,108,243
HARYANA,2008,FIRE-ARMS,21,0,0,0,23,2,25
HARYANA,2008,SUDDEN DEATHS(HEART ATTACKS),453,0,0,0,416,37,453
HARYANA,2008,EPILEPTIC FITS/GIDDINESS,43,0,0,0,35,8,43
HARYANA,2008,ABORTIONS/CHILD BIRTH,19,0,0,0,0,19,19
HARYANA,2008,INFLUENCE OF ALCOHOL,222,0,0,0,222,0,222
HARYANA,2008,KILLED BY ANIMALS,8,0,0,0,6,2,8
HARYANA,2008,MINES OR QUARY DISASTER,9,0,0,0,7,3,10
HARYANA,2008,FOOD POISIONING/ACCIDENTAL INTAKE OF INSECTICIDES ETC.,227,0,0,0,161,68,229
HARYANA,2008,SPURIOUS/POISIONOUS LIQUOR,69,0,0,0,61,8,69
HARYANA,2008,LEAKAGE OF POISINOUS GASES ETC.,7,0,0,0,7,0,7
HARYANA,2008,SNAKE BITE/ANIMAL BITE,48,0,0,0,40,8,48
HARYANA,2008,OTHER,282,0,0,0,199,83,282
HARYANA,2008,STAMPEDE,23,0,0,0,18,5,23
HARYANA,2008,SUFFOCATION,20,0,0,0,16,8,24
HARYANA,2008,TRAFFIC ACCIDENTS(ROAD ACCIDENTS),11241,8487,1098,9585,4214,466,4680
HARYANA,2008,TRAFFIC ACCIDENTS(RAIL-ROAD ACCIDENTS),25,0,0,0,20,5,25
HARYANA,2008,OTHER RAILWAY ACCIDENTS,1081,0,0,0,961,120,1081
HARYANA,2008,OTHER,639,0,0,0,550,100,650
HARYANA,2008,CAUSES NOT KNOWN,262,0,0,0,235,38,273
HARYANA,2008,TOTAL,16274,8497,1098,9595,8420,1327,9747
HARYANA,2008,TOTAL COLLAPSE,44,10,0,10,36,8,44
HARYANA,2008,TOTAL DROWNING,564,0,0,0,482,83,565
HARYANA,2008,TOTAL EXPLOSION,8,0,0,0,6,2,8
HARYANA,2008,TOTAL FALLS,223,0,0,0,192,31,223
HARYANA,2008,TOTAL FIRE,378,0,0,0,184,194,378
HARYANA,2008,TOTAL SUDDEN DEATHS,737,0,0,0,673,64,737
HARYANA,2008,TOTAL POISONING,633,0,0,0,468,167,635
HARYANA,2008,TOTAL TRAFFIC ACCIDENTS,12347,8487,1098,9585,5195,591,5786
HARYANA,2009,AIR-CRASH,0,0,0,0,0,0,0
HARYANA,2009,COLLAPSE OF STRUCTURE(HOUSE),17,0,0,0,14,3,17
HARYANA,2009,COLLAPSE OF STRUCTURE(BUILDING),3,0,0,0,1,2,3
HARYANA,2009,COLLAPSE OF STRUCTURE(DAM),0,0,0,0,0,0,0
HARYANA,2009,COLLAPSE OF STRUCTURE(BRIDGE),0,0,0,0,0,0,0
HARYANA,2009,COLLAPSE OF STRUCTURE(OTHERS),37,0,0,0,34,3,37
HARYANA,2009,DROWNING(BOAT CAPSIZE),33,0,0,0,27,6,33
HARYANA,2009,DROWNING(OTHER),572,0,0,0,502,71,573
HARYANA,2009,ELECTROCUTION,343,0,0,0,329,14,343
HARYANA,2009,EXPLOSION(BOMB EXPLOSION),23,0,0,0,22,1,23
HARYANA,2009,EXPLOSION(OTHER EXPLOSION LIKE BOIL,4,0,0,0,4,0,4
HARYANA,2009,FALLS(FALL FROM HEIGHT),210,0,0,0,182,28,210
HARYANA,2009,FALL INTO PIT/MANHOLE,37,0,0,0,35,2,37
HARYANA,2009,FACTORY/MACHINE ACCIDENTS,54,0,0,0,49,5,54
HARYANA,2009,FIRE(FIREWORKS/CRACKERS),5,0,0,0,1,4,5
HARYANA,2009,FIRE(SHORT-CIRCUIT),60,0,0,0,23,37,60
HARYANA,2009,GAS CYLINDER/STOVE BURST,142,0,0,0,38,104,142
HARYANA,2009,OTHER FIRE ACCIDENTS,216,0,0,0,114,102,216
HARYANA,2009,FIRE-ARMS,31,0,0,0,27,4,31
HARYANA,2009,SUDDEN DEATHS(HEART ATTACKS),458,0,0,0,410,48,458
HARYANA,2009,EPILEPTIC FITS/GIDDINESS,53,0,0,0,44,9,53
HARYANA,2009,ABORTIONS/CHILD BIRTH,11,0,0,0,0,11,11
HARYANA,2009,INFLUENCE OF ALCOHOL,246,0,0,0,246,0,246
HARYANA,2009,KILLED BY ANIMALS,9,0,0,0,7,2,9
HARYANA,2009,MINES OR QUARY DISASTER,3,0,0,0,2,1,3
HARYANA,2009,FOOD POISIONING/ACCIDENTAL INTAKE OF INSECTICIDES ETC.,324,0,0,0,228,96,324
HARYANA,2009,SPURIOUS/POISIONOUS LIQUOR,6,0,0,0,6,0,6
HARYANA,2009,LEAKAGE OF POISINOUS GASES ETC.,6,0,0,0,6,0,6
HARYANA,2009,SNAKE BITE/ANIMAL BITE,72,0,0,0,65,7,72
HARYANA,2009,OTHER,188,0,0,0,143,45,188
HARYANA,2009,STAMPEDE,10,0,0,0,9,1,10
HARYANA,2009,SUFFOCATION,16,0,0,0,9,7,16
HARYANA,2009,TRAFFIC ACCIDENTS(ROAD ACCIDENTS),11427,8861,1307,10168,4309,557,4866
HARYANA,2009,TRAFFIC ACCIDENTS(RAIL-ROAD ACCIDENTS),14,0,0,0,11,3,14
HARYANA,2009,OTHER RAILWAY ACCIDENTS,1131,0,0,0,1016,115,1131
HARYANA,2009,OTHER,871,0,0,0,751,120,871
HARYANA,2009,CAUSES NOT KNOWN,76,0,0,0,67,9,76
HARYANA,2009,TOTAL,16708,8861,1307,10168,8731,1417,10148
HARYANA,2009,TOTAL COLLAPSE,57,0,0,0,49,8,57
HARYANA,2009,TOTAL DROWNING,605,0,0,0,529,77,606
HARYANA,2009,TOTAL EXPLOSION,27,0,0,0,26,1,27
HARYANA,2009,TOTAL FALLS,247,0,0,0,217,30,247
HARYANA,2009,TOTAL FIRE,423,0,0,0,176,247,423
HARYANA,2009,TOTAL SUDDEN DEATHS,768,0,0,0,700,68,768
HARYANA,2009,TOTAL POISONING,596,0,0,0,448,148,596
HARYANA,2009,TOTAL TRAFFIC ACCIDENTS,12572,8861,1307,10168,5336,675,6011
HARYANA,2010,AIR-CRASH,0,0,0,0,0,0,0
HARYANA,2010,COLLAPSE OF STRUCTURE(HOUSE),12,0,0,0,12,0,12
HARYANA,2010,COLLAPSE OF STRUCTURE(BUILDING),2,0,0,0,2,0,2
HARYANA,2010,COLLAPSE OF STRUCTURE(DAM),0,0,0,0,0,0,0
HARYANA,2010,COLLAPSE OF STRUCTURE(BRIDGE),0,0,0,0,0,0,0
HARYANA,2010,COLLAPSE OF STRUCTURE(OTHERS),29,0,0,0,27,2,29
HARYANA,2010,DROWNING(BOAT CAPSIZE),11,0,0,0,8,3,11
HARYANA,2010,DROWNING(OTHER),620,0,0,0,541,79,620
HARYANA,2010,ELECTROCUTION,373,0,0,0,356,17,373
HARYANA,2010,EXPLOSION(BOMB EXPLOSION),1,0,0,0,1,0,1
HARYANA,2010,EXPLOSION(OTHER EXPLOSION LIKE BOIL,11,0,0,0,9,2,11
HARYANA,2010,FALLS(FALL FROM HEIGHT),213,0,0,0,193,20,213
HARYANA,2010,FALL INTO PIT/MANHOLE,64,0,0,0,58,6,64
HARYANA,2010,FACTORY/MACHINE ACCIDENTS,39,0,0,0,38,1,39
HARYANA,2010,FIRE(FIREWORKS/CRACKERS),0,0,0,0,0,0,0
HARYANA,2010,FIRE(SHORT-CIRCUIT),36,0,0,0,33,3,36
HARYANA,2010,GAS CYLINDER/STOVE BURST,210,0,0,0,61,149,210
HARYANA,2010,OTHER FIRE ACCIDENTS,194,0,0,0,97,97,194
HARYANA,2010,FIRE-ARMS,2,0,0,0,2,0,2
HARYANA,2010,SUDDEN DEATHS(HEART ATTACKS),472,0,0,0,440,32,472
HARYANA,2010,EPILEPTIC FITS/GIDDINESS,76,0,0,0,69,6,75
HARYANA,2010,ABORTIONS/CHILD BIRTH,11,0,0,0,0,11,11
HARYANA,2010,INFLUENCE OF ALCOHOL,269,0,0,0,269,0,269
HARYANA,2010,KILLED BY ANIMALS,8,0,0,0,8,0,8
HARYANA,2010,MINES OR QUARY DISASTER,3,0,0,0,2,1,3
HARYANA,2010,FOOD POISIONING/ACCIDENTAL INTAKE OF INSECTICIDES ETC.,353,0,0,0,270,83,353
HARYANA,2010,SPURIOUS/POISIONOUS LIQUOR,27,0,0,0,21,6,27
HARYANA,2010,LEAKAGE OF POISINOUS GASES ETC.,3,0,0,0,3,0,3
HARYANA,2010,SNAKE BITE/ANIMAL BITE,80,0,0,0,70,9,79
HARYANA,2010,OTHER,201,0,0,0,165,36,201
HARYANA,2010,STAMPEDE,9,0,0,0,8,1,9
HARYANA,2010,SUFFOCATION,41,0,0,0,39,2,41
HARYANA,2010,TRAFFIC ACCIDENTS(ROAD ACCIDENTS),11161,9120,1214,10334,4351,655,5006
HARYANA,2010,TRAFFIC ACCIDENTS(RAIL-ROAD ACCIDENTS),0,0,0,0,0,0,0
HARYANA,2010,OTHER RAILWAY ACCIDENTS,1195,0,0,0,1062,133,1195
HARYANA,2010,OTHER,901,0,0,0,788,113,901
HARYANA,2010,CAUSES NOT KNOWN,204,0,0,0,174,30,204
HARYANA,2010,TOTAL,16831,9120,1214,10334,9177,1497,10674
HARYANA,2010,TOTAL COLLAPSE,43,0,0,0,41,2,43
HARYANA,2010,TOTAL DROWNING,631,0,0,0,549,82,631
HARYANA,2010,TOTAL EXPLOSION,12,0,0,0,10,2,12
HARYANA,2010,TOTAL FALLS,277,0,0,0,251,26,277
HARYANA,2010,TOTAL FIRE,440,0,0,0,191,249,440
HARYANA,2010,TOTAL SUDDEN DEATHS,828,0,0,0,778,49,827
HARYANA,2010,TOTAL POISONING,664,0,0,0,529,134,663
HARYANA,2010,TOTAL TRAFFIC ACCIDENTS,12356,9120,1214,10334,5413,788,6201
HARYANA,2011,AIR-CRASH,1,0,0,0,7,3,10
HARYANA,2011,COLLAPSE OF STRUCTURE(HOUSE),7,0,0,0,7,0,7
HARYANA,2011,COLLAPSE OF STRUCTURE(BUILDING),4,2,0,2,10,1,11
HARYANA,2011,COLLAPSE OF STRUCTURE(DAM),0,0,0,0,0,0,0
HARYANA,2011,COLLAPSE OF STRUCTURE(BRIDGE),0,0,0,0,0,0,0
HARYANA,2011,COLLAPSE OF STRUCTURE(OTHERS),26,0,0,0,23,4,27
HARYANA,2011,DROWNING(BOAT CAPSIZE),0,0,0,0,0,0,0
HARYANA,2011,DROWNING(OTHER),574,0,0,0,501,75,576
HARYANA,2011,ELECTROCUTION,346,0,0,0,318,28,346
HARYANA,2011,EXPLOSION(BOMB EXPLOSION),1,0,0,0,1,0,1
HARYANA,2011,EXPLOSION(OTHER EXPLOSION LIKE BOIL,10,0,0,0,9,1,10
HARYANA,2011,FALLS(FALL FROM HEIGHT),223,0,0,0,196,27,223
HARYANA,2011,FALL INTO PIT/MANHOLE,67,0,0,0,63,4,67
HARYANA,2011,FACTORY/MACHINE ACCIDENTS,50,0,0,0,47,4,51
HARYANA,2011,FIRE(FIREWORKS/CRACKERS),0,0,0,0,0,0,0
HARYANA,2011,FIRE(SHORT-CIRCUIT),34,0,0,0,34,0,34
HARYANA,2011,GAS CYLINDER/STOVE BURST,170,0,0,0,58,112,170
HARYANA,2011,OTHER FIRE ACCIDENTS,166,0,0,0,93,73,166
HARYANA,2011,FIRE-ARMS,3,0,0,0,3,0,3
HARYANA,2011,SUDDEN DEATHS(HEART ATTACKS),554,0,0,0,505,49,554
HARYANA,2011,EPILEPTIC FITS/GIDDINESS,72,0,0,0,60,12,72
HARYANA,2011,ABORTIONS/CHILD BIRTH,17,0,0,0,0,17,17
HARYANA,2011,INFLUENCE OF ALCOHOL,309,0,0,0,306,3,309
HARYANA,2011,KILLED BY ANIMALS,12,0,0,0,10,2,12
HARYANA,2011,MINES OR QUARY DISASTER,2,0,0,0,2,0,2
HARYANA,2011,FOOD POISIONING/ACCIDENTAL INTAKE OF INSECTICIDES ETC.,352,0,0,0,252,100,352
HARYANA,2011,SPURIOUS/POISIONOUS LIQUOR,7,0,0,0,5,2,7
HARYANA,2011,LEAKAGE OF POISINOUS GASES ETC.,8,0,0,0,5,3,8
HARYANA,2011,SNAKE BITE/ANIMAL BITE,83,0,0,0,72,11,83
HARYANA,2011,OTHER,252,0,0,0,204,48,252
HARYANA,2011,STAMPEDE,17,0,0,0,16,1,17
HARYANA,2011,SUFFOCATION,45,0,0,0,40,5,45
HARYANA,2011,TRAFFIC ACCIDENTS(ROAD ACCIDENTS),10553,8622,933,9555,4265,416,4681
HARYANA,2011,TRAFFIC ACCIDENTS(RAIL-ROAD ACCIDENTS),0,0,0,0,0,0,0
HARYANA,2011,OTHER RAILWAY ACCIDENTS,1252,0,0,0,1128,124,1252
HARYANA,2011,OTHER,1092,0,0,0,1054,184,1238
HARYANA,2011,CAUSES NOT KNOWN,166,0,0,0,130,36,166
HARYANA,2011,TOTAL,16475,8624,933,9557,9424,1345,10769
HARYANA,2011,TOTAL COLLAPSE,37,2,0,2,40,5,45
HARYANA,2011,TOTAL DROWNING,574,0,0,0,501,75,576
HARYANA,2011,TOTAL EXPLOSION,11,0,0,0,10,1,11
HARYANA,2011,TOTAL FALLS,290,0,0,0,259,31,290
HARYANA,2011,TOTAL FIRE,370,0,0,0,185,185,370
HARYANA,2011,TOTAL SUDDEN DEATHS,952,0,0,0,871,81,952
HARYANA,2011,TOTAL POISONING,702,0,0,0,538,164,702
HARYANA,2011,TOTAL TRAFFIC ACCIDENTS,11805,8622,933,9555,5393,540,5933
HARYANA,2012,AIR-CRASH,0,0,0,0,0,0,0
HARYANA,2012,COLLAPSE OF STRUCTURE(HOUSE),10,0,0,0,9,1,10
HARYANA,2012,COLLAPSE OF STRUCTURE(BUILDING),3,0,0,0,2,1,3
HARYANA,2012,COLLAPSE OF STRUCTURE(DAM),0,0,0,0,0,0,0
HARYANA,2012,COLLAPSE OF STRUCTURE(BRIDGE),0,0,0,0,0,0,0
HARYANA,2012,COLLAPSE OF STRUCTURE(OTHERS),21,0,0,0,19,2,21
HARYANA,2012,DROWNING(BOAT CAPSIZE),0,0,0,0,0,0,0
HARYANA,2012,DROWNING(OTHER),682,0,0,0,611,80,691
HARYANA,2012,ELECTROCUTION,370,0,0,0,331,39,370
HARYANA,2012,EXPLOSION(BOMB EXPLOSION),0,0,0,0,0,0,0
HARYANA,2012,EXPLOSION(OTHER EXPLOSION LIKE BOIL,10,0,0,0,9,1,10
HARYANA,2012,FALLS(FALL FROM HEIGHT),271,0,0,0,238,33,271
HARYANA,2012,FALL INTO PIT/MANHOLE,40,0,0,0,35,5,40
HARYANA,2012,FACTORY/MACHINE ACCIDENTS,31,0,0,0,32,0,32
HARYANA,2012,FIRE(FIREWORKS/CRACKERS),0,0,0,0,0,0,0
HARYANA,2012,FIRE(SHORT-CIRCUIT),28,0,0,0,28,0,28
HARYANA,2012,GAS CYLINDER/STOVE BURST,144,0,0,0,44,100,144
HARYANA,2012,OTHER FIRE ACCIDENTS,182,0,0,0,89,88,177
HARYANA,2012,FIRE-ARMS,20,0,0,0,19,2,21
HARYANA,2012,SUDDEN DEATHS(HEART ATTACKS),628,0,0,0,570,58,628
HARYANA,2012,EPILEPTIC FITS/GIDDINESS,92,0,0,0,74,18,92
HARYANA,2012,ABORTIONS/CHILD BIRTH,33,0,0,0,0,31,31
HARYANA,2012,INFLUENCE OF ALCOHOL,367,0,0,0,366,1,367
HARYANA,2012,KILLED BY ANIMALS,8,0,0,0,6,2,8
HARYANA,2012,MINES OR QUARY DISASTER,9,0,0,0,0,9,9
HARYANA,2012,FOOD POISIONING/ACCIDENTAL INTAKE OF INSECTICIDES ETC.,406,0,0,0,290,116,406
HARYANA,2012,SPURIOUS/POISIONOUS LIQUOR,3,0,0,0,1,2,3
HARYANA,2012,LEAKAGE OF POISINOUS GASES ETC.,6,0,0,0,5,1,6
HARYANA,2012,SNAKE BITE/ANIMAL BITE,72,0,0,0,65,7,72
HARYANA,2012,OTHER,379,0,0,0,267,110,377
HARYANA,2012,STAMPEDE,2,0,0,0,2,0,2
HARYANA,2012,SUFFOCATION,46,0,0,0,29,17,46
HARYANA,2012,TRAFFIC ACCIDENTS(ROAD ACCIDENTS),9971,8270,1180,9450,4133,465,4598
HARYANA,2012,TRAFFIC ACCIDENTS(RAIL-ROAD ACCIDENTS),15,0,0,0,17,3,20
HARYANA,2012,OTHER RAILWAY ACCIDENTS,1264,0,0,0,1119,145,1264
HARYANA,2012,OTHER,1308,10,3,13,1102,230,1332
HARYANA,2012,CAUSES NOT KNOWN,150,0,0,0,124,26,150
HARYANA,2012,TOTAL,16571,8280,1183,9463,9636,1593,11229
HARYANA,2012,TOTAL COLLAPSE,34,0,0,0,30,4,34
HARYANA,2012,TOTAL DROWNING,682,0,0,0,611,80,691
HARYANA,2012,TOTAL EXPLOSION,10,0,0,0,9,1,10
HARYANA,2012,TOTAL FALLS,311,0,0,0,273,38,311
HARYANA,2012,TOTAL FIRE,354,0,0,0,161,188,349
HARYANA,2012,TOTAL SUDDEN DEATHS,1120,0,0,0,1010,108,1118
HARYANA,2012,TOTAL POISONING,866,0,0,0,628,236,864
HARYANA,2012,TOTAL TRAFFIC ACCIDENTS,11250,8270,1180,9450,5269,613,5882
HIMACHAL PRADESH,2001,AIR-CRASH,0,0,0,0,0,0,0
HIMACHAL PRADESH,2001,COLLAPSE OF STRUCTURE(HOUSE),0,0,0,0,0,0,0
HIMACHAL PRADESH,2001,COLLAPSE OF STRUCTURE(BUILDING),3,0,0,0,3,0,3
HIMACHAL PRADESH,2001,COLLAPSE OF STRUCTURE(DAM),0,0,0,0,0,0,0
HIMACHAL PRADESH,2001,COLLAPSE OF STRUCTURE(BRIDGE),0,0,0,0,0,0,0
HIMACHAL PRADESH,2001,COLLAPSE OF STRUCTURE(OTHERS),10,2,0,2,8,2,10
HIMACHAL PRADESH,2001,DROWNING(BOAT CAPSIZE),0,0,0,0,0,0,0
HIMACHAL PRADESH,2001,DROWNING(OTHER),92,0,0,0,70,23,93
HIMACHAL PRADESH,2001,ELECTROCUTION,8,0,0,0,7,0,7
HIMACHAL PRADESH,2001,EXPLOSION(BOMB EXPLOSION),0,0,0,0,0,0,0
HIMACHAL PRADESH,2001,EXPLOSION(OTHER EXPLOSION LIKE BOILERS,,2,0,0,0,2,0,2
HIMACHAL PRADESH,2001,FALLS(FALL FROM HEIGHT),98,0,3,3,84,11,95
HIMACHAL PRADESH,2001,FALL INTO PIT/MANHOLE,5,0,0,0,6,0,6
HIMACHAL PRADESH,2001,FACTORY/MACHINE ACCIDENTS,7,1,0,1,6,1,7
HIMACHAL PRADESH,2001,FIRE(FIREWORKS/CRACKERS),0,0,0,0,0,0,0
HIMACHAL PRADESH,2001,FIRE(SHORT-CIRCUIT),15,0,0,0,14,1,15
HIMACHAL PRADESH,2001,GAS CYLINDER/STOVE BURST,7,0,0,0,3,4,7
HIMACHAL PRADESH,2001,OTHER FIRE ACCIDENTS,36,0,0,0,20,16,36
HIMACHAL PRADESH,2001,FIRE-ARMS,1,0,0,0,1,0,1
HIMACHAL PRADESH,2001,SUDDEN DEATHS(HEART ATTACKS),59,0,0,0,55,4,59
HIMACHAL PRADESH,2001,EPILEPTIC FITS/GIDDINESS,17,0,0,0,11,6,17
HIMACHAL PRADESH,2001,ABORTIONS/CHILD BIRTH,0,0,0,0,0,0,0
HIMACHAL PRADESH,2001,INFLUENCE OF ALCOHOL,28,0,0,0,28,0,28
HIMACHAL PRADESH,2001,KILLED BY ANIMALS,1,0,0,0,1,0,1
HIMACHAL PRADESH,2001,MINES OR QUARY DISASTER,0,0,0,0,0,0,0
HIMACHAL PRADESH,2001,FOOD POISIONING/ACCIDENTAL INTAKE OF INSECTICIDES ETC.,48,1,3,4,31,13,44
HIMACHAL PRADESH,2001,SPURIOUS/POISIONOUS LIQUOR,10,0,0,0,10,0,10
HIMACHAL PRADESH,2001,LEAKAGE OF POISINOUS GASES ETC.,0,0,0,0,0,0,0
HIMACHAL PRADESH,2001,SNAKE BITE/ANIMAL BITE,4,0,0,0,4,0,4
HIMACHAL PRADESH,2001,OTHER,67,0,0,0,48,19,67
HIMACHAL PRADESH,2001,STAMPEDE,0,0,0,0,0,0,0
HIMACHAL PRADESH,2001,SUFFOCATION,4,0,0,0,4,0,4
HIMACHAL PRADESH,2001,TRAFFIC ACCIDENTS(ROAD ACCIDENTS),2110,2822,532,3354,669,94,763
HIMACHAL PRADESH,2001,TRAFFIC ACCIDENTS(RAIL-ROAD ACCIDENTS),0,0,0,0,0,0,0
HIMACHAL PRADESH,2001,OTHER RAILWAY ACCIDENTS,10,0,0,0,10,0,10
HIMACHAL PRADESH,2001,OTHER,53,1,1,2,48,9,57
HIMACHAL PRADESH,2001,CAUSES NOT KNOWN,20,0,0,0,16,4,20
HIMACHAL PRADESH,2001,TOTAL,2715,2827,539,3366,1159,207,1366
HIMACHAL PRADESH,2001,TOTAL COLLAPSE,13,2,0,2,11,2,13
HIMACHAL PRADESH,2001,TOTAL DROWNING,92,0,0,0,70,23,93
HIMACHAL PRADESH,2001,TOTAL EXPLOSION,2,0,0,0,2,0,2
HIMACHAL PRADESH,2001,TOTAL FALLS,103,0,3,3,90,11,101
HIMACHAL PRADESH,2001,TOTAL FIRE,58,0,0,0,37,21,58
HIMACHAL PRADESH,2001,TOTAL SUDDEN DEATHS,104,0,0,0,94,10,104
HIMACHAL PRADESH,2001,TOTAL POISONING,129,1,3,4,93,32,125
HIMACHAL PRADESH,2001,TOTAL TRAFFIC ACCIDENTS,2120,2822,532,3354,679,94,773
HIMACHAL PRADESH,2002,AIR-CRASH,0,0,0,0,0,0,0
HIMACHAL PRADESH,2002,COLLAPSE OF STRUCTURE(HOUSE),2,0,0,0,2,0,2
HIMACHAL PRADESH,2002,COLLAPSE OF STRUCTURE(BUILDING),2,0,0,0,2,0,2
HIMACHAL PRADESH,2002,COLLAPSE OF STRUCTURE(DAM),0,0,0,0,0,0,0
HIMACHAL PRADESH,2002,COLLAPSE OF STRUCTURE(BRIDGE),0,0,0,0,0,0,0
HIMACHAL PRADESH,2002,COLLAPSE OF STRUCTURE(OTHERS),2,0,0,0,5,0,5
HIMACHAL PRADESH,2002,DROWNING(BOAT CAPSIZE),0,0,0,0,0,0,0
HIMACHAL PRADESH,2002,DROWNING(OTHER),78,0,0,0,59,20,79
HIMACHAL PRADESH,2002,ELECTROCUTION,6,0,0,0,5,1,6
HIMACHAL PRADESH,2002,EXPLOSION(BOMB EXPLOSION),0,0,0,0,0,0,0
HIMACHAL PRADESH,2002,EXPLOSION(OTHER EXPLOSION LIKE BOILERS, GAS CYLINDER ETC.),1,0,0,0,1,0,1
HIMACHAL PRADESH,2002,FALLS(FALL FROM HEIGHT),120,3,0,3,111,9,120
HIMACHAL PRADESH,2002,FALL INTO PIT/MANHOLE,11,0,0,0,11,0,11
HIMACHAL PRADESH,2002,FACTORY/MACHINE ACCIDENTS,6,0,0,0,6,0,6
HIMACHAL PRADESH,2002,FIRE(FIREWORKS/CRACKERS),0,0,0,0,0,0,0
HIMACHAL PRADESH,2002,FIRE(SHORT-CIRCUIT),10,0,0,0,8,2,10
HIMACHAL PRADESH,2002,GAS CYLINDER/STOVE BURST,12,1,0,1,3,9,12
HIMACHAL PRADESH,2002,OTHER FIRE ACCIDENTS,18,3,3,6,12,7,19
HIMACHAL PRADESH,2002,FIRE-ARMS,1,0,0,0,1,0,1
HIMACHAL PRADESH,2002,SUDDEN DEATHS(HEART ATTACKS),87,0,0,0,81,6,87
HIMACHAL PRADESH,2002,EPILEPTIC FITS/GIDDINESS,7,0,0,0,5,2,7
HIMACHAL PRADESH,2002,ABORTIONS/CHILD BIRTH,0,0,0,0,0,0,0
HIMACHAL PRADESH,2002,INFLUENCE OF ALCOHOL,34,0,0,0,34,0,34
HIMACHAL PRADESH,2002,KILLED BY ANIMALS,4,0,0,0,2,2,4
HIMACHAL PRADESH,2002,MINES OR QUARY DISASTER,0,0,0,0,0,0,0
HIMACHAL PRADESH,2002,FOOD POISIONING/ACCIDENTAL INTAKE OF INSECTICIDES ETC.,37,0,0,0,26,11,37
HIMACHAL PRADESH,2002,SPURIOUS/POISIONOUS LIQUOR,40,0,0,0,20,20,40
HIMACHAL PRADESH,2002,LEAKAGE OF POISINOUS GASES ETC.,0,0,0,0,0,0,0
HIMACHAL PRADESH,2002,SNAKE BITE/ANIMAL BITE,8,0,0,0,7,1,8
HIMACHAL PRADESH,2002,OTHER,37,0,0,0,33,4,37
HIMACHAL PRADESH,2002,STAMPEDE,0,0,0,0,0,0,0
HIMACHAL PRADESH,2002,SUFFOCATION,14,0,0,0,13,1,14
HIMACHAL PRADESH,2002,TRAFFIC ACCIDENTS(ROAD ACCIDENTS),2281,3045,469,3514,735,103,838
HIMACHAL PRADESH,2002,TRAFFIC ACCIDENTS(RAIL-ROAD ACCIDENTS),0,0,0,0,0,0,0
HIMACHAL PRADESH,2002,OTHER RAILWAY ACCIDENTS,1,0,0,0,1,0,1
HIMACHAL PRADESH,2002,OTHER,56,0,4,4,52,4,56
HIMACHAL PRADESH,2002,CAUSES NOT KNOWN,30,0,0,0,29,1,30
HIMACHAL PRADESH,2002,TOTAL,2905,3052,476,3528,1264,203,1467
HIMACHAL PRADESH,2002,TOTAL COLLAPSE,6,0,0,0,9,0,9
HIMACHAL PRADESH,2002,TOTAL DROWNING,78,0,0,0,59,20,79
HIMACHAL PRADESH,2002,TOTAL EXPLOSION,1,0,0,0,1,0,1
HIMACHAL PRADESH,2002,TOTAL FALLS,131,3,0,3,122,9,131
HIMACHAL PRADESH,2002,TOTAL FIRE,40,4,3,7,23,18,41
HIMACHAL PRADESH,2002,TOTAL SUDDEN DEATHS,128,0,0,0,120,8,128
HIMACHAL PRADESH,2002,TOTAL POISONING,122,0,0,0,86,36,122
HIMACHAL PRADESH,2002,TOTAL TRAFFIC ACCIDENTS,2282,3045,469,3514,736,103,839
HIMACHAL PRADESH,2003,AIR-CRASH,1,0,0,0,3,1,4
HIMACHAL PRADESH,2003,COLLAPSE OF STRUCTURE(HOUSE),1,0,0,0,1,0,1
HIMACHAL PRADESH,2003,COLLAPSE OF STRUCTURE(BUILDING),1,0,0,0,1,0,1
HIMACHAL PRADESH,2003,COLLAPSE OF STRUCTURE(DAM),0,0,0,0,0,0,0
HIMACHAL PRADESH,2003,COLLAPSE OF STRUCTURE(BRIDGE),0,0,0,0,0,0,0
HIMACHAL PRADESH,2003,COLLAPSE OF STRUCTURE(OTHERS),18,0,0,0,20,0,20
HIMACHAL PRADESH,2003,DROWNING(BOAT CAPSIZE),0,0,0,0,0,0,0
HIMACHAL PRADESH,2003,DROWNING(OTHER),104,0,0,0,105,10,115
HIMACHAL PRADESH,2003,ELECTROCUTION,8,0,0,0,8,0,8
HIMACHAL PRADESH,2003,EXPLOSION(BOMB EXPLOSION),0,0,0,0,0,0,0
HIMACHAL PRADESH,2003,EXPLOSION(OTHER EXPLOSION LIKE BOILERS,,0,0,0,0,0,0,0
HIMACHAL PRADESH,2003,FALLS(FALL FROM HEIGHT),140,0,0,0,134,6,140
HIMACHAL PRADESH,2003,FALL INTO PIT/MANHOLE,2,0,0,0,2,0,2
HIMACHAL PRADESH,2003,FACTORY/MACHINE ACCIDENTS,3,0,0,0,3,0,3
HIMACHAL PRADESH,2003,FIRE(FIREWORKS/CRACKERS),0,0,0,0,0,0,0
HIMACHAL PRADESH,2003,FIRE(SHORT-CIRCUIT),5,0,0,0,4,1,5
HIMACHAL PRADESH,2003,GAS CYLINDER/STOVE BURST,5,0,0,0,4,2,6
HIMACHAL PRADESH,2003,OTHER FIRE ACCIDENTS,24,0,0,0,14,10,24
HIMACHAL PRADESH,2003,FIRE-ARMS,3,0,0,0,2,1,3
HIMACHAL PRADESH,2003,SUDDEN DEATHS(HEART ATTACKS),104,0,0,0,98,6,104
HIMACHAL PRADESH,2003,EPILEPTIC FITS/GIDDINESS,21,0,0,0,17,4,21
HIMACHAL PRADESH,2003,ABORTIONS/CHILD BIRTH,2,0,0,0,0,2,2
HIMACHAL PRADESH,2003,INFLUENCE OF ALCOHOL,45,0,0,0,44,1,45
HIMACHAL PRADESH,2003,KILLED BY ANIMALS,6,0,0,0,3,3,6
HIMACHAL PRADESH,2003,MINES OR QUARY DISASTER,0,0,0,0,0,0,0
HIMACHAL PRADESH,2003,FOOD POISIONING/ACCIDENTAL INTAKE OF INSECTICIDES ETC.,49,0,0,0,32,17,49
HIMACHAL PRADESH,2003,SPURIOUS/POISIONOUS LIQUOR,4,0,0,0,3,1,4
HIMACHAL PRADESH,2003,LEAKAGE OF POISINOUS GASES ETC.,4,0,0,0,4,0,4
HIMACHAL PRADESH,2003,SNAKE BITE/ANIMAL BITE,8,0,0,0,7,1,8
HIMACHAL PRADESH,2003,OTHER,54,0,0,0,45,9,54
HIMACHAL PRADESH,2003,STAMPEDE,1,0,0,0,1,0,1
HIMACHAL PRADESH,2003,SUFFOCATION,11,0,0,0,11,1,12
HIMACHAL PRADESH,2003,TRAFFIC ACCIDENTS(ROAD ACCIDENTS),2359,3344,670,4014,678,99,777
HIMACHAL PRADESH,2003,TRAFFIC ACCIDENTS(RAIL-ROAD ACCIDENTS),0,0,0,0,0,0,0
HIMACHAL PRADESH,2003,OTHER RAILWAY ACCIDENTS,16,0,0,0,16,0,16
HIMACHAL PRADESH,2003,OTHER,92,0,0,0,71,21,92
HIMACHAL PRADESH,2003,CAUSES NOT KNOWN,70,0,0,0,55,15,70
HIMACHAL PRADESH,2003,TOTAL,3161,3344,670,4014,1386,211,1597
HIMACHAL PRADESH,2003,TOTAL COLLAPSE,20,0,0,0,22,0,22
HIMACHAL PRADESH,2003,TOTAL DROWNING,104,0,0,0,105,10,115
HIMACHAL PRADESH,2003,TOTAL EXPLOSION,0,0,0,0,0,0,0
HIMACHAL PRADESH,2003,TOTAL FALLS,142,0,0,0,136,6,142
HIMACHAL PRADESH,2003,TOTAL FIRE,34,0,0,0,22,13,35
HIMACHAL PRADESH,2003,TOTAL SUDDEN DEATHS,172,0,0,0,159,13,172
HIMACHAL PRADESH,2003,TOTAL POISONING,119,0,0,0,91,28,119
HIMACHAL PRADESH,2003,TOTAL TRAFFIC ACCIDENTS,2375,3344,670,4014,694,99,793
HIMACHAL PRADESH,2004,AIR-CRASH,0,0,0,0,0,0,0
HIMACHAL PRADESH,2004,COLLAPSE OF STRUCTURE(HOUSE),6,0,0,0,3,3,6
HIMACHAL PRADESH,2004,COLLAPSE OF STRUCTURE(BUILDING),0,0,0,0,0,0,0
HIMACHAL PRADESH,2004,COLLAPSE OF STRUCTURE(DAM),0,0,0,0,0,0,0
HIMACHAL PRADESH,2004,COLLAPSE OF STRUCTURE(BRIDGE),0,0,0,0,0,0,0
HIMACHAL PRADESH,2004,COLLAPSE OF STRUCTURE(OTHERS),6,0,0,0,3,3,6
HIMACHAL PRADESH,2004,DROWNING(BOAT CAPSIZE),0,0,0,0,0,0,0
HIMACHAL PRADESH,2004,DROWNING(OTHER),106,0,0,0,93,14,107
HIMACHAL PRADESH,2004,ELECTROCUTION,12,0,0,0,11,2,13
HIMACHAL PRADESH,2004,EXPLOSION(BOMB EXPLOSION),0,0,0,0,0,0,0
HIMACHAL PRADESH,2004,EXPLOSION(OTHER EXPLOSION LIKE BOILERS,,0,0,0,0,0,0,0
HIMACHAL PRADESH,2004,FALLS(FALL FROM HEIGHT),180,0,0,0,163,17,180
HIMACHAL PRADESH,2004,FALL INTO PIT/MANHOLE,0,0,0,0,0,0,0
HIMACHAL PRADESH,2004,FACTORY/MACHINE ACCIDENTS,5,0,0,0,6,0,6
HIMACHAL PRADESH,2004,FIRE(FIREWORKS/CRACKERS),0,0,0,0,0,0,0
HIMACHAL PRADESH,2004,FIRE(SHORT-CIRCUIT),5,0,0,0,5,0,5
HIMACHAL PRADESH,2004,GAS CYLINDER/STOVE BURST,4,0,0,0,0,4,4
HIMACHAL PRADESH,2004,OTHER FIRE ACCIDENTS,30,1,0,1,18,12,30
HIMACHAL PRADESH,2004,FIRE-ARMS,1,0,0,0,1,0,1
HIMACHAL PRADESH,2004,SUDDEN DEATHS(HEART ATTACKS),123,0,0,0,112,11,123
HIMACHAL PRADESH,2004,EPILEPTIC FITS/GIDDINESS,13,0,0,0,12,1,13
HIMACHAL PRADESH,2004,ABORTIONS/CHILD BIRTH,0,0,0,0,0,0,0
HIMACHAL PRADESH,2004,INFLUENCE OF ALCOHOL,49,0,0,0,49,0,49
HIMACHAL PRADESH,2004,KILLED BY ANIMALS,4,0,0,0,2,2,4
HIMACHAL PRADESH,2004,MINES OR QUARY DISASTER,0,0,0,0,0,0,0
HIMACHAL PRADESH,2004,FOOD POISIONING/ACCIDENTAL INTAKE OF INSECTICIDES ETC.,93,0,0,0,60,33,93
HIMACHAL PRADESH,2004,SPURIOUS/POISIONOUS LIQUOR,4,0,0,0,4,0,4
HIMACHAL PRADESH,2004,LEAKAGE OF POISINOUS GASES ETC.,0,0,0,0,0,0,0
HIMACHAL PRADESH,2004,SNAKE BITE/ANIMAL BITE,6,0,0,0,5,1,6
HIMACHAL PRADESH,2004,OTHER,91,0,0,0,75,16,91
HIMACHAL PRADESH,2004,STAMPEDE,0,0,0,0,0,0,0
HIMACHAL PRADESH,2004,SUFFOCATION,7,0,0,0,7,0,7
HIMACHAL PRADESH,2004,TRAFFIC ACCIDENTS(ROAD ACCIDENTS),2515,3617,671,4288,803,131,934
HIMACHAL PRADESH,2004,TRAFFIC ACCIDENTS(RAIL-ROAD ACCIDENTS),0,0,0,0,0,0,0
HIMACHAL PRADESH,2004,OTHER RAILWAY ACCIDENTS,18,0,0,0,17,1,18
HIMACHAL PRADESH,2004,OTHER,71,1,1,2,68,5,73
HIMACHAL PRADESH,2004,CAUSES NOT KNOWN,18,0,0,0,15,3,18
HIMACHAL PRADESH,2004,TOTAL,3367,3619,672,4291,1532,259,1791
HIMACHAL PRADESH,2004,TOTAL COLLAPSE,12,0,0,0,6,6,12
HIMACHAL PRADESH,2004,TOTAL DROWNING,106,0,0,0,93,14,107
HIMACHAL PRADESH,2004,TOTAL EXPLOSION,0,0,0,0,0,0,0
HIMACHAL PRADESH,2004,TOTAL FALLS,180,0,0,0,163,17,180
HIMACHAL PRADESH,2004,TOTAL FIRE,39,1,0,1,23,16,39
HIMACHAL PRADESH,2004,TOTAL SUDDEN DEATHS,185,0,0,0,173,12,185
HIMACHAL PRADESH,2004,TOTAL POISONING,194,0,0,0,144,50,194
HIMACHAL PRADESH,2004,TOTAL TRAFFIC ACCIDENTS,2533,3617,671,4288,820,132,952
HIMACHAL PRADESH,2005,AIR-CRASH,0,0,0,0,0,0,0
HIMACHAL PRADESH,2005,COLLAPSE OF STRUCTURE(HOUSE),1,0,0,0,1,0,1
HIMACHAL PRADESH,2005,COLLAPSE OF STRUCTURE(BUILDING),1,0,0,0,1,0,1
HIMACHAL PRADESH,2005,COLLAPSE OF STRUCTURE(DAM),0,0,0,0,0,0,0
HIMACHAL PRADESH,2005,COLLAPSE OF STRUCTURE(BRIDGE),1,4,0,4,34,0,34
HIMACHAL PRADESH,2005,COLLAPSE OF STRUCTURE(OTHERS),7,0,0,0,8,0,8
HIMACHAL PRADESH,2005,DROWNING(BOAT CAPSIZE),52,0,0,0,35,17,52
HIMACHAL PRADESH,2005,DROWNING(OTHER),86,0,0,0,69,18,87
HIMACHAL PRADESH,2005,ELECTROCUTION,9,0,0,0,8,1,9
HIMACHAL PRADESH,2005,EXPLOSION(BOMB EXPLOSION),0,0,0,0,0,0,0
HIMACHAL PRADESH,2005,EXPLOSION(OTHER EXPLOSION LIKE BOILERS,,0,0,0,0,0,0,0
HIMACHAL PRADESH,2005,FALLS(FALL FROM HEIGHT),200,1,0,1,183,16,199
HIMACHAL PRADESH,2005,FALL INTO PIT/MANHOLE,1,0,0,0,1,0,1
HIMACHAL PRADESH,2005,FACTORY/MACHINE ACCIDENTS,12,0,0,0,10,2,12
HIMACHAL PRADESH,2005,FIRE(FIREWORKS/CRACKERS),0,0,0,0,0,0,0
HIMACHAL PRADESH,2005,FIRE(SHORT-CIRCUIT),15,0,0,0,14,1,15
HIMACHAL PRADESH,2005,GAS CYLINDER/STOVE BURST,4,0,0,0,1,3,4
HIMACHAL PRADESH,2005,OTHER FIRE ACCIDENTS,32,1,0,1,17,15,32
HIMACHAL PRADESH,2005,FIRE-ARMS,3,2,0,2,1,0,1
HIMACHAL PRADESH,2005,SUDDEN DEATHS(HEART ATTACKS),154,0,0,0,141,13,154
HIMACHAL PRADESH,2005,EPILEPTIC FITS/GIDDINESS,6,0,0,0,5,1,6
HIMACHAL PRADESH,2005,ABORTIONS/CHILD BIRTH,1,0,0,0,0,1,1
HIMACHAL PRADESH,2005,INFLUENCE OF ALCOHOL,58,0,0,0,58,0,58
HIMACHAL PRADESH,2005,KILLED BY ANIMALS,7,0,0,0,4,3,7
HIMACHAL PRADESH,2005,MINES OR QUARY DISASTER,0,0,0,0,0,0,0
HIMACHAL PRADESH,2005,FOOD POISIONING/ACCIDENTAL INTAKE OF INSECTICIDES ETC.,67,0,0,0,42,25,67
HIMACHAL PRADESH,2005,SPURIOUS/POISIONOUS LIQUOR,14,0,0,0,13,1,14
HIMACHAL PRADESH,2005,LEAKAGE OF POISINOUS GASES ETC.,0,0,0,0,0,0,0
HIMACHAL PRADESH,2005,SNAKE BITE/ANIMAL BITE,7,0,0,0,6,1,7
HIMACHAL PRADESH,2005,OTHER,41,0,0,0,35,6,41
HIMACHAL PRADESH,2005,STAMPEDE,0,0,0,0,0,0,0
HIMACHAL PRADESH,2005,SUFFOCATION,15,0,0,0,15,0,15
HIMACHAL PRADESH,2005,TRAFFIC ACCIDENTS(ROAD ACCIDENTS),2401,3562,606,4168,734,120,854
HIMACHAL PRADESH,2005,TRAFFIC ACCIDENTS(RAIL-ROAD ACCIDENTS),0,0,0,0,0,0,0
HIMACHAL PRADESH,2005,OTHER RAILWAY ACCIDENTS,10,0,0,0,8,2,10
HIMACHAL PRADESH,2005,OTHER,60,3,1,4,48,8,56
HIMACHAL PRADESH,2005,CAUSES NOT KNOWN,139,0,0,0,127,35,162
HIMACHAL PRADESH,2005,TOTAL,3404,3573,607,4180,1619,289,1908
HIMACHAL PRADESH,2005,TOTAL COLLAPSE,10,4,0,4,44,0,44
HIMACHAL PRADESH,2005,TOTAL DROWNING,138,0,0,0,104,35,139
HIMACHAL PRADESH,2005,TOTAL EXPLOSION,0,0,0,0,0,0,0
HIMACHAL PRADESH,2005,TOTAL FALLS,201,1,0,1,184,16,200
HIMACHAL PRADESH,2005,TOTAL FIRE,51,1,0,1,32,19,51
HIMACHAL PRADESH,2005,TOTAL SUDDEN DEATHS,219,0,0,0,204,15,219
HIMACHAL PRADESH,2005,TOTAL POISONING,129,0,0,0,96,33,129
HIMACHAL PRADESH,2005,TOTAL TRAFFIC ACCIDENTS,2411,3562,606,4168,742,122,864
HIMACHAL PRADESH,2006,AIR-CRASH,0,0,0,0,0,0,0
HIMACHAL PRADESH,2006,COLLAPSE OF STRUCTURE(HOUSE),4,2,1,3,2,1,3
HIMACHAL PRADESH,2006,COLLAPSE OF STRUCTURE(BUILDING),3,7,0,7,9,3,12
HIMACHAL PRADESH,2006,COLLAPSE OF STRUCTURE(DAM),0,0,0,0,0,0,0
HIMACHAL PRADESH,2006,COLLAPSE OF STRUCTURE(BRIDGE),1,11,3,14,1,0,1
HIMACHAL PRADESH,2006,COLLAPSE OF STRUCTURE(OTHERS),7,2,0,2,6,0,6
HIMACHAL PRADESH,2006,DROWNING(BOAT CAPSIZE),0,0,0,0,0,0,0
HIMACHAL PRADESH,2006,DROWNING(OTHER),97,0,0,0,92,20,112
HIMACHAL PRADESH,2006,ELECTROCUTION,3,0,0,0,2,1,3
HIMACHAL PRADESH,2006,EXPLOSION(BOMB EXPLOSION),0,0,0,0,0,0,0
HIMACHAL PRADESH,2006,EXPLOSION(OTHER EXPLOSION LIKE BOIL,1,1,0,1,0,0,0
HIMACHAL PRADESH,2006,FALLS(FALL FROM HEIGHT),226,0,0,0,216,30,246
HIMACHAL PRADESH,2006,FALL INTO PIT/MANHOLE,4,0,0,0,4,0,4
HIMACHAL PRADESH,2006,FACTORY/MACHINE ACCIDENTS,6,3,0,3,5,0,5
HIMACHAL PRADESH,2006,FIRE(FIREWORKS/CRACKERS),0,0,0,0,0,0,0
HIMACHAL PRADESH,2006,FIRE(SHORT-CIRCUIT),12,1,0,1,9,2,11
HIMACHAL PRADESH,2006,GAS CYLINDER/STOVE BURST,11,0,0,0,3,8,11
HIMACHAL PRADESH,2006,OTHER FIRE ACCIDENTS,12,0,0,0,5,7,12
HIMACHAL PRADESH,2006,FIRE-ARMS,3,3,0,3,0,0,0
HIMACHAL PRADESH,2006,SUDDEN DEATHS(HEART ATTACKS),116,0,0,0,112,4,116
HIMACHAL PRADESH,2006,EPILEPTIC FITS/GIDDINESS,9,0,0,0,6,3,9
HIMACHAL PRADESH,2006,ABORTIONS/CHILD BIRTH,0,0,0,0,0,0,0
HIMACHAL PRADESH,2006,INFLUENCE OF ALCOHOL,41,0,0,0,41,0,41
HIMACHAL PRADESH,2006,KILLED BY ANIMALS,23,1,0,1,18,6,24
HIMACHAL PRADESH,2006,MINES OR QUARY DISASTER,0,0,0,0,0,0,0
HIMACHAL PRADESH,2006,FOOD POISIONING/ACCIDENTAL INTAKE OF INSECTICIDES ETC.,77,0,0,0,40,41,81
HIMACHAL PRADESH,2006,SPURIOUS/POISIONOUS LIQUOR,1,0,0,0,1,0,1
HIMACHAL PRADESH,2006,LEAKAGE OF POISINOUS GASES ETC.,0,0,0,0,0,0,0
HIMACHAL PRADESH,2006,SNAKE BITE/ANIMAL BITE,13,0,0,0,8,5,13
HIMACHAL PRADESH,2006,OTHER,37,0,0,0,32,13,45
HIMACHAL PRADESH,2006,STAMPEDE,0,0,0,0,0,0,0
HIMACHAL PRADESH,2006,SUFFOCATION,4,0,0,0,5,0,5
HIMACHAL PRADESH,2006,TRAFFIC ACCIDENTS(ROAD ACCIDENTS),2416,3735,798,4533,745,145,890
HIMACHAL PRADESH,2006,TRAFFIC ACCIDENTS(RAIL-ROAD ACCIDENTS),0,0,0,0,0,0,0
HIMACHAL PRADESH,2006,OTHER RAILWAY ACCIDENTS,18,0,0,0,17,1,18
HIMACHAL PRADESH,2006,OTHER,136,3,0,3,108,28,136
HIMACHAL PRADESH,2006,CAUSES NOT KNOWN,34,0,0,0,23,11,34
HIMACHAL PRADESH,2006,TOTAL,3315,3769,802,4571,1510,329,1839
HIMACHAL PRADESH,2006,TOTAL COLLAPSE,15,22,4,26,18,4,22
HIMACHAL PRADESH,2006,TOTAL DROWNING,97,0,0,0,92,20,112
HIMACHAL PRADESH,2006,TOTAL EXPLOSION,1,1,0,1,0,0,0
HIMACHAL PRADESH,2006,TOTAL FALLS,230,0,0,0,220,30,250
HIMACHAL PRADESH,2006,TOTAL FIRE,35,1,0,1,17,17,34
HIMACHAL PRADESH,2006,TOTAL SUDDEN DEATHS,166,0,0,0,159,7,166
HIMACHAL PRADESH,2006,TOTAL POISONING,128,0,0,0,81,59,140
HIMACHAL PRADESH,2006,TOTAL TRAFFIC ACCIDENTS,2434,3735,798,4533,762,146,908
HIMACHAL PRADESH,2007,AIR-CRASH,1,0,0,0,2,0,2
HIMACHAL PRADESH,2007,COLLAPSE OF STRUCTURE(HOUSE),6,0,0,0,7,0,7
HIMACHAL PRADESH,2007,COLLAPSE OF STRUCTURE(BUILDING),0,0,0,0,0,0,0
HIMACHAL PRADESH,2007,COLLAPSE OF STRUCTURE(DAM),0,0,0,0,0,0,0
HIMACHAL PRADESH,2007,COLLAPSE OF STRUCTURE(BRIDGE),0,0,0,0,0,0,0
HIMACHAL PRADESH,2007,COLLAPSE OF STRUCTURE(OTHERS),22,0,0,0,15,7,22
HIMACHAL PRADESH,2007,DROWNING(BOAT CAPSIZE),0,0,0,0,0,0,0
HIMACHAL PRADESH,2007,DROWNING(OTHER),109,0,0,0,84,27,111
HIMACHAL PRADESH,2007,ELECTROCUTION,14,0,0,0,18,0,18
HIMACHAL PRADESH,2007,EXPLOSION(BOMB EXPLOSION),0,0,0,0,0,0,0
HIMACHAL PRADESH,2007,EXPLOSION(OTHER EXPLOSION LIKE BOIL,0,0,0,0,0,0,0
HIMACHAL PRADESH,2007,FALLS(FALL FROM HEIGHT),235,0,0,0,216,20,236
HIMACHAL PRADESH,2007,FALL INTO PIT/MANHOLE,0,0,0,0,0,0,0
HIMACHAL PRADESH,2007,FACTORY/MACHINE ACCIDENTS,12,0,0,0,12,0,12
HIMACHAL PRADESH,2007,FIRE(FIREWORKS/CRACKERS),0,0,0,0,0,0,0
HIMACHAL PRADESH,2007,FIRE(SHORT-CIRCUIT),8,0,0,0,7,1,8
HIMACHAL PRADESH,2007,GAS CYLINDER/STOVE BURST,13,0,0,0,7,8,15
HIMACHAL PRADESH,2007,OTHER FIRE ACCIDENTS,25,0,0,0,19,8,27
HIMACHAL PRADESH,2007,FIRE-ARMS,0,0,0,0,0,0,0
HIMACHAL PRADESH,2007,SUDDEN DEATHS(HEART ATTACKS),114,0,0,0,101,13,114
HIMACHAL PRADESH,2007,EPILEPTIC FITS/GIDDINESS,8,0,0,0,7,1,8
HIMACHAL PRADESH,2007,ABORTIONS/CHILD BIRTH,2,0,0,0,0,2,2
HIMACHAL PRADESH,2007,INFLUENCE OF ALCOHOL,68,0,0,0,67,1,68
HIMACHAL PRADESH,2007,KILLED BY ANIMALS,10,0,0,0,7,3,10
HIMACHAL PRADESH,2007,MINES OR QUARY DISASTER,1,0,0,0,1,0,1
HIMACHAL PRADESH,2007,FOOD POISIONING/ACCIDENTAL INTAKE OF INSECTICIDES ETC.,105,0,0,0,51,54,105
HIMACHAL PRADESH,2007,SPURIOUS/POISIONOUS LIQUOR,0,0,0,0,0,0,0
HIMACHAL PRADESH,2007,LEAKAGE OF POISINOUS GASES ETC.,1,0,0,0,4,0,4
HIMACHAL PRADESH,2007,SNAKE BITE/ANIMAL BITE,6,0,0,0,5,1,6
HIMACHAL PRADESH,2007,OTHER,61,0,0,0,45,16,61
HIMACHAL PRADESH,2007,STAMPEDE,0,0,0,0,0,0,0
HIMACHAL PRADESH,2007,SUFFOCATION,2,0,0,0,0,2,2
HIMACHAL PRADESH,2007,TRAFFIC ACCIDENTS(ROAD ACCIDENTS),2582,3852,703,4555,881,116,997
HIMACHAL PRADESH,2007,TRAFFIC ACCIDENTS(RAIL-ROAD ACCIDENTS),0,0,0,0,0,0,0
HIMACHAL PRADESH,2007,OTHER RAILWAY ACCIDENTS,17,0,0,0,16,1,17
HIMACHAL PRADESH,2007,OTHER,158,0,0,0,126,32,158
HIMACHAL PRADESH,2007,CAUSES NOT KNOWN,23,0,0,0,14,9,23
HIMACHAL PRADESH,2007,TOTAL,3603,3852,703,4555,1712,322,2034
HIMACHAL PRADESH,2007,TOTAL COLLAPSE,28,0,0,0,22,7,29
HIMACHAL PRADESH,2007,TOTAL DROWNING,109,0,0,0,84,27,111
HIMACHAL PRADESH,2007,TOTAL EXPLOSION,0,0,0,0,0,0,0
HIMACHAL PRADESH,2007,TOTAL FALLS,235,0,0,0,216,20,236
HIMACHAL PRADESH,2007,TOTAL FIRE,46,0,0,0,33,17,50
HIMACHAL PRADESH,2007,TOTAL SUDDEN DEATHS,192,0,0,0,175,17,192
HIMACHAL PRADESH,2007,TOTAL POISONING,173,0,0,0,105,71,176
HIMACHAL PRADESH,2007,TOTAL TRAFFIC ACCIDENTS,2599,3852,703,4555,897,117,1014
HIMACHAL PRADESH,2008,AIR-CRASH,0,0,0,0,0,0,0
HIMACHAL PRADESH,2008,COLLAPSE OF STRUCTURE(HOUSE),9,0,0,0,6,3,9
HIMACHAL PRADESH,2008,COLLAPSE OF STRUCTURE(BUILDING),0,0,0,0,0,0,0
HIMACHAL PRADESH,2008,COLLAPSE OF STRUCTURE(DAM),0,0,0,0,0,0,0
HIMACHAL PRADESH,2008,COLLAPSE OF STRUCTURE(BRIDGE),0,0,0,0,0,0,0
HIMACHAL PRADESH,2008,COLLAPSE OF STRUCTURE(OTHERS),8,0,0,0,5,3,8
HIMACHAL PRADESH,2008,DROWNING(BOAT CAPSIZE),0,0,0,0,0,0,0
HIMACHAL PRADESH,2008,DROWNING(OTHER),134,0,0,0,107,36,143
HIMACHAL PRADESH,2008,ELECTROCUTION,17,0,0,0,16,1,17
HIMACHAL PRADESH,2008,EXPLOSION(BOMB EXPLOSION),1,0,0,0,1,0,1
HIMACHAL PRADESH,2008,EXPLOSION(OTHER EXPLOSION LIKE BOIL,1,0,0,0,1,0,1
HIMACHAL PRADESH,2008,FALLS(FALL FROM HEIGHT),281,0,0,0,257,34,291
HIMACHAL PRADESH,2008,FALL INTO PIT/MANHOLE,0,0,0,0,0,0,0
HIMACHAL PRADESH,2008,FACTORY/MACHINE ACCIDENTS,16,15,0,15,13,0,13
HIMACHAL PRADESH,2008,FIRE(FIREWORKS/CRACKERS),0,0,0,0,0,0,0
HIMACHAL PRADESH,2008,FIRE(SHORT-CIRCUIT),10,2,0,2,8,0,8
HIMACHAL PRADESH,2008,GAS CYLINDER/STOVE BURST,13,0,0,0,1,13,14
HIMACHAL PRADESH,2008,OTHER FIRE ACCIDENTS,50,0,0,0,28,23,51
HIMACHAL PRADESH,2008,FIRE-ARMS,5,2,0,2,2,1,3
HIMACHAL PRADESH,2008,SUDDEN DEATHS(HEART ATTACKS),123,0,0,0,115,8,123
HIMACHAL PRADESH,2008,EPILEPTIC FITS/GIDDINESS,4,0,0,0,2,2,4
HIMACHAL PRADESH,2008,ABORTIONS/CHILD BIRTH,3,0,0,0,0,3,3
HIMACHAL PRADESH,2008,INFLUENCE OF ALCOHOL,88,0,0,0,91,0,91
HIMACHAL PRADESH,2008,KILLED BY ANIMALS,3,0,0,0,1,2,3
HIMACHAL PRADESH,2008,MINES OR QUARY DISASTER,0,0,0,0,0,0,0
HIMACHAL PRADESH,2008,FOOD POISIONING/ACCIDENTAL INTAKE OF INSECTICIDES ETC.,117,1,6,7,76,61,137
HIMACHAL PRADESH,2008,SPURIOUS/POISIONOUS LIQUOR,1,0,0,0,1,0,1
HIMACHAL PRADESH,2008,LEAKAGE OF POISINOUS GASES ETC.,0,0,0,0,0,0,0
HIMACHAL PRADESH,2008,SNAKE BITE/ANIMAL BITE,11,0,0,0,9,2,11
HIMACHAL PRADESH,2008,OTHER,146,0,0,0,100,46,146
HIMACHAL PRADESH,2008,STAMPEDE,0,0,0,0,58,51,109
HIMACHAL PRADESH,2008,SUFFOCATION,9,0,0,0,9,2,11
HIMACHAL PRADESH,2008,TRAFFIC ACCIDENTS(ROAD ACCIDENTS),1982,2754,444,3198,712,86,798
HIMACHAL PRADESH,2008,TRAFFIC ACCIDENTS(RAIL-ROAD ACCIDENTS),0,0,0,0,0,0,0
HIMACHAL PRADESH,2008,OTHER RAILWAY ACCIDENTS,22,0,0,0,19,3,22
HIMACHAL PRADESH,2008,OTHER,170,9,6,15,135,29,164
HIMACHAL PRADESH,2008,CAUSES NOT KNOWN,12,0,0,0,9,3,12
HIMACHAL PRADESH,2008,TOTAL,3236,2783,456,3239,1782,412,2194
HIMACHAL PRADESH,2008,TOTAL COLLAPSE,17,0,0,0,11,6,17
HIMACHAL PRADESH,2008,TOTAL DROWNING,134,0,0,0,107,36,143
HIMACHAL PRADESH,2008,TOTAL EXPLOSION,2,0,0,0,2,0,2
HIMACHAL PRADESH,2008,TOTAL FALLS,281,0,0,0,257,34,291
HIMACHAL PRADESH,2008,TOTAL FIRE,73,2,0,2,37,36,73
HIMACHAL PRADESH,2008,TOTAL SUDDEN DEATHS,218,0,0,0,208,13,221
HIMACHAL PRADESH,2008,TOTAL POISONING,275,1,6,7,186,109,295
HIMACHAL PRADESH,2008,TOTAL TRAFFIC ACCIDENTS,2004,2754,444,3198,731,89,820
HIMACHAL PRADESH,2009,AIR-CRASH,0,0,0,0,0,0,0
HIMACHAL PRADESH,2009,COLLAPSE OF STRUCTURE(HOUSE),2,1,0,1,2,0,2
HIMACHAL PRADESH,2009,COLLAPSE OF STRUCTURE(BUILDING),3,1,1,2,0,1,1
HIMACHAL PRADESH,2009,COLLAPSE OF STRUCTURE(DAM),0,0,0,0,0,0,0
HIMACHAL PRADESH,2009,COLLAPSE OF STRUCTURE(BRIDGE),0,0,0,0,0,0,0
HIMACHAL PRADESH,2009,COLLAPSE OF STRUCTURE(OTHERS),16,0,0,0,13,3,16
HIMACHAL PRADESH,2009,DROWNING(BOAT CAPSIZE),0,0,0,0,0,0,0
HIMACHAL PRADESH,2009,DROWNING(OTHER),121,1,0,1,85,35,120
HIMACHAL PRADESH,2009,ELECTROCUTION,19,0,0,0,19,0,19
HIMACHAL PRADESH,2009,EXPLOSION(BOMB EXPLOSION),0,0,0,0,0,0,0
HIMACHAL PRADESH,2009,EXPLOSION(OTHER EXPLOSION LIKE BOIL,3,0,0,0,2,1,3
HIMACHAL PRADESH,2009,FALLS(FALL FROM HEIGHT),327,0,2,2,288,37,325
HIMACHAL PRADESH,2009,FALL INTO PIT/MANHOLE,2,0,0,0,2,0,2
HIMACHAL PRADESH,2009,FACTORY/MACHINE ACCIDENTS,8,0,0,0,8,0,8
HIMACHAL PRADESH,2009,FIRE(FIREWORKS/CRACKERS),0,0,0,0,0,0,0
HIMACHAL PRADESH,2009,FIRE(SHORT-CIRCUIT),14,0,0,0,14,0,14
HIMACHAL PRADESH,2009,GAS CYLINDER/STOVE BURST,10,0,0,0,3,7,10
HIMACHAL PRADESH,2009,OTHER FIRE ACCIDENTS,63,0,0,0,35,36,71
HIMACHAL PRADESH,2009,FIRE-ARMS,2,2,0,2,0,0,0
HIMACHAL PRADESH,2009,SUDDEN DEATHS(HEART ATTACKS),135,0,0,0,126,9,135
HIMACHAL PRADESH,2009,EPILEPTIC FITS/GIDDINESS,2,0,0,0,2,0,2
HIMACHAL PRADESH,2009,ABORTIONS/CHILD BIRTH,2,0,0,0,0,2,2
HIMACHAL PRADESH,2009,INFLUENCE OF ALCOHOL,66,0,0,0,66,0,66
HIMACHAL PRADESH,2009,KILLED BY ANIMALS,11,0,0,0,4,7,11
HIMACHAL PRADESH,2009,MINES OR QUARY DISASTER,0,0,0,0,0,0,0
HIMACHAL PRADESH,2009,FOOD POISIONING/ACCIDENTAL INTAKE OF INSECTICIDES ETC.,55,0,0,0,27,28,55
HIMACHAL PRADESH,2009,SPURIOUS/POISIONOUS LIQUOR,0,0,0,0,0,0,0
HIMACHAL PRADESH,2009,LEAKAGE OF POISINOUS GASES ETC.,1,0,0,0,1,0,1
HIMACHAL PRADESH,2009,SNAKE BITE/ANIMAL BITE,20,0,1,1,10,9,19
HIMACHAL PRADESH,2009,OTHER,121,0,0,0,87,49,136
HIMACHAL PRADESH,2009,STAMPEDE,0,0,0,0,0,0,0
HIMACHAL PRADESH,2009,SUFFOCATION,18,0,0,0,17,1,18
HIMACHAL PRADESH,2009,TRAFFIC ACCIDENTS(ROAD ACCIDENTS),3078,4492,1127,5619,940,172,1112
HIMACHAL PRADESH,2009,TRAFFIC ACCIDENTS(RAIL-ROAD ACCIDENTS),0,0,0,0,0,0,0
HIMACHAL PRADESH,2009,OTHER RAILWAY ACCIDENTS,15,0,0,0,11,4,15
HIMACHAL PRADESH,2009,OTHER,145,2,1,3,117,25,142
HIMACHAL PRADESH,2009,CAUSES NOT KNOWN,105,0,0,0,90,15,105
HIMACHAL PRADESH,2009,TOTAL,4364,4499,1132,5631,1969,441,2410
HIMACHAL PRADESH,2009,TOTAL COLLAPSE,21,2,1,3,15,4,19
HIMACHAL PRADESH,2009,TOTAL DROWNING,121,1,0,1,85,35,120
HIMACHAL PRADESH,2009,TOTAL EXPLOSION,3,0,0,0,2,1,3
HIMACHAL PRADESH,2009,TOTAL FALLS,329,0,2,2,290,37,327
HIMACHAL PRADESH,2009,TOTAL FIRE,87,0,0,0,52,43,95
HIMACHAL PRADESH,2009,TOTAL SUDDEN DEATHS,205,0,0,0,194,11,205
HIMACHAL PRADESH,2009,TOTAL POISONING,197,0,1,1,125,86,211
HIMACHAL PRADESH,2009,TOTAL TRAFFIC ACCIDENTS,3093,4492,1127,5619,951,176,1127
HIMACHAL PRADESH,2010,AIR-CRASH,0,0,0,0,0,0,0
HIMACHAL PRADESH,2010,COLLAPSE OF STRUCTURE(HOUSE),6,6,1,7,5,2,7
HIMACHAL PRADESH,2010,COLLAPSE OF STRUCTURE(BUILDING),4,1,1,2,1,1,2
HIMACHAL PRADESH,2010,COLLAPSE OF STRUCTURE(DAM),0,0,0,0,0,0,0
HIMACHAL PRADESH,2010,COLLAPSE OF STRUCTURE(BRIDGE),0,0,0,0,0,0,0
HIMACHAL PRADESH,2010,COLLAPSE OF STRUCTURE(OTHERS),3,0,1,1,1,1,2
HIMACHAL PRADESH,2010,DROWNING(BOAT CAPSIZE),0,0,0,0,0,0,0
HIMACHAL PRADESH,2010,DROWNING(OTHER),144,2,1,3,113,30,143
HIMACHAL PRADESH,2010,ELECTROCUTION,18,0,0,0,18,0,18
HIMACHAL PRADESH,2010,EXPLOSION(BOMB EXPLOSION),0,0,0,0,0,0,0
HIMACHAL PRADESH,2010,EXPLOSION(OTHER EXPLOSION LIKE BOIL,0,0,0,0,0,0,0
HIMACHAL PRADESH,2010,FALLS(FALL FROM HEIGHT),340,2,1,3,305,32,337
HIMACHAL PRADESH,2010,FALL INTO PIT/MANHOLE,1,0,0,0,2,0,2
HIMACHAL PRADESH,2010,FACTORY/MACHINE ACCIDENTS,4,0,0,0,4,0,4
HIMACHAL PRADESH,2010,FIRE(FIREWORKS/CRACKERS),0,0,0,0,0,0,0
HIMACHAL PRADESH,2010,FIRE(SHORT-CIRCUIT),9,0,0,0,7,2,9
HIMACHAL PRADESH,2010,GAS CYLINDER/STOVE BURST,20,7,3,10,5,11,16
HIMACHAL PRADESH,2010,OTHER FIRE ACCIDENTS,50,4,1,5,21,25,46
HIMACHAL PRADESH,2010,FIRE-ARMS,1,0,0,0,1,0,1
HIMACHAL PRADESH,2010,SUDDEN DEATHS(HEART ATTACKS),150,0,0,0,137,13,150
HIMACHAL PRADESH,2010,EPILEPTIC FITS/GIDDINESS,4,0,0,0,4,0,4
HIMACHAL PRADESH,2010,ABORTIONS/CHILD BIRTH,0,0,0,0,0,0,0
HIMACHAL PRADESH,2010,INFLUENCE OF ALCOHOL,72,3,0,3,67,2,69
HIMACHAL PRADESH,2010,KILLED BY ANIMALS,11,0,0,0,6,5,11
HIMACHAL PRADESH,2010,MINES OR QUARY DISASTER,1,0,0,0,1,0,1
HIMACHAL PRADESH,2010,FOOD POISIONING/ACCIDENTAL INTAKE OF INSECTICIDES ETC.,71,3,4,7,34,30,64
HIMACHAL PRADESH,2010,SPURIOUS/POISIONOUS LIQUOR,0,0,0,0,0,0,0
HIMACHAL PRADESH,2010,LEAKAGE OF POISINOUS GASES ETC.,0,0,0,0,0,0,0
HIMACHAL PRADESH,2010,SNAKE BITE/ANIMAL BITE,26,0,2,2,13,11,24
HIMACHAL PRADESH,2010,OTHER,127,0,0,0,88,39,127
HIMACHAL PRADESH,2010,STAMPEDE,0,0,0,0,0,0,0
HIMACHAL PRADESH,2010,SUFFOCATION,10,0,0,0,10,0,10
HIMACHAL PRADESH,2010,TRAFFIC ACCIDENTS(ROAD ACCIDENTS),3077,4224,1087,5311,942,157,1099
HIMACHAL PRADESH,2010,TRAFFIC ACCIDENTS(RAIL-ROAD ACCIDENTS),0,0,0,0,0,0,0
HIMACHAL PRADESH,2010,OTHER RAILWAY ACCIDENTS,20,0,0,0,17,3,20
HIMACHAL PRADESH,2010,OTHER,262,4,4,8,214,40,254
HIMACHAL PRADESH,2010,CAUSES NOT KNOWN,35,0,0,0,19,16,35
HIMACHAL PRADESH,2010,TOTAL,4466,4256,1106,5362,2035,420,2455
HIMACHAL PRADESH,2010,TOTAL COLLAPSE,13,7,3,10,7,4,11
HIMACHAL PRADESH,2010,TOTAL DROWNING,144,2,1,3,113,30,143
HIMACHAL PRADESH,2010,TOTAL EXPLOSION,0,0,0,0,0,0,0
HIMACHAL PRADESH,2010,TOTAL FALLS,341,2,1,3,307,32,339
HIMACHAL PRADESH,2010,TOTAL FIRE,79,11,4,15,33,38,71
HIMACHAL PRADESH,2010,TOTAL SUDDEN DEATHS,226,3,0,3,208,15,223
HIMACHAL PRADESH,2010,TOTAL POISONING,224,3,6,9,135,80,215
HIMACHAL PRADESH,2010,TOTAL TRAFFIC ACCIDENTS,3097,4224,1087,5311,959,160,1119
HIMACHAL PRADESH,2011,AIR-CRASH,0,0,0,0,0,0,0
HIMACHAL PRADESH,2011,COLLAPSE OF STRUCTURE(HOUSE),5,0,0,0,4,1,5
HIMACHAL PRADESH,2011,COLLAPSE OF STRUCTURE(BUILDING),2,4,3,7,3,0,3
HIMACHAL PRADESH,2011,COLLAPSE OF STRUCTURE(DAM),0,0,0,0,0,0,0
HIMACHAL PRADESH,2011,COLLAPSE OF STRUCTURE(BRIDGE),0,0,0,0,0,0,0
HIMACHAL PRADESH,2011,COLLAPSE OF STRUCTURE(OTHERS),4,0,0,0,3,1,4
HIMACHAL PRADESH,2011,DROWNING(BOAT CAPSIZE),0,0,0,0,0,0,0
HIMACHAL PRADESH,2011,DROWNING(OTHER),155,0,0,0,120,36,156
HIMACHAL PRADESH,2011,ELECTROCUTION,16,1,0,1,14,1,15
HIMACHAL PRADESH,2011,EXPLOSION(BOMB EXPLOSION),0,0,0,0,0,0,0
HIMACHAL PRADESH,2011,EXPLOSION(OTHER EXPLOSION LIKE BOIL,0,0,0,0,0,0,0
HIMACHAL PRADESH,2011,FALLS(FALL FROM HEIGHT),340,0,0,0,297,43,340
HIMACHAL PRADESH,2011,FALL INTO PIT/MANHOLE,1,0,0,0,1,0,1
HIMACHAL PRADESH,2011,FACTORY/MACHINE ACCIDENTS,9,0,0,0,9,0,9
HIMACHAL PRADESH,2011,FIRE(FIREWORKS/CRACKERS),0,0,0,0,0,0,0
HIMACHAL PRADESH,2011,FIRE(SHORT-CIRCUIT),16,0,0,0,12,4,16
HIMACHAL PRADESH,2011,GAS CYLINDER/STOVE BURST,7,0,1,1,1,6,7
HIMACHAL PRADESH,2011,OTHER FIRE ACCIDENTS,46,0,0,0,25,24,49
HIMACHAL PRADESH,2011,FIRE-ARMS,4,0,0,0,4,0,4
HIMACHAL PRADESH,2011,SUDDEN DEATHS(HEART ATTACKS),166,0,0,0,153,13,166
HIMACHAL PRADESH,2011,EPILEPTIC FITS/GIDDINESS,2,0,0,0,2,0,2
HIMACHAL PRADESH,2011,ABORTIONS/CHILD BIRTH,4,0,0,0,0,4,4
HIMACHAL PRADESH,2011,INFLUENCE OF ALCOHOL,76,0,0,0,76,0,76
HIMACHAL PRADESH,2011,KILLED BY ANIMALS,4,0,0,0,4,0,4
HIMACHAL PRADESH,2011,MINES OR QUARY DISASTER,0,0,0,0,0,0,0
HIMACHAL PRADESH,2011,FOOD POISIONING/ACCIDENTAL INTAKE OF INSECTICIDES ETC.,106,0,0,0,61,45,106
HIMACHAL PRADESH,2011,SPURIOUS/POISIONOUS LIQUOR,1,0,0,0,1,0,1
HIMACHAL PRADESH,2011,LEAKAGE OF POISINOUS GASES ETC.,0,0,0,0,0,0,0
HIMACHAL PRADESH,2011,SNAKE BITE/ANIMAL BITE,17,0,0,0,10,7,17
HIMACHAL PRADESH,2011,OTHER,54,0,0,0,35,19,54
HIMACHAL PRADESH,2011,STAMPEDE,0,0,0,0,0,0,0
HIMACHAL PRADESH,2011,SUFFOCATION,11,0,0,0,10,1,11
HIMACHAL PRADESH,2011,TRAFFIC ACCIDENTS(ROAD ACCIDENTS),3099,4500,936,5436,926,157,1083
HIMACHAL PRADESH,2011,TRAFFIC ACCIDENTS(RAIL-ROAD ACCIDENTS),0,0,0,0,0,0,0
HIMACHAL PRADESH,2011,OTHER RAILWAY ACCIDENTS,27,0,0,0,22,5,27
HIMACHAL PRADESH,2011,OTHER,294,0,0,0,236,58,294
HIMACHAL PRADESH,2011,CAUSES NOT KNOWN,58,0,0,0,43,15,58
HIMACHAL PRADESH,2011,TOTAL,4524,4505,940,5445,2072,440,2512
HIMACHAL PRADESH,2011,TOTAL COLLAPSE,11,4,3,7,10,2,12
HIMACHAL PRADESH,2011,TOTAL DROWNING,155,0,0,0,120,36,156
HIMACHAL PRADESH,2011,TOTAL EXPLOSION,0,0,0,0,0,0,0
HIMACHAL PRADESH,2011,TOTAL FALLS,341,0,0,0,298,43,341
HIMACHAL PRADESH,2011,TOTAL FIRE,69,0,1,1,38,34,72
HIMACHAL PRADESH,2011,TOTAL SUDDEN DEATHS,248,0,0,0,231,17,248
HIMACHAL PRADESH,2011,TOTAL POISONING,178,0,0,0,107,71,178
HIMACHAL PRADESH,2011,TOTAL TRAFFIC ACCIDENTS,3126,4500,936,5436,948,162,1110
HIMACHAL PRADESH,2012,AIR-CRASH,0,0,0,0,0,0,0
HIMACHAL PRADESH,2012,COLLAPSE OF STRUCTURE(HOUSE),0,0,0,0,0,0,0
HIMACHAL PRADESH,2012,COLLAPSE OF STRUCTURE(BUILDING),1,0,0,0,1,0,1
HIMACHAL PRADESH,2012,COLLAPSE OF STRUCTURE(DAM),0,0,0,0,0,0,0
HIMACHAL PRADESH,2012,COLLAPSE OF STRUCTURE(BRIDGE),3,0,0,0,3,0,3
HIMACHAL PRADESH,2012,COLLAPSE OF STRUCTURE(OTHERS),2,0,0,0,2,0,2
HIMACHAL PRADESH,2012,DROWNING(BOAT CAPSIZE),0,0,0,0,0,0,0
HIMACHAL PRADESH,2012,DROWNING(OTHER),143,4,1,5,114,30,144
HIMACHAL PRADESH,2012,ELECTROCUTION,16,0,0,0,14,2,16
HIMACHAL PRADESH,2012,EXPLOSION(BOMB EXPLOSION),0,0,0,0,0,0,0
HIMACHAL PRADESH,2012,EXPLOSION(OTHER EXPLOSION LIKE BOIL,1,0,0,0,1,0,1
HIMACHAL PRADESH,2012,FALLS(FALL FROM HEIGHT),344,5,1,6,311,40,351
HIMACHAL PRADESH,2012,FALL INTO PIT/MANHOLE,9,0,0,0,8,1,9
HIMACHAL PRADESH,2012,FACTORY/MACHINE ACCIDENTS,16,4,0,4,14,1,15
HIMACHAL PRADESH,2012,FIRE(FIREWORKS/CRACKERS),0,0,0,0,0,0,0
HIMACHAL PRADESH,2012,FIRE(SHORT-CIRCUIT),21,0,0,0,21,0,21
HIMACHAL PRADESH,2012,GAS CYLINDER/STOVE BURST,12,2,0,2,2,9,11
HIMACHAL PRADESH,2012,OTHER FIRE ACCIDENTS,52,4,4,8,22,29,51
HIMACHAL PRADESH,2012,FIRE-ARMS,1,0,0,0,1,0,1
HIMACHAL PRADESH,2012,SUDDEN DEATHS(HEART ATTACKS),200,0,0,0,185,15,200
HIMACHAL PRADESH,2012,EPILEPTIC FITS/GIDDINESS,2,0,0,0,2,0,2
HIMACHAL PRADESH,2012,ABORTIONS/CHILD BIRTH,3,0,0,0,0,3,3
HIMACHAL PRADESH,2012,INFLUENCE OF ALCOHOL,77,0,0,0,77,0,77
HIMACHAL PRADESH,2012,KILLED BY ANIMALS,5,0,0,0,3,2,5
HIMACHAL PRADESH,2012,MINES OR QUARY DISASTER,0,0,0,0,0,0,0
HIMACHAL PRADESH,2012,FOOD POISIONING/ACCIDENTAL INTAKE OF INSECTICIDES ETC.,159,2,3,5,97,63,160
HIMACHAL PRADESH,2012,SPURIOUS/POISIONOUS LIQUOR,0,0,0,0,0,0,0
HIMACHAL PRADESH,2012,LEAKAGE OF POISINOUS GASES ETC.,3,0,0,0,3,0,3
HIMACHAL PRADESH,2012,SNAKE BITE/ANIMAL BITE,18,0,0,0,13,5,18
HIMACHAL PRADESH,2012,OTHER,75,0,0,0,40,35,75
HIMACHAL PRADESH,2012,STAMPEDE,0,0,0,0,0,0,0
HIMACHAL PRADESH,2012,SUFFOCATION,9,0,0,0,10,0,10
HIMACHAL PRADESH,2012,TRAFFIC ACCIDENTS(ROAD ACCIDENTS),2899,4247,1199,5446,956,153,1109
HIMACHAL PRADESH,2012,TRAFFIC ACCIDENTS(RAIL-ROAD ACCIDENTS),0,0,0,0,0,0,0
HIMACHAL PRADESH,2012,OTHER RAILWAY ACCIDENTS,14,0,0,0,13,1,14
HIMACHAL PRADESH,2012,OTHER,329,26,14,40,264,66,330
HIMACHAL PRADESH,2012,CAUSES NOT KNOWN,31,0,0,0,26,5,31
HIMACHAL PRADESH,2012,TOTAL,4445,4294,1222,5516,2203,460,2663
HIMACHAL PRADESH,2012,TOTAL COLLAPSE,6,0,0,0,6,0,6
HIMACHAL PRADESH,2012,TOTAL DROWNING,143,4,1,5,114,30,144
HIMACHAL PRADESH,2012,TOTAL EXPLOSION,1,0,0,0,1,0,1
HIMACHAL PRADESH,2012,TOTAL FALLS,353,5,1,6,319,41,360
HIMACHAL PRADESH,2012,TOTAL FIRE,85,6,4,10,45,38,83
HIMACHAL PRADESH,2012,TOTAL SUDDEN DEATHS,282,0,0,0,264,18,282
HIMACHAL PRADESH,2012,TOTAL POISONING,255,2,3,5,153,103,256
HIMACHAL PRADESH,2012,TOTAL TRAFFIC ACCIDENTS,2913,4247,1199,5446,969,154,1123
JAMMU & KASHMIR,2001,AIR-CRASH,1,0,0,0,1,0,1
JAMMU & KASHMIR,2001,COLLAPSE OF STRUCTURE(HOUSE),2,0,0,0,2,2,4
JAMMU & KASHMIR,2001,COLLAPSE OF STRUCTURE(BUILDING),1,0,0,0,2,2,4
JAMMU & KASHMIR,2001,COLLAPSE OF STRUCTURE(DAM),0,0,0,0,0,0,0
JAMMU & KASHMIR,2001,COLLAPSE OF STRUCTURE(BRIDGE),0,0,0,0,0,0,0
JAMMU & KASHMIR,2001,COLLAPSE OF STRUCTURE(OTHERS),2,0,0,0,4,1,5
JAMMU & KASHMIR,2001,DROWNING(BOAT CAPSIZE),0,0,0,0,0,0,0
JAMMU & KASHMIR,2001,DROWNING(OTHER),28,13,5,18,36,14,50
JAMMU & KASHMIR,2001,ELECTROCUTION,10,8,6,14,10,3,13
JAMMU & KASHMIR,2001,EXPLOSION(BOMB EXPLOSION),289,871,75,946,156,16,172
JAMMU & KASHMIR,2001,EXPLOSION(OTHER EXPLOSION LIKE BOILERS,,2,3,0,3,1,0,1
JAMMU & KASHMIR,2001,FALLS(FALL FROM HEIGHT),29,0,3,3,40,18,58
JAMMU & KASHMIR,2001,FALL INTO PIT/MANHOLE,4,0,0,0,6,2,8
JAMMU & KASHMIR,2001,FACTORY/MACHINE ACCIDENTS,1,0,0,0,0,1,1
JAMMU & KASHMIR,2001,FIRE(FIREWORKS/CRACKERS),0,0,0,0,0,0,0
JAMMU & KASHMIR,2001,FIRE(SHORT-CIRCUIT),3,0,0,0,2,0,2
JAMMU & KASHMIR,2001,GAS CYLINDER/STOVE BURST,1,0,0,0,0,0,0
JAMMU & KASHMIR,2001,OTHER FIRE ACCIDENTS,18,0,0,0,4,1,5
JAMMU & KASHMIR,2001,FIRE-ARMS,213,101,16,117,159,19,178
JAMMU & KASHMIR,2001,SUDDEN DEATHS(HEART ATTACKS),62,0,0,0,51,11,62
JAMMU & KASHMIR,2001,EPILEPTIC FITS/GIDDINESS,2,0,0,0,1,1,2
JAMMU & KASHMIR,2001,ABORTIONS/CHILD BIRTH,1,0,0,0,0,1,1
JAMMU & KASHMIR,2001,INFLUENCE OF ALCOHOL,5,0,0,0,3,2,5
JAMMU & KASHMIR,2001,KILLED BY ANIMALS,3,0,0,0,3,0,3
JAMMU & KASHMIR,2001,MINES OR QUARY DISASTER,2,0,0,0,5,0,5
JAMMU & KASHMIR,2001,FOOD POISIONING/ACCIDENTAL INTAKE OF INSECTICIDES ETC.,0,0,0,0,0,0,0
JAMMU & KASHMIR,2001,SPURIOUS/POISIONOUS LIQUOR,10,0,0,0,7,3,10
JAMMU & KASHMIR,2001,LEAKAGE OF POISINOUS GASES ETC.,1,0,0,0,1,0,1
JAMMU & KASHMIR,2001,SNAKE BITE/ANIMAL BITE,0,0,0,0,0,0,0
JAMMU & KASHMIR,2001,OTHER,12,0,0,0,8,5,13
JAMMU & KASHMIR,2001,STAMPEDE,0,0,0,0,0,0,0
JAMMU & KASHMIR,2001,SUFFOCATION,6,0,0,0,3,3,6
JAMMU & KASHMIR,2001,TRAFFIC ACCIDENTS(ROAD ACCIDENTS),5011,5335,901,6236,797,148,945
JAMMU & KASHMIR,2001,TRAFFIC ACCIDENTS(RAIL-ROAD ACCIDENTS),0,0,0,0,0,0,0
JAMMU & KASHMIR,2001,OTHER RAILWAY ACCIDENTS,0,0,0,0,0,0,0
JAMMU & KASHMIR,2001,OTHER,47,1,1,2,73,15,88
JAMMU & KASHMIR,2001,CAUSES NOT KNOWN,29,0,0,0,36,13,49
JAMMU & KASHMIR,2001,TOTAL,5795,6332,1007,7339,1411,281,1692
JAMMU & KASHMIR,2001,TOTAL COLLAPSE,5,0,0,0,8,5,13
JAMMU & KASHMIR,2001,TOTAL DROWNING,28,13,5,18,36,14,50
JAMMU & KASHMIR,2001,TOTAL EXPLOSION,291,874,75,949,157,16,173
JAMMU & KASHMIR,2001,TOTAL FALLS,33,0,3,3,46,20,66
JAMMU & KASHMIR,2001,TOTAL FIRE,22,0,0,0,6,1,7
JAMMU & KASHMIR,2001,TOTAL SUDDEN DEATHS,70,0,0,0,55,15,70
JAMMU & KASHMIR,2001,TOTAL POISONING,23,0,0,0,16,8,24
JAMMU & KASHMIR,2001,TOTAL TRAFFIC ACCIDENTS,5011,5335,901,6236,797,148,945
JAMMU & KASHMIR,2002,AIR-CRASH,1,0,0,0,1,0,1
JAMMU & KASHMIR,2002,COLLAPSE OF STRUCTURE(HOUSE),1,0,0,0,1,0,1
JAMMU & KASHMIR,2002,COLLAPSE OF STRUCTURE(BUILDING),0,0,0,0,0,0,0
JAMMU & KASHMIR,2002,COLLAPSE OF STRUCTURE(DAM),0,0,0,0,0,0,0
JAMMU & KASHMIR,2002,COLLAPSE OF STRUCTURE(BRIDGE),1,3,0,3,0,0,0
JAMMU & KASHMIR,2002,COLLAPSE OF STRUCTURE(OTHERS),9,0,0,0,4,3,7
JAMMU & KASHMIR,2002,DROWNING(BOAT CAPSIZE),4,0,0,0,4,0,4
JAMMU & KASHMIR,2002,DROWNING(OTHER),22,2,0,2,17,8,25
JAMMU & KASHMIR,2002,ELECTROCUTION,9,0,0,0,10,2,12
JAMMU & KASHMIR,2002,EXPLOSION(BOMB EXPLOSION),263,698,82,780,112,10,122
JAMMU & KASHMIR,2002,EXPLOSION(OTHER EXPLOSION LIKE BOILERS, GAS CYLINDER ETC.),1,1,0,1,0,0,0
JAMMU & KASHMIR,2002,FALLS(FALL FROM HEIGHT),69,65,9,74,41,17,58
JAMMU & KASHMIR,2002,FALL INTO PIT/MANHOLE,0,0,0,0,0,0,0
JAMMU & KASHMIR,2002,FACTORY/MACHINE ACCIDENTS,2,2,0,2,2,0,2
JAMMU & KASHMIR,2002,FIRE(FIREWORKS/CRACKERS),0,0,0,0,0,0,0
JAMMU & KASHMIR,2002,FIRE(SHORT-CIRCUIT),1,0,0,0,1,0,1
JAMMU & KASHMIR,2002,GAS CYLINDER/STOVE BURST,2,0,0,0,0,3,3
JAMMU & KASHMIR,2002,OTHER FIRE ACCIDENTS,11,0,0,0,5,6,11
JAMMU & KASHMIR,2002,FIRE-ARMS,575,542,105,647,301,97,398
JAMMU & KASHMIR,2002,SUDDEN DEATHS(HEART ATTACKS),73,0,0,0,64,9,73
JAMMU & KASHMIR,2002,EPILEPTIC FITS/GIDDINESS,1,0,0,0,1,0,1
JAMMU & KASHMIR,2002,ABORTIONS/CHILD BIRTH,3,0,0,0,0,3,3
JAMMU & KASHMIR,2002,INFLUENCE OF ALCOHOL,2,0,0,0,2,0,2
JAMMU & KASHMIR,2002,KILLED BY ANIMALS,4,1,0,1,2,1,3
JAMMU & KASHMIR,2002,MINES OR QUARY DISASTER,0,0,0,0,0,0,0
JAMMU & KASHMIR,2002,FOOD POISIONING/ACCIDENTAL INTAKE OF INSECTICIDES ETC.,4,0,0,0,3,2,5
JAMMU & KASHMIR,2002,SPURIOUS/POISIONOUS LIQUOR,12,0,0,0,7,5,12
JAMMU & KASHMIR,2002,LEAKAGE OF POISINOUS GASES ETC.,4,0,0,0,2,2,4
JAMMU & KASHMIR,2002,SNAKE BITE/ANIMAL BITE,1,0,0,0,1,0,1
JAMMU & KASHMIR,2002,OTHER,8,0,0,0,8,4,12
JAMMU & KASHMIR,2002,STAMPEDE,0,0,0,0,0,0,0
JAMMU & KASHMIR,2002,SUFFOCATION,17,0,0,0,16,1,17
JAMMU & KASHMIR,2002,TRAFFIC ACCIDENTS(ROAD ACCIDENTS),5373,5442,1278,6720,749,139,888
JAMMU & KASHMIR,2002,TRAFFIC ACCIDENTS(RAIL-ROAD ACCIDENTS),0,0,0,0,0,0,0
JAMMU & KASHMIR,2002,OTHER RAILWAY ACCIDENTS,0,0,0,0,0,0,0
JAMMU & KASHMIR,2002,OTHER,50,0,0,0,55,11,66
JAMMU & KASHMIR,2002,CAUSES NOT KNOWN,47,0,0,0,40,9,49
JAMMU & KASHMIR,2002,TOTAL,6570,6756,1474,8230,1449,332,1781
JAMMU & KASHMIR,2002,TOTAL COLLAPSE,11,3,0,3,5,3,8
JAMMU & KASHMIR,2002,TOTAL DROWNING,26,2,0,2,21,8,29
JAMMU & KASHMIR,2002,TOTAL EXPLOSION,264,699,82,781,112,10,122
JAMMU & KASHMIR,2002,TOTAL FALLS,69,65,9,74,41,17,58
JAMMU & KASHMIR,2002,TOTAL FIRE,14,0,0,0,6,9,15
JAMMU & KASHMIR,2002,TOTAL SUDDEN DEATHS,79,0,0,0,67,12,79
JAMMU & KASHMIR,2002,TOTAL POISONING,29,0,0,0,21,13,34
JAMMU & KASHMIR,2002,TOTAL TRAFFIC ACCIDENTS,5373,5442,1278,6720,749,139,888
JAMMU & KASHMIR,2003,AIR-CRASH,1,1,0,1,2,3,5
JAMMU & KASHMIR,2003,COLLAPSE OF STRUCTURE(HOUSE),10,3,2,5,12,6,18
JAMMU & KASHMIR,2003,COLLAPSE OF STRUCTURE(BUILDING),1,0,0,0,1,0,1
JAMMU & KASHMIR,2003,COLLAPSE OF STRUCTURE(DAM),0,0,0,0,0,0,0
JAMMU & KASHMIR,2003,COLLAPSE OF STRUCTURE(BRIDGE),0,0,0,0,0,0,0
JAMMU & KASHMIR,2003,COLLAPSE OF STRUCTURE(OTHERS),4,0,0,0,4,2,6
JAMMU & KASHMIR,2003,DROWNING(BOAT CAPSIZE),8,0,0,0,8,1,9
JAMMU & KASHMIR,2003,DROWNING(OTHER),41,0,0,0,41,13,54
JAMMU & KASHMIR,2003,ELECTROCUTION,20,2,0,2,16,4,20
JAMMU & KASHMIR,2003,EXPLOSION(BOMB EXPLOSION),232,773,65,838,96,8,104
JAMMU & KASHMIR,2003,EXPLOSION(OTHER EXPLOSION LIKE BOILERS,,31,83,37,120,5,0,5
JAMMU & KASHMIR,2003,FALLS(FALL FROM HEIGHT),40,0,0,0,36,12,48
JAMMU & KASHMIR,2003,FALL INTO PIT/MANHOLE,19,0,0,0,17,2,19
JAMMU & KASHMIR,2003,FACTORY/MACHINE ACCIDENTS,2,1,0,1,1,0,1
JAMMU & KASHMIR,2003,FIRE(FIREWORKS/CRACKERS),3,0,0,0,1,2,3
JAMMU & KASHMIR,2003,FIRE(SHORT-CIRCUIT),6,0,0,0,5,1,6
JAMMU & KASHMIR,2003,GAS CYLINDER/STOVE BURST,14,0,0,0,9,9,18
JAMMU & KASHMIR,2003,OTHER FIRE ACCIDENTS,7,0,0,0,7,6,13
JAMMU & KASHMIR,2003,FIRE-ARMS,358,386,22,408,326,13,339
JAMMU & KASHMIR,2003,SUDDEN DEATHS(HEART ATTACKS),69,0,0,0,62,7,69
JAMMU & KASHMIR,2003,EPILEPTIC FITS/GIDDINESS,14,0,0,0,6,8,14
JAMMU & KASHMIR,2003,ABORTIONS/CHILD BIRTH,15,0,0,0,0,12,12
JAMMU & KASHMIR,2003,INFLUENCE OF ALCOHOL,17,0,0,0,10,7,17
JAMMU & KASHMIR,2003,KILLED BY ANIMALS,1,0,0,0,1,0,1
JAMMU & KASHMIR,2003,MINES OR QUARY DISASTER,0,0,0,0,0,0,0
JAMMU & KASHMIR,2003,FOOD POISIONING/ACCIDENTAL INTAKE OF INSECTICIDES ETC.,13,0,1,1,6,9,15
JAMMU & KASHMIR,2003,SPURIOUS/POISIONOUS LIQUOR,1,0,0,0,1,0,1
JAMMU & KASHMIR,2003,LEAKAGE OF POISINOUS GASES ETC.,1,0,0,0,1,0,1
JAMMU & KASHMIR,2003,SNAKE BITE/ANIMAL BITE,9,0,0,0,5,4,9
JAMMU & KASHMIR,2003,OTHER,52,6,12,18,10,23,33
JAMMU & KASHMIR,2003,STAMPEDE,0,0,0,0,0,0,0
JAMMU & KASHMIR,2003,SUFFOCATION,3,0,0,0,1,2,3
JAMMU & KASHMIR,2003,TRAFFIC ACCIDENTS(ROAD ACCIDENTS),5888,6423,1395,7818,714,141,855
JAMMU & KASHMIR,2003,TRAFFIC ACCIDENTS(RAIL-ROAD ACCIDENTS),0,0,0,0,0,0,0
JAMMU & KASHMIR,2003,OTHER RAILWAY ACCIDENTS,44,0,0,0,42,2,44
JAMMU & KASHMIR,2003,OTHER,33,0,0,0,37,6,43
JAMMU & KASHMIR,2003,CAUSES NOT KNOWN,30,0,0,0,28,5,33
JAMMU & KASHMIR,2003,TOTAL,6987,7678,1534,9212,1511,308,1819
JAMMU & KASHMIR,2003,TOTAL COLLAPSE,15,3,2,5,17,8,25
JAMMU & KASHMIR,2003,TOTAL DROWNING,49,0,0,0,49,14,63
JAMMU & KASHMIR,2003,TOTAL EXPLOSION,263,856,102,958,101,8,109
JAMMU & KASHMIR,2003,TOTAL FALLS,59,0,0,0,53,14,67
JAMMU & KASHMIR,2003,TOTAL FIRE,30,0,0,0,22,18,40
JAMMU & KASHMIR,2003,TOTAL SUDDEN DEATHS,115,0,0,0,78,34,112
JAMMU & KASHMIR,2003,TOTAL POISONING,76,6,13,19,23,36,59
JAMMU & KASHMIR,2003,TOTAL TRAFFIC ACCIDENTS,5932,6423,1395,7818,756,143,899
JAMMU & KASHMIR,2004,AIR-CRASH,0,0,0,0,0,0,0
JAMMU & KASHMIR,2004,COLLAPSE OF STRUCTURE(HOUSE),3,0,0,0,3,0,3
JAMMU & KASHMIR,2004,COLLAPSE OF STRUCTURE(BUILDING),0,0,0,0,0,0,0
JAMMU & KASHMIR,2004,COLLAPSE OF STRUCTURE(DAM),0,0,0,0,0,0,0
JAMMU & KASHMIR,2004,COLLAPSE OF STRUCTURE(BRIDGE),0,0,0,0,0,0,0
JAMMU & KASHMIR,2004,COLLAPSE OF STRUCTURE(OTHERS),4,0,0,0,4,0,4
JAMMU & KASHMIR,2004,DROWNING(BOAT CAPSIZE),0,0,0,0,0,0,0
JAMMU & KASHMIR,2004,DROWNING(OTHER),27,2,0,2,20,7,27
JAMMU & KASHMIR,2004,ELECTROCUTION,22,14,1,15,16,3,19
JAMMU & KASHMIR,2004,EXPLOSION(BOMB EXPLOSION),202,872,131,1003,100,12,112
JAMMU & KASHMIR,2004,EXPLOSION(OTHER EXPLOSION LIKE BOILERS,,1,0,0,0,1,0,1
JAMMU & KASHMIR,2004,FALLS(FALL FROM HEIGHT),42,4,2,6,31,10,41
JAMMU & KASHMIR,2004,FALL INTO PIT/MANHOLE,0,0,0,0,0,0,0
JAMMU & KASHMIR,2004,FACTORY/MACHINE ACCIDENTS,5,3,0,3,1,0,1
JAMMU & KASHMIR,2004,FIRE(FIREWORKS/CRACKERS),0,0,0,0,0,0,0
JAMMU & KASHMIR,2004,FIRE(SHORT-CIRCUIT),5,1,0,1,3,1,4
JAMMU & KASHMIR,2004,GAS CYLINDER/STOVE BURST,14,2,0,2,8,4,12
JAMMU & KASHMIR,2004,OTHER FIRE ACCIDENTS,12,2,0,2,2,5,7
JAMMU & KASHMIR,2004,FIRE-ARMS,509,408,53,461,342,30,372
JAMMU & KASHMIR,2004,SUDDEN DEATHS(HEART ATTACKS),73,0,0,0,61,12,73
JAMMU & KASHMIR,2004,EPILEPTIC FITS/GIDDINESS,3,2,0,2,1,0,1
JAMMU & KASHMIR,2004,ABORTIONS/CHILD BIRTH,5,0,0,0,0,5,5
JAMMU & KASHMIR,2004,INFLUENCE OF ALCOHOL,8,1,0,1,7,0,7
JAMMU & KASHMIR,2004,KILLED BY ANIMALS,7,6,0,6,4,2,6
JAMMU & KASHMIR,2004,MINES OR QUARY DISASTER,0,0,0,0,0,0,0
JAMMU & KASHMIR,2004,FOOD POISIONING/ACCIDENTAL INTAKE OF INSECTICIDES ETC.,19,2,0,2,6,12,18
JAMMU & KASHMIR,2004,SPURIOUS/POISIONOUS LIQUOR,0,0,0,0,0,0,0
JAMMU & KASHMIR,2004,LEAKAGE OF POISINOUS GASES ETC.,2,2,0,2,0,0,0
JAMMU & KASHMIR,2004,SNAKE BITE/ANIMAL BITE,5,0,0,0,4,1,5
JAMMU & KASHMIR,2004,OTHER,19,10,3,13,10,9,19
JAMMU & KASHMIR,2004,STAMPEDE,0,0,0,0,0,0,0
JAMMU & KASHMIR,2004,SUFFOCATION,0,0,0,0,0,0,0
JAMMU & KASHMIR,2004,TRAFFIC ACCIDENTS(ROAD ACCIDENTS),6281,6922,1320,8242,814,155,969
JAMMU & KASHMIR,2004,TRAFFIC ACCIDENTS(RAIL-ROAD ACCIDENTS),0,0,0,0,0,0,0
JAMMU & KASHMIR,2004,OTHER RAILWAY ACCIDENTS,0,0,0,0,0,0,0
JAMMU & KASHMIR,2004,OTHER,60,2,0,2,59,11,70
JAMMU & KASHMIR,2004,CAUSES NOT KNOWN,31,3,0,3,37,10,47
JAMMU & KASHMIR,2004,TOTAL,7359,8258,1510,9768,1534,289,1823
JAMMU & KASHMIR,2004,TOTAL COLLAPSE,7,0,0,0,7,0,7
JAMMU & KASHMIR,2004,TOTAL DROWNING,27,2,0,2,20,7,27
JAMMU & KASHMIR,2004,TOTAL EXPLOSION,203,872,131,1003,101,12,113
JAMMU & KASHMIR,2004,TOTAL FALLS,42,4,2,6,31,10,41
JAMMU & KASHMIR,2004,TOTAL FIRE,31,5,0,5,13,10,23
JAMMU & KASHMIR,2004,TOTAL SUDDEN DEATHS,89,3,0,3,69,17,86
JAMMU & KASHMIR,2004,TOTAL POISONING,45,14,3,17,20,22,42
JAMMU & KASHMIR,2004,TOTAL TRAFFIC ACCIDENTS,6281,6922,1320,8242,814,155,969
JAMMU & KASHMIR,2005,AIR-CRASH,0,0,0,0,0,0,0
JAMMU & KASHMIR,2005,COLLAPSE OF STRUCTURE(HOUSE),5,0,0,0,5,5,10
JAMMU & KASHMIR,2005,COLLAPSE OF STRUCTURE(BUILDING),1,0,0,0,1,0,1
JAMMU & KASHMIR,2005,COLLAPSE OF STRUCTURE(DAM),0,0,0,0,0,0,0
JAMMU & KASHMIR,2005,COLLAPSE OF STRUCTURE(BRIDGE),0,0,0,0,0,0,0
JAMMU & KASHMIR,2005,COLLAPSE OF STRUCTURE(OTHERS),1,0,0,0,1,0,1
JAMMU & KASHMIR,2005,DROWNING(BOAT CAPSIZE),5,0,0,0,3,2,5
JAMMU & KASHMIR,2005,DROWNING(OTHER),25,1,0,1,25,3,28
JAMMU & KASHMIR,2005,ELECTROCUTION,21,4,0,4,11,5,16
JAMMU & KASHMIR,2005,EXPLOSION(BOMB EXPLOSION),110,631,79,710,69,16,85
JAMMU & KASHMIR,2005,EXPLOSION(OTHER EXPLOSION LIKE BOILERS,,3,0,0,0,3,0,3
JAMMU & KASHMIR,2005,FALLS(FALL FROM HEIGHT),15,0,0,0,15,1,16
JAMMU & KASHMIR,2005,FALL INTO PIT/MANHOLE,0,0,0,0,0,0,0
JAMMU & KASHMIR,2005,FACTORY/MACHINE ACCIDENTS,7,0,0,0,7,0,7
JAMMU & KASHMIR,2005,FIRE(FIREWORKS/CRACKERS),0,0,0,0,0,0,0
JAMMU & KASHMIR,2005,FIRE(SHORT-CIRCUIT),5,1,0,1,5,0,5
JAMMU & KASHMIR,2005,GAS CYLINDER/STOVE BURST,12,0,0,0,9,3,12
JAMMU & KASHMIR,2005,OTHER FIRE ACCIDENTS,14,0,0,0,7,6,13
JAMMU & KASHMIR,2005,FIRE-ARMS,214,64,17,81,72,16,88
JAMMU & KASHMIR,2005,SUDDEN DEATHS(HEART ATTACKS),79,1,1,2,64,13,77
JAMMU & KASHMIR,2005,EPILEPTIC FITS/GIDDINESS,1,0,0,0,1,0,1
JAMMU & KASHMIR,2005,ABORTIONS/CHILD BIRTH,2,0,0,0,0,2,2
JAMMU & KASHMIR,2005,INFLUENCE OF ALCOHOL,5,0,0,0,5,0,5
JAMMU & KASHMIR,2005,KILLED BY ANIMALS,1,0,0,0,0,1,1
JAMMU & KASHMIR,2005,MINES OR QUARY DISASTER,0,0,0,0,0,0,0
JAMMU & KASHMIR,2005,FOOD POISIONING/ACCIDENTAL INTAKE OF INSECTICIDES ETC.,15,0,0,0,6,9,15
JAMMU & KASHMIR,2005,SPURIOUS/POISIONOUS LIQUOR,0,0,0,0,0,0,0
JAMMU & KASHMIR,2005,LEAKAGE OF POISINOUS GASES ETC.,0,0,0,0,0,0,0
JAMMU & KASHMIR,2005,SNAKE BITE/ANIMAL BITE,2,0,0,0,2,0,2
JAMMU & KASHMIR,2005,OTHER,5,1,0,1,3,1,4
JAMMU & KASHMIR,2005,STAMPEDE,0,0,0,0,0,0,0
JAMMU & KASHMIR,2005,SUFFOCATION,3,0,1,1,2,0,2
JAMMU & KASHMIR,2005,TRAFFIC ACCIDENTS(ROAD ACCIDENTS),5669,6763,1346,8109,733,124,857
JAMMU & KASHMIR,2005,TRAFFIC ACCIDENTS(RAIL-ROAD ACCIDENTS),0,0,0,0,0,0,0
JAMMU & KASHMIR,2005,OTHER RAILWAY ACCIDENTS,0,0,0,0,0,0,0
JAMMU & KASHMIR,2005,OTHER,27,0,0,0,22,6,28
JAMMU & KASHMIR,2005,CAUSES NOT KNOWN,64,0,0,0,42,22,64
JAMMU & KASHMIR,2005,TOTAL,6311,7466,1444,8910,1113,235,1348
JAMMU & KASHMIR,2005,TOTAL COLLAPSE,7,0,0,0,7,5,12
JAMMU & KASHMIR,2005,TOTAL DROWNING,30,1,0,1,28,5,33
JAMMU & KASHMIR,2005,TOTAL EXPLOSION,113,631,79,710,72,16,88
JAMMU & KASHMIR,2005,TOTAL FALLS,15,0,0,0,15,1,16
JAMMU & KASHMIR,2005,TOTAL FIRE,31,1,0,1,21,9,30
JAMMU & KASHMIR,2005,TOTAL SUDDEN DEATHS,87,1,1,2,70,15,85
JAMMU & KASHMIR,2005,TOTAL POISONING,22,1,0,1,11,10,21
JAMMU & KASHMIR,2005,TOTAL TRAFFIC ACCIDENTS,5669,6763,1346,8109,733,124,857
JAMMU & KASHMIR,2006,AIR-CRASH,0,0,0,0,0,0,0
JAMMU & KASHMIR,2006,COLLAPSE OF STRUCTURE(HOUSE),5,0,0,0,5,1,6
JAMMU & KASHMIR,2006,COLLAPSE OF STRUCTURE(BUILDING),0,0,0,0,0,0,0
JAMMU & KASHMIR,2006,COLLAPSE OF STRUCTURE(DAM),0,0,0,0,0,0,0
JAMMU & KASHMIR,2006,COLLAPSE OF STRUCTURE(BRIDGE),0,0,0,0,0,0,0
JAMMU & KASHMIR,2006,COLLAPSE OF STRUCTURE(OTHERS),2,3,1,4,0,0,0
JAMMU & KASHMIR,2006,DROWNING(BOAT CAPSIZE),1,0,0,0,1,0,1
JAMMU & KASHMIR,2006,DROWNING(OTHER),42,0,1,1,29,19,48
JAMMU & KASHMIR,2006,ELECTROCUTION,27,3,0,3,22,3,25
JAMMU & KASHMIR,2006,EXPLOSION(BOMB EXPLOSION),47,147,26,173,15,6,21
JAMMU & KASHMIR,2006,EXPLOSION(OTHER EXPLOSION LIKE BOIL,85,316,55,371,25,14,39
JAMMU & KASHMIR,2006,FALLS(FALL FROM HEIGHT),49,3,1,4,36,9,45
JAMMU & KASHMIR,2006,FALL INTO PIT/MANHOLE,1,0,0,0,1,0,1
JAMMU & KASHMIR,2006,FACTORY/MACHINE ACCIDENTS,4,1,0,1,3,0,3
JAMMU & KASHMIR,2006,FIRE(FIREWORKS/CRACKERS),0,0,0,0,0,0,0
JAMMU & KASHMIR,2006,FIRE(SHORT-CIRCUIT),14,2,2,4,8,2,10
JAMMU & KASHMIR,2006,GAS CYLINDER/STOVE BURST,8,1,3,4,1,7,8
JAMMU & KASHMIR,2006,OTHER FIRE ACCIDENTS,17,1,0,1,13,7,20
JAMMU & KASHMIR,2006,FIRE-ARMS,39,24,1,25,39,4,43
JAMMU & KASHMIR,2006,SUDDEN DEATHS(HEART ATTACKS),80,0,2,2,66,12,78
JAMMU & KASHMIR,2006,EPILEPTIC FITS/GIDDINESS,1,0,0,0,1,0,1
JAMMU & KASHMIR,2006,ABORTIONS/CHILD BIRTH,7,0,0,0,0,6,6
JAMMU & KASHMIR,2006,INFLUENCE OF ALCOHOL,9,0,0,0,8,1,9
JAMMU & KASHMIR,2006,KILLED BY ANIMALS,7,3,1,4,3,0,3
JAMMU & KASHMIR,2006,MINES OR QUARY DISASTER,0,0,0,0,0,0,0
JAMMU & KASHMIR,2006,FOOD POISIONING/ACCIDENTAL INTAKE OF INSECTICIDES ETC.,22,2,3,5,10,8,18
JAMMU & KASHMIR,2006,SPURIOUS/POISIONOUS LIQUOR,0,0,0,0,0,0,0
JAMMU & KASHMIR,2006,LEAKAGE OF POISINOUS GASES ETC.,3,1,0,1,1,3,4
JAMMU & KASHMIR,2006,SNAKE BITE/ANIMAL BITE,13,0,0,0,10,3,13
JAMMU & KASHMIR,2006,OTHER,4,0,1,1,2,1,3
JAMMU & KASHMIR,2006,STAMPEDE,0,0,0,0,0,0,0
JAMMU & KASHMIR,2006,SUFFOCATION,0,0,0,0,0,0,0
JAMMU & KASHMIR,2006,TRAFFIC ACCIDENTS(ROAD ACCIDENTS),5609,6408,1581,7989,879,213,1092
JAMMU & KASHMIR,2006,TRAFFIC ACCIDENTS(RAIL-ROAD ACCIDENTS),0,0,0,0,0,0,0
JAMMU & KASHMIR,2006,OTHER RAILWAY ACCIDENTS,0,0,0,0,0,0,0
JAMMU & KASHMIR,2006,OTHER,49,0,2,2,36,26,62
JAMMU & KASHMIR,2006,CAUSES NOT KNOWN,253,0,0,0,178,76,254
JAMMU & KASHMIR,2006,TOTAL,6398,6915,1680,8595,1392,421,1813
JAMMU & KASHMIR,2006,TOTAL COLLAPSE,7,3,1,4,5,1,6
JAMMU & KASHMIR,2006,TOTAL DROWNING,43,0,1,1,30,19,49
JAMMU & KASHMIR,2006,TOTAL EXPLOSION,132,463,81,544,40,20,60
JAMMU & KASHMIR,2006,TOTAL FALLS,50,3,1,4,37,9,46
JAMMU & KASHMIR,2006,TOTAL FIRE,39,4,5,9,22,16,38
JAMMU & KASHMIR,2006,TOTAL SUDDEN DEATHS,97,0,2,2,75,19,94
JAMMU & KASHMIR,2006,TOTAL POISONING,42,3,4,7,23,15,38
JAMMU & KASHMIR,2006,TOTAL TRAFFIC ACCIDENTS,5609,6408,1581,7989,879,213,1092
JAMMU & KASHMIR,2007,AIR-CRASH,0,0,0,0,0,0,0
JAMMU & KASHMIR,2007,COLLAPSE OF STRUCTURE(HOUSE),0,0,0,0,0,0,0
JAMMU & KASHMIR,2007,COLLAPSE OF STRUCTURE(BUILDING),1,0,0,0,1,0,1
JAMMU & KASHMIR,2007,COLLAPSE OF STRUCTURE(DAM),0,0,0,0,0,0,0
JAMMU & KASHMIR,2007,COLLAPSE OF STRUCTURE(BRIDGE),0,0,0,0,0,0,0
JAMMU & KASHMIR,2007,COLLAPSE OF STRUCTURE(OTHERS),5,0,0,0,3,2,5
JAMMU & KASHMIR,2007,DROWNING(BOAT CAPSIZE),3,0,0,0,3,0,3
JAMMU & KASHMIR,2007,DROWNING(OTHER),45,1,0,1,36,9,45
JAMMU & KASHMIR,2007,ELECTROCUTION,19,1,1,2,14,4,18
JAMMU & KASHMIR,2007,EXPLOSION(BOMB EXPLOSION),52,217,17,234,37,5,42
JAMMU & KASHMIR,2007,EXPLOSION(OTHER EXPLOSION LIKE BOIL,1,0,0,0,2,0,2
JAMMU & KASHMIR,2007,FALLS(FALL FROM HEIGHT),46,0,0,0,41,8,49
JAMMU & KASHMIR,2007,FALL INTO PIT/MANHOLE,0,0,0,0,0,0,0
JAMMU & KASHMIR,2007,FACTORY/MACHINE ACCIDENTS,4,0,0,0,3,1,4
JAMMU & KASHMIR,2007,FIRE(FIREWORKS/CRACKERS),0,0,0,0,0,0,0
JAMMU & KASHMIR,2007,FIRE(SHORT-CIRCUIT),6,1,0,1,7,0,7
JAMMU & KASHMIR,2007,GAS CYLINDER/STOVE BURST,6,0,0,0,2,4,6
JAMMU & KASHMIR,2007,OTHER FIRE ACCIDENTS,26,3,0,3,15,8,23
JAMMU & KASHMIR,2007,FIRE-ARMS,139,108,3,111,103,2,105
JAMMU & KASHMIR,2007,SUDDEN DEATHS(HEART ATTACKS),21,0,0,0,19,2,21
JAMMU & KASHMIR,2007,EPILEPTIC FITS/GIDDINESS,5,0,0,0,3,2,5
JAMMU & KASHMIR,2007,ABORTIONS/CHILD BIRTH,4,0,0,0,0,4,4
JAMMU & KASHMIR,2007,INFLUENCE OF ALCOHOL,5,0,0,0,5,0,5
JAMMU & KASHMIR,2007,KILLED BY ANIMALS,1,0,0,0,1,0,1
JAMMU & KASHMIR,2007,MINES OR QUARY DISASTER,0,0,0,0,0,0,0
JAMMU & KASHMIR,2007,FOOD POISIONING/ACCIDENTAL INTAKE OF INSECTICIDES ETC.,23,3,0,3,10,12,22
JAMMU & KASHMIR,2007,SPURIOUS/POISIONOUS LIQUOR,6,1,3,4,1,1,2
JAMMU & KASHMIR,2007,LEAKAGE OF POISINOUS GASES ETC.,1,0,0,0,4,0,4
JAMMU & KASHMIR,2007,SNAKE BITE/ANIMAL BITE,7,6,1,7,0,0,0
JAMMU & KASHMIR,2007,OTHER,22,0,0,0,14,8,22
JAMMU & KASHMIR,2007,STAMPEDE,0,0,0,0,0,0,0
JAMMU & KASHMIR,2007,SUFFOCATION,0,0,0,0,0,0,0
JAMMU & KASHMIR,2007,TRAFFIC ACCIDENTS(ROAD ACCIDENTS),5874,6225,1414,7639,796,156,952
JAMMU & KASHMIR,2007,TRAFFIC ACCIDENTS(RAIL-ROAD ACCIDENTS),0,0,0,0,0,0,0
JAMMU & KASHMIR,2007,OTHER RAILWAY ACCIDENTS,0,0,0,0,0,0,0
JAMMU & KASHMIR,2007,OTHER,92,0,0,0,74,20,94
JAMMU & KASHMIR,2007,CAUSES NOT KNOWN,228,0,0,0,182,48,230
JAMMU & KASHMIR,2007,TOTAL,6642,6566,1439,8005,1376,296,1672
JAMMU & KASHMIR,2007,TOTAL COLLAPSE,6,0,0,0,4,2,6
JAMMU & KASHMIR,2007,TOTAL DROWNING,48,1,0,1,39,9,48
JAMMU & KASHMIR,2007,TOTAL EXPLOSION,53,217,17,234,39,5,44
JAMMU & KASHMIR,2007,TOTAL FALLS,46,0,0,0,41,8,49
JAMMU & KASHMIR,2007,TOTAL FIRE,38,4,0,4,24,12,36
JAMMU & KASHMIR,2007,TOTAL SUDDEN DEATHS,35,0,0,0,27,8,35
JAMMU & KASHMIR,2007,TOTAL POISONING,59,10,4,14,29,21,50
JAMMU & KASHMIR,2007,TOTAL TRAFFIC ACCIDENTS,5874,6225,1414,7639,796,156,952
JAMMU & KASHMIR,2008,AIR-CRASH,1,0,0,0,3,0,3
JAMMU & KASHMIR,2008,COLLAPSE OF STRUCTURE(HOUSE),6,1,1,2,5,1,6
JAMMU & KASHMIR,2008,COLLAPSE OF STRUCTURE(BUILDING),0,0,0,0,0,0,0
JAMMU & KASHMIR,2008,COLLAPSE OF STRUCTURE(DAM),1,0,0,0,19,0,19
JAMMU & KASHMIR,2008,COLLAPSE OF STRUCTURE(BRIDGE),0,0,0,0,0,0,0
JAMMU & KASHMIR,2008,COLLAPSE OF STRUCTURE(OTHERS),7,0,0,0,3,4,7
JAMMU & KASHMIR,2008,DROWNING(BOAT CAPSIZE),0,0,0,0,0,0,0
JAMMU & KASHMIR,2008,DROWNING(OTHER),32,2,0,2,20,14,34
JAMMU & KASHMIR,2008,ELECTROCUTION,15,0,3,3,13,1,14
JAMMU & KASHMIR,2008,EXPLOSION(BOMB EXPLOSION),18,90,11,101,12,3,15
JAMMU & KASHMIR,2008,EXPLOSION(OTHER EXPLOSION LIKE BOIL,2,1,0,1,1,0,1
JAMMU & KASHMIR,2008,FALLS(FALL FROM HEIGHT),46,1,2,3,36,10,46
JAMMU & KASHMIR,2008,FALL INTO PIT/MANHOLE,0,0,0,0,0,0,0
JAMMU & KASHMIR,2008,FACTORY/MACHINE ACCIDENTS,0,0,0,0,0,0,0
JAMMU & KASHMIR,2008,FIRE(FIREWORKS/CRACKERS),0,0,0,0,0,0,0
JAMMU & KASHMIR,2008,FIRE(SHORT-CIRCUIT),20,0,0,0,13,7,20
JAMMU & KASHMIR,2008,GAS CYLINDER/STOVE BURST,8,0,0,0,4,4,8
JAMMU & KASHMIR,2008,OTHER FIRE ACCIDENTS,8,0,0,0,6,2,8
JAMMU & KASHMIR,2008,FIRE-ARMS,24,8,1,9,26,0,26
JAMMU & KASHMIR,2008,SUDDEN DEATHS(HEART ATTACKS),46,0,0,0,41,8,49
JAMMU & KASHMIR,2008,EPILEPTIC FITS/GIDDINESS,14,0,0,0,9,5,14
JAMMU & KASHMIR,2008,ABORTIONS/CHILD BIRTH,1,0,0,0,0,1,1
JAMMU & KASHMIR,2008,INFLUENCE OF ALCOHOL,6,0,0,0,6,0,6
JAMMU & KASHMIR,2008,KILLED BY ANIMALS,1,1,0,1,0,0,0
JAMMU & KASHMIR,2008,MINES OR QUARY DISASTER,6,0,0,0,1,5,6
JAMMU & KASHMIR,2008,FOOD POISIONING/ACCIDENTAL INTAKE OF INSECTICIDES ETC.,19,1,0,1,9,8,17
JAMMU & KASHMIR,2008,SPURIOUS/POISIONOUS LIQUOR,1,0,0,0,1,0,1
JAMMU & KASHMIR,2008,LEAKAGE OF POISINOUS GASES ETC.,1,0,0,0,2,0,2
JAMMU & KASHMIR,2008,SNAKE BITE/ANIMAL BITE,5,1,3,4,1,0,1
JAMMU & KASHMIR,2008,OTHER,63,0,0,0,22,15,37
JAMMU & KASHMIR,2008,STAMPEDE,0,0,0,0,0,0,0
JAMMU & KASHMIR,2008,SUFFOCATION,0,0,0,0,0,0,0
JAMMU & KASHMIR,2008,TRAFFIC ACCIDENTS(ROAD ACCIDENTS),5426,6034,1551,7585,803,178,981
JAMMU & KASHMIR,2008,TRAFFIC ACCIDENTS(RAIL-ROAD ACCIDENTS),0,0,0,0,0,0,0
JAMMU & KASHMIR,2008,OTHER RAILWAY ACCIDENTS,0,0,0,0,0,0,0
JAMMU & KASHMIR,2008,OTHER,67,21,5,26,56,16,72
JAMMU & KASHMIR,2008,CAUSES NOT KNOWN,23,2,0,2,20,1,21
JAMMU & KASHMIR,2008,TOTAL,5867,6163,1577,7740,1132,283,1415
JAMMU & KASHMIR,2008,TOTAL COLLAPSE,14,1,1,2,27,5,32
JAMMU & KASHMIR,2008,TOTAL DROWNING,32,2,0,2,20,14,34
JAMMU & KASHMIR,2008,TOTAL EXPLOSION,20,91,11,102,13,3,16
JAMMU & KASHMIR,2008,TOTAL FALLS,46,1,2,3,36,10,46
JAMMU & KASHMIR,2008,TOTAL FIRE,36,0,0,0,23,13,36
JAMMU & KASHMIR,2008,TOTAL SUDDEN DEATHS,67,0,0,0,56,14,70
JAMMU & KASHMIR,2008,TOTAL POISONING,89,2,3,5,35,23,58
JAMMU & KASHMIR,2008,TOTAL TRAFFIC ACCIDENTS,5426,6034,1551,7585,803,178,981
JAMMU & KASHMIR,2009,AIR-CRASH,4,0,0,0,4,0,4
JAMMU & KASHMIR,2009,COLLAPSE OF STRUCTURE(HOUSE),1,7,0,7,0,0,0
JAMMU & KASHMIR,2009,COLLAPSE OF STRUCTURE(BUILDING),0,0,0,0,0,0,0
JAMMU & KASHMIR,2009,COLLAPSE OF STRUCTURE(DAM),0,0,0,0,0,0,0
JAMMU & KASHMIR,2009,COLLAPSE OF STRUCTURE(BRIDGE),0,0,0,0,0,0,0
JAMMU & KASHMIR,2009,COLLAPSE OF STRUCTURE(OTHERS),3,0,0,0,1,2,3
JAMMU & KASHMIR,2009,DROWNING(BOAT CAPSIZE),1,0,0,0,1,0,1
JAMMU & KASHMIR,2009,DROWNING(OTHER),60,0,2,2,50,20,70
JAMMU & KASHMIR,2009,ELECTROCUTION,9,3,0,3,8,0,8
JAMMU & KASHMIR,2009,EXPLOSION(BOMB EXPLOSION),45,87,17,104,15,7,22
JAMMU & KASHMIR,2009,EXPLOSION(OTHER EXPLOSION LIKE BOIL,3,6,0,6,2,0,2
JAMMU & KASHMIR,2009,FALLS(FALL FROM HEIGHT),53,5,1,6,39,11,50
JAMMU & KASHMIR,2009,FALL INTO PIT/MANHOLE,5,0,0,0,4,1,5
JAMMU & KASHMIR,2009,FACTORY/MACHINE ACCIDENTS,9,1,0,1,8,0,8
JAMMU & KASHMIR,2009,FIRE(FIREWORKS/CRACKERS),1,0,0,0,1,0,1
JAMMU & KASHMIR,2009,FIRE(SHORT-CIRCUIT),17,0,0,0,13,4,17
JAMMU & KASHMIR,2009,GAS CYLINDER/STOVE BURST,8,0,2,2,1,5,6
JAMMU & KASHMIR,2009,OTHER FIRE ACCIDENTS,16,2,0,2,12,4,16
JAMMU & KASHMIR,2009,FIRE-ARMS,45,19,4,23,31,4,35
JAMMU & KASHMIR,2009,SUDDEN DEATHS(HEART ATTACKS),45,0,0,0,41,6,47
JAMMU & KASHMIR,2009,EPILEPTIC FITS/GIDDINESS,1,0,0,0,1,0,1
JAMMU & KASHMIR,2009,ABORTIONS/CHILD BIRTH,0,0,0,0,0,0,0
JAMMU & KASHMIR,2009,INFLUENCE OF ALCOHOL,16,0,0,0,16,0,16
JAMMU & KASHMIR,2009,KILLED BY ANIMALS,1,0,0,0,1,0,1
JAMMU & KASHMIR,2009,MINES OR QUARY DISASTER,1,0,0,0,1,0,1
JAMMU & KASHMIR,2009,FOOD POISIONING/ACCIDENTAL INTAKE OF INSECTICIDES ETC.,15,0,0,0,8,7,15
JAMMU & KASHMIR,2009,SPURIOUS/POISIONOUS LIQUOR,6,0,0,0,2,2,4
JAMMU & KASHMIR,2009,LEAKAGE OF POISINOUS GASES ETC.,6,0,0,0,4,3,7
JAMMU & KASHMIR,2009,SNAKE BITE/ANIMAL BITE,0,0,0,0,0,0,0
JAMMU & KASHMIR,2009,OTHER,53,0,0,0,26,27,53
JAMMU & KASHMIR,2009,STAMPEDE,0,0,0,0,0,0,0
JAMMU & KASHMIR,2009,SUFFOCATION,0,0,0,0,0,0,0
JAMMU & KASHMIR,2009,TRAFFIC ACCIDENTS(ROAD ACCIDENTS),6012,6631,1626,8257,975,196,1171
JAMMU & KASHMIR,2009,TRAFFIC ACCIDENTS(RAIL-ROAD ACCIDENTS),57,0,2,2,53,4,57
JAMMU & KASHMIR,2009,OTHER RAILWAY ACCIDENTS,0,0,0,0,0,0,0
JAMMU & KASHMIR,2009,OTHER,92,1,0,1,77,16,93
JAMMU & KASHMIR,2009,CAUSES NOT KNOWN,43,0,0,0,36,7,43
JAMMU & KASHMIR,2009,TOTAL,6628,6762,1654,8416,1431,326,1757
JAMMU & KASHMIR,2009,TOTAL COLLAPSE,4,7,0,7,1,2,3
JAMMU & KASHMIR,2009,TOTAL DROWNING,61,0,2,2,51,20,71
JAMMU & KASHMIR,2009,TOTAL EXPLOSION,48,93,17,110,17,7,24
JAMMU & KASHMIR,2009,TOTAL FALLS,58,5,1,6,43,12,55
JAMMU & KASHMIR,2009,TOTAL FIRE,42,2,2,4,27,13,40
JAMMU & KASHMIR,2009,TOTAL SUDDEN DEATHS,62,0,0,0,58,6,64
JAMMU & KASHMIR,2009,TOTAL POISONING,80,0,0,0,40,39,79
JAMMU & KASHMIR,2009,TOTAL TRAFFIC ACCIDENTS,6069,6631,1628,8259,1028,200,1228
JAMMU & KASHMIR,2010,AIR-CRASH,0,0,0,0,0,0,0
JAMMU & KASHMIR,2010,COLLAPSE OF STRUCTURE(HOUSE),2,1,0,1,2,0,2
JAMMU & KASHMIR,2010,COLLAPSE OF STRUCTURE(BUILDING),0,0,0,0,0,0,0
JAMMU & KASHMIR,2010,COLLAPSE OF STRUCTURE(DAM),1,0,0,0,1,0,1
JAMMU & KASHMIR,2010,COLLAPSE OF STRUCTURE(BRIDGE),0,0,0,0,0,0,0
JAMMU & KASHMIR,2010,COLLAPSE OF STRUCTURE(OTHERS),2,0,0,0,2,0,2
JAMMU & KASHMIR,2010,DROWNING(BOAT CAPSIZE),4,0,0,0,3,1,4
JAMMU & KASHMIR,2010,DROWNING(OTHER),53,0,0,0,36,20,56
JAMMU & KASHMIR,2010,ELECTROCUTION,13,0,0,0,13,0,13
JAMMU & KASHMIR,2010,EXPLOSION(BOMB EXPLOSION),20,10,17,27,4,0,4
JAMMU & KASHMIR,2010,EXPLOSION(OTHER EXPLOSION LIKE BOIL,13,1,1,2,9,4,13
JAMMU & KASHMIR,2010,FALLS(FALL FROM HEIGHT),50,4,1,5,40,9,49
JAMMU & KASHMIR,2010,FALL INTO PIT/MANHOLE,2,0,0,0,1,1,2
JAMMU & KASHMIR,2010,FACTORY/MACHINE ACCIDENTS,23,6,0,6,15,3,18
JAMMU & KASHMIR,2010,FIRE(FIREWORKS/CRACKERS),2,0,0,0,1,1,2
JAMMU & KASHMIR,2010,FIRE(SHORT-CIRCUIT),8,0,0,0,7,1,8
JAMMU & KASHMIR,2010,GAS CYLINDER/STOVE BURST,79,2,14,16,4,15,19
JAMMU & KASHMIR,2010,OTHER FIRE ACCIDENTS,21,8,1,9,13,3,16
JAMMU & KASHMIR,2010,FIRE-ARMS,17,11,0,11,25,1,26
JAMMU & KASHMIR,2010,SUDDEN DEATHS(HEART ATTACKS),40,0,0,0,36,4,40
JAMMU & KASHMIR,2010,EPILEPTIC FITS/GIDDINESS,5,0,0,0,4,1,5
JAMMU & KASHMIR,2010,ABORTIONS/CHILD BIRTH,2,0,0,0,0,2,2
JAMMU & KASHMIR,2010,INFLUENCE OF ALCOHOL,10,0,0,0,9,1,10
JAMMU & KASHMIR,2010,KILLED BY ANIMALS,7,0,0,0,6,1,7
JAMMU & KASHMIR,2010,MINES OR QUARY DISASTER,2,1,1,2,0,1,1
JAMMU & KASHMIR,2010,FOOD POISIONING/ACCIDENTAL INTAKE OF INSECTICIDES ETC.,2,0,0,0,2,0,2
JAMMU & KASHMIR,2010,SPURIOUS/POISIONOUS LIQUOR,8,0,2,2,0,3,3
JAMMU & KASHMIR,2010,LEAKAGE OF POISINOUS GASES ETC.,0,0,0,0,0,0,0
JAMMU & KASHMIR,2010,SNAKE BITE/ANIMAL BITE,1,0,0,0,1,0,1
JAMMU & KASHMIR,2010,OTHER,18,1,1,2,13,5,18
JAMMU & KASHMIR,2010,STAMPEDE,0,0,0,0,0,0,0
JAMMU & KASHMIR,2010,SUFFOCATION,0,0,0,0,0,0,0
JAMMU & KASHMIR,2010,TRAFFIC ACCIDENTS(ROAD ACCIDENTS),6142,7322,1623,8945,869,160,1029
JAMMU & KASHMIR,2010,TRAFFIC ACCIDENTS(RAIL-ROAD ACCIDENTS),18,0,0,0,14,4,18
JAMMU & KASHMIR,2010,OTHER RAILWAY ACCIDENTS,0,0,0,0,0,0,0
JAMMU & KASHMIR,2010,OTHER,66,7,5,12,57,9,66
JAMMU & KASHMIR,2010,CAUSES NOT KNOWN,110,2,3,5,97,14,111
JAMMU & KASHMIR,2010,TOTAL,6741,7376,1669,9045,1284,264,1548
JAMMU & KASHMIR,2010,TOTAL COLLAPSE,5,1,0,1,5,0,5
JAMMU & KASHMIR,2010,TOTAL DROWNING,57,0,0,0,39,21,60
JAMMU & KASHMIR,2010,TOTAL EXPLOSION,33,11,18,29,13,4,17
JAMMU & KASHMIR,2010,TOTAL FALLS,52,4,1,5,41,10,51
JAMMU & KASHMIR,2010,TOTAL FIRE,110,10,15,25,25,20,45
JAMMU & KASHMIR,2010,TOTAL SUDDEN DEATHS,57,0,0,0,49,8,57
JAMMU & KASHMIR,2010,TOTAL POISONING,29,1,3,4,16,8,24
JAMMU & KASHMIR,2010,TOTAL TRAFFIC ACCIDENTS,6160,7322,1623,8945,883,164,1047
JAMMU & KASHMIR,2011,AIR-CRASH,0,0,0,0,0,0,0
JAMMU & KASHMIR,2011,COLLAPSE OF STRUCTURE(HOUSE),6,0,0,0,4,2,6
JAMMU & KASHMIR,2011,COLLAPSE OF STRUCTURE(BUILDING),0,0,0,0,0,0,0
JAMMU & KASHMIR,2011,COLLAPSE OF STRUCTURE(DAM),0,0,0,0,0,0,0
JAMMU & KASHMIR,2011,COLLAPSE OF STRUCTURE(BRIDGE),0,0,0,0,0,0,0
JAMMU & KASHMIR,2011,COLLAPSE OF STRUCTURE(OTHERS),11,6,2,8,8,1,9
JAMMU & KASHMIR,2011,DROWNING(BOAT CAPSIZE),0,0,0,0,0,0,0
JAMMU & KASHMIR,2011,DROWNING(OTHER),46,2,0,2,36,14,50
JAMMU & KASHMIR,2011,ELECTROCUTION,17,3,0,3,14,3,17
JAMMU & KASHMIR,2011,EXPLOSION(BOMB EXPLOSION),19,55,3,58,12,0,12
JAMMU & KASHMIR,2011,EXPLOSION(OTHER EXPLOSION LIKE BOIL,1,0,0,0,1,0,1
JAMMU & KASHMIR,2011,FALLS(FALL FROM HEIGHT),65,3,1,4,64,18,82
JAMMU & KASHMIR,2011,FALL INTO PIT/MANHOLE,1,0,0,0,0,1,1
JAMMU & KASHMIR,2011,FACTORY/MACHINE ACCIDENTS,13,8,0,8,9,1,10
JAMMU & KASHMIR,2011,FIRE(FIREWORKS/CRACKERS),2,1,1,2,0,0,0
JAMMU & KASHMIR,2011,FIRE(SHORT-CIRCUIT),9,6,1,7,6,2,8
JAMMU & KASHMIR,2011,GAS CYLINDER/STOVE BURST,8,1,3,4,1,4,5
JAMMU & KASHMIR,2011,OTHER FIRE ACCIDENTS,11,3,1,4,8,2,10
JAMMU & KASHMIR,2011,FIRE-ARMS,18,5,0,5,15,1,16
JAMMU & KASHMIR,2011,SUDDEN DEATHS(HEART ATTACKS),63,0,0,0,56,7,63
JAMMU & KASHMIR,2011,EPILEPTIC FITS/GIDDINESS,2,0,0,0,2,0,2
JAMMU & KASHMIR,2011,ABORTIONS/CHILD BIRTH,2,0,0,0,0,2,2
JAMMU & KASHMIR,2011,INFLUENCE OF ALCOHOL,13,5,0,5,13,0,13
JAMMU & KASHMIR,2011,KILLED BY ANIMALS,5,0,0,0,5,0,5
JAMMU & KASHMIR,2011,MINES OR QUARY DISASTER,2,0,0,0,2,0,2
JAMMU & KASHMIR,2011,FOOD POISIONING/ACCIDENTAL INTAKE OF INSECTICIDES ETC.,5,0,0,0,4,1,5
JAMMU & KASHMIR,2011,SPURIOUS/POISIONOUS LIQUOR,19,2,8,10,5,3,8
JAMMU & KASHMIR,2011,LEAKAGE OF POISINOUS GASES ETC.,2,0,0,0,2,1,3
JAMMU & KASHMIR,2011,SNAKE BITE/ANIMAL BITE,3,0,0,0,1,2,3
JAMMU & KASHMIR,2011,OTHER,40,3,2,5,9,17,26
JAMMU & KASHMIR,2011,STAMPEDE,0,0,0,0,0,0,0
JAMMU & KASHMIR,2011,SUFFOCATION,0,0,0,0,0,0,0
JAMMU & KASHMIR,2011,TRAFFIC ACCIDENTS(ROAD ACCIDENTS),6665,8279,1813,10092,986,154,1140
JAMMU & KASHMIR,2011,TRAFFIC ACCIDENTS(RAIL-ROAD ACCIDENTS),50,0,0,0,44,6,50
JAMMU & KASHMIR,2011,OTHER RAILWAY ACCIDENTS,20,0,0,0,19,1,20
JAMMU & KASHMIR,2011,OTHER,129,5,1,6,93,31,124
JAMMU & KASHMIR,2011,CAUSES NOT KNOWN,45,11,3,14,52,12,64
JAMMU & KASHMIR,2011,TOTAL,7292,8398,1839,10237,1471,286,1757
JAMMU & KASHMIR,2011,TOTAL COLLAPSE,17,6,2,8,12,3,15
JAMMU & KASHMIR,2011,TOTAL DROWNING,46,2,0,2,36,14,50
JAMMU & KASHMIR,2011,TOTAL EXPLOSION,20,55,3,58,13,0,13
JAMMU & KASHMIR,2011,TOTAL FALLS,66,3,1,4,64,19,83
JAMMU & KASHMIR,2011,TOTAL FIRE,30,11,6,17,15,8,23
JAMMU & KASHMIR,2011,TOTAL SUDDEN DEATHS,80,5,0,5,71,9,80
JAMMU & KASHMIR,2011,TOTAL POISONING,69,5,10,15,21,24,45
JAMMU & KASHMIR,2011,TOTAL TRAFFIC ACCIDENTS,6735,8279,1813,10092,1049,161,1210
JAMMU & KASHMIR,2012,AIR-CRASH,0,0,0,0,0,0,0
JAMMU & KASHMIR,2012,COLLAPSE OF STRUCTURE(HOUSE),3,2,0,2,2,2,4
JAMMU & KASHMIR,2012,COLLAPSE OF STRUCTURE(BUILDING),2,0,0,0,2,0,2
JAMMU & KASHMIR,2012,COLLAPSE OF STRUCTURE(DAM),0,0,0,0,0,0,0
JAMMU & KASHMIR,2012,COLLAPSE OF STRUCTURE(BRIDGE),0,0,0,0,0,0,0
JAMMU & KASHMIR,2012,COLLAPSE OF STRUCTURE(OTHERS),10,7,2,9,5,6,11
JAMMU & KASHMIR,2012,DROWNING(BOAT CAPSIZE),1,0,0,0,1,1,2
JAMMU & KASHMIR,2012,DROWNING(OTHER),70,1,1,2,53,15,68
JAMMU & KASHMIR,2012,ELECTROCUTION,19,4,0,4,14,1,15
JAMMU & KASHMIR,2012,EXPLOSION(BOMB EXPLOSION),3,9,0,9,0,0,0
JAMMU & KASHMIR,2012,EXPLOSION(OTHER EXPLOSION LIKE BOIL,13,13,5,18,1,3,4
JAMMU & KASHMIR,2012,FALLS(FALL FROM HEIGHT),50,6,2,8,33,16,49
JAMMU & KASHMIR,2012,FALL INTO PIT/MANHOLE,1,0,0,0,1,0,1
JAMMU & KASHMIR,2012,FACTORY/MACHINE ACCIDENTS,13,6,2,8,11,2,13
JAMMU & KASHMIR,2012,FIRE(FIREWORKS/CRACKERS),5,3,2,5,4,1,5
JAMMU & KASHMIR,2012,FIRE(SHORT-CIRCUIT),11,4,1,5,6,2,8
JAMMU & KASHMIR,2012,GAS CYLINDER/STOVE BURST,9,5,4,9,3,4,7
JAMMU & KASHMIR,2012,OTHER FIRE ACCIDENTS,21,3,2,5,12,8,20
JAMMU & KASHMIR,2012,FIRE-ARMS,22,10,0,10,18,0,18
JAMMU & KASHMIR,2012,SUDDEN DEATHS(HEART ATTACKS),70,4,0,4,52,14,66
JAMMU & KASHMIR,2012,EPILEPTIC FITS/GIDDINESS,0,0,0,0,0,0,0
JAMMU & KASHMIR,2012,ABORTIONS/CHILD BIRTH,3,0,1,1,0,2,2
JAMMU & KASHMIR,2012,INFLUENCE OF ALCOHOL,10,0,0,0,10,0,10
JAMMU & KASHMIR,2012,KILLED BY ANIMALS,0,0,0,0,0,0,0
JAMMU & KASHMIR,2012,MINES OR QUARY DISASTER,0,0,0,0,0,0,0
JAMMU & KASHMIR,2012,FOOD POISIONING/ACCIDENTAL INTAKE OF INSECTICIDES ETC.,14,0,1,1,5,8,13
JAMMU & KASHMIR,2012,SPURIOUS/POISIONOUS LIQUOR,41,0,1,1,9,8,17
JAMMU & KASHMIR,2012,LEAKAGE OF POISINOUS GASES ETC.,3,0,0,0,3,0,3
JAMMU & KASHMIR,2012,SNAKE BITE/ANIMAL BITE,11,5,3,8,2,1,3
JAMMU & KASHMIR,2012,OTHER,57,0,0,0,24,17,41
JAMMU & KASHMIR,2012,STAMPEDE,0,0,0,0,0,0,0
JAMMU & KASHMIR,2012,SUFFOCATION,1,0,0,0,1,0,1
JAMMU & KASHMIR,2012,TRAFFIC ACCIDENTS(ROAD ACCIDENTS),6637,7433,1776,9209,1199,227,1426
JAMMU & KASHMIR,2012,TRAFFIC ACCIDENTS(RAIL-ROAD ACCIDENTS),44,0,0,0,40,4,44
JAMMU & KASHMIR,2012,OTHER RAILWAY ACCIDENTS,15,0,0,0,14,1,15
JAMMU & KASHMIR,2012,OTHER,79,8,3,11,119,13,132
JAMMU & KASHMIR,2012,CAUSES NOT KNOWN,46,13,4,17,35,13,48
JAMMU & KASHMIR,2012,TOTAL,7284,7536,1810,9346,1679,369,2048
JAMMU & KASHMIR,2012,TOTAL COLLAPSE,15,9,2,11,9,8,17
JAMMU & KASHMIR,2012,TOTAL DROWNING,71,1,1,2,54,16,70
JAMMU & KASHMIR,2012,TOTAL EXPLOSION,16,22,5,27,1,3,4
JAMMU & KASHMIR,2012,TOTAL FALLS,51,6,2,8,34,16,50
JAMMU & KASHMIR,2012,TOTAL FIRE,46,15,9,24,25,15,40
JAMMU & KASHMIR,2012,TOTAL SUDDEN DEATHS,83,4,1,5,62,16,78
JAMMU & KASHMIR,2012,TOTAL POISONING,126,5,5,10,43,34,77
JAMMU & KASHMIR,2012,TOTAL TRAFFIC ACCIDENTS,6696,7433,1776,9209,1253,232,1485
JHARKHAND,2001,AIR-CRASH,0,0,0,0,0,0,0
JHARKHAND,2001,COLLAPSE OF STRUCTURE(HOUSE),2,0,3,3,0,4,4
JHARKHAND,2001,COLLAPSE OF STRUCTURE(BUILDING),0,0,0,0,0,0,0
JHARKHAND,2001,COLLAPSE OF STRUCTURE(DAM),0,0,0,0,0,0,0
JHARKHAND,2001,COLLAPSE OF STRUCTURE(BRIDGE),3,0,0,0,0,3,3
JHARKHAND,2001,COLLAPSE OF STRUCTURE(OTHERS),130,2,6,8,55,4,59
JHARKHAND,2001,DROWNING(BOAT CAPSIZE),12,0,0,0,0,12,12
JHARKHAND,2001,DROWNING(OTHER),33,0,0,0,0,33,33
JHARKHAND,2001,ELECTROCUTION,1,0,0,0,0,1,1
JHARKHAND,2001,EXPLOSION(BOMB EXPLOSION),1,0,0,0,1,0,1
JHARKHAND,2001,EXPLOSION(OTHER EXPLOSION LIKE BOILERS,,0,0,0,0,0,0,0
JHARKHAND,2001,FALLS(FALL FROM HEIGHT),18,0,0,0,10,4,14
JHARKHAND,2001,FALL INTO PIT/MANHOLE,4,0,0,0,0,4,4
JHARKHAND,2001,FACTORY/MACHINE ACCIDENTS,4,0,0,0,4,0,4
JHARKHAND,2001,FIRE(FIREWORKS/CRACKERS),3,0,0,0,0,3,3
JHARKHAND,2001,FIRE(SHORT-CIRCUIT),2,0,0,0,2,0,2
JHARKHAND,2001,GAS CYLINDER/STOVE BURST,8,0,0,0,0,8,8
JHARKHAND,2001,OTHER FIRE ACCIDENTS,37,0,0,0,0,37,37
JHARKHAND,2001,FIRE-ARMS,1,0,0,0,1,0,1
JHARKHAND,2001,SUDDEN DEATHS(HEART ATTACKS),8,0,0,0,5,3,8
JHARKHAND,2001,EPILEPTIC FITS/GIDDINESS,1,0,0,0,0,1,1
JHARKHAND,2001,ABORTIONS/CHILD BIRTH,0,0,0,0,0,0,0
JHARKHAND,2001,INFLUENCE OF ALCOHOL,9,0,0,0,5,1,6
JHARKHAND,2001,KILLED BY ANIMALS,11,3,1,4,9,3,12
JHARKHAND,2001,MINES OR QUARY DISASTER,1,0,0,0,2,0,2
JHARKHAND,2001,FOOD POISIONING/ACCIDENTAL INTAKE OF INSECTICIDES ETC.,26,0,0,0,0,26,26
JHARKHAND,2001,SPURIOUS/POISIONOUS LIQUOR,7,0,0,0,3,4,7
JHARKHAND,2001,LEAKAGE OF POISINOUS GASES ETC.,0,0,0,0,0,0,0
JHARKHAND,2001,SNAKE BITE/ANIMAL BITE,9,0,0,0,4,5,9
JHARKHAND,2001,OTHER,63,0,0,0,0,63,63
JHARKHAND,2001,STAMPEDE,6,0,0,0,0,6,6
JHARKHAND,2001,SUFFOCATION,0,0,0,0,0,0,0
JHARKHAND,2001,TRAFFIC ACCIDENTS(ROAD ACCIDENTS),995,798,112,910,440,77,517
JHARKHAND,2001,TRAFFIC ACCIDENTS(RAIL-ROAD ACCIDENTS),36,0,0,0,22,12,34
JHARKHAND,2001,OTHER RAILWAY ACCIDENTS,152,0,0,0,206,29,235
JHARKHAND,2001,OTHER,89,4,0,4,64,22,86
JHARKHAND,2001,CAUSES NOT KNOWN,16,0,0,0,16,5,21
JHARKHAND,2001,TOTAL,1688,807,122,929,849,370,1219
JHARKHAND,2001,TOTAL COLLAPSE,135,2,9,11,55,11,66
JHARKHAND,2001,TOTAL DROWNING,45,0,0,0,0,45,45
JHARKHAND,2001,TOTAL EXPLOSION,1,0,0,0,1,0,1
JHARKHAND,2001,TOTAL FALLS,22,0,0,0,10,8,18
JHARKHAND,2001,TOTAL FIRE,50,0,0,0,2,48,50
JHARKHAND,2001,TOTAL SUDDEN DEATHS,18,0,0,0,10,5,15
JHARKHAND,2001,TOTAL POISONING,105,0,0,0,7,98,105
JHARKHAND,2001,TOTAL TRAFFIC ACCIDENTS,1183,798,112,910,668,118,786
JHARKHAND,2002,AIR-CRASH,0,0,0,0,0,0,0
JHARKHAND,2002,COLLAPSE OF STRUCTURE(HOUSE),3,0,4,4,2,3,5
JHARKHAND,2002,COLLAPSE OF STRUCTURE(BUILDING),1,1,0,1,0,0,0
JHARKHAND,2002,COLLAPSE OF STRUCTURE(DAM),0,0,0,0,0,0,0
JHARKHAND,2002,COLLAPSE OF STRUCTURE(BRIDGE),0,0,0,0,0,0,0
JHARKHAND,2002,COLLAPSE OF STRUCTURE(OTHERS),110,3,7,10,45,68,113
JHARKHAND,2002,DROWNING(BOAT CAPSIZE),0,0,0,0,0,0,0
JHARKHAND,2002,DROWNING(OTHER),0,0,0,0,0,0,0
JHARKHAND,2002,ELECTROCUTION,0,0,0,0,0,0,0
JHARKHAND,2002,EXPLOSION(BOMB EXPLOSION),1,1,1,2,2,0,2
JHARKHAND,2002,EXPLOSION(OTHER EXPLOSION LIKE BOILERS, GAS CYLINDER ETC.),0,0,0,0,0,0,0
JHARKHAND,2002,FALLS(FALL FROM HEIGHT),16,1,1,2,8,6,14
JHARKHAND,2002,FALL INTO PIT/MANHOLE,0,0,0,0,0,0,0
JHARKHAND,2002,FACTORY/MACHINE ACCIDENTS,0,0,0,0,0,0,0
JHARKHAND,2002,FIRE(FIREWORKS/CRACKERS),3,1,0,1,0,2,2
JHARKHAND,2002,FIRE(SHORT-CIRCUIT),2,0,1,1,1,1,2
JHARKHAND,2002,GAS CYLINDER/STOVE BURST,0,0,0,0,0,0,0
JHARKHAND,2002,OTHER FIRE ACCIDENTS,0,0,0,0,0,0,0
JHARKHAND,2002,FIRE-ARMS,1,1,0,1,1,0,1
JHARKHAND,2002,SUDDEN DEATHS(HEART ATTACKS),10,0,0,0,6,4,10
JHARKHAND,2002,EPILEPTIC FITS/GIDDINESS,0,0,0,0,0,0,0
JHARKHAND,2002,ABORTIONS/CHILD BIRTH,0,0,0,0,0,0,0
JHARKHAND,2002,INFLUENCE OF ALCOHOL,12,1,1,2,7,3,10
JHARKHAND,2002,KILLED BY ANIMALS,8,4,1,5,2,1,3
JHARKHAND,2002,MINES OR QUARY DISASTER,1,0,0,0,1,0,1
JHARKHAND,2002,FOOD POISIONING/ACCIDENTAL INTAKE OF INSECTICIDES ETC.,0,0,0,0,0,0,0
JHARKHAND,2002,SPURIOUS/POISIONOUS LIQUOR,6,1,0,1,4,1,5
JHARKHAND,2002,LEAKAGE OF POISINOUS GASES ETC.,0,0,0,0,0,0,0
JHARKHAND,2002,SNAKE BITE/ANIMAL BITE,8,1,2,3,2,3,5
JHARKHAND,2002,OTHER,0,0,0,0,0,0,0
JHARKHAND,2002,STAMPEDE,0,0,0,0,0,0,0
JHARKHAND,2002,SUFFOCATION,0,0,0,0,0,0,0
JHARKHAND,2002,TRAFFIC ACCIDENTS(ROAD ACCIDENTS),880,768,205,973,330,124,454
JHARKHAND,2002,TRAFFIC ACCIDENTS(RAIL-ROAD ACCIDENTS),18,24,15,39,5,3,8
JHARKHAND,2002,OTHER RAILWAY ACCIDENTS,142,75,72,147,118,19,137
JHARKHAND,2002,OTHER,60,5,2,7,45,32,77
JHARKHAND,2002,CAUSES NOT KNOWN,14,1,1,2,8,4,12
JHARKHAND,2002,TOTAL,1296,888,313,1201,587,274,861
JHARKHAND,2002,TOTAL COLLAPSE,114,4,11,15,47,71,118
JHARKHAND,2002,TOTAL DROWNING,0,0,0,0,0,0,0
JHARKHAND,2002,TOTAL EXPLOSION,1,1,1,2,2,0,2
JHARKHAND,2002,TOTAL FALLS,16,1,1,2,8,6,14
JHARKHAND,2002,TOTAL FIRE,5,1,1,2,1,3,4
JHARKHAND,2002,TOTAL SUDDEN DEATHS,22,1,1,2,13,7,20
JHARKHAND,2002,TOTAL POISONING,14,2,2,4,6,4,10
JHARKHAND,2002,TOTAL TRAFFIC ACCIDENTS,1040,867,292,1159,453,146,599
JHARKHAND,2003,AIR-CRASH,0,0,0,0,0,0,0
JHARKHAND,2003,COLLAPSE OF STRUCTURE(HOUSE),3,0,4,4,2,3,5
JHARKHAND,2003,COLLAPSE OF STRUCTURE(BUILDING),1,1,0,1,0,0,0
JHARKHAND,2003,COLLAPSE OF STRUCTURE(DAM),0,0,0,0,0,0,0
JHARKHAND,2003,COLLAPSE OF STRUCTURE(BRIDGE),0,0,0,0,0,0,0
JHARKHAND,2003,COLLAPSE OF STRUCTURE(OTHERS),110,3,7,10,45,68,113
JHARKHAND,2003,DROWNING(BOAT CAPSIZE),0,0,0,0,0,0,0
JHARKHAND,2003,DROWNING(OTHER),0,0,0,0,0,0,0
JHARKHAND,2003,ELECTROCUTION,0,0,0,0,0,0,0
JHARKHAND,2003,EXPLOSION(BOMB EXPLOSION),1,1,1,2,2,0,2
JHARKHAND,2003,EXPLOSION(OTHER EXPLOSION LIKE BOILERS,,0,0,0,0,0,0,0
JHARKHAND,2003,FALLS(FALL FROM HEIGHT),16,1,1,2,8,6,14
JHARKHAND,2003,FALL INTO PIT/MANHOLE,0,0,0,0,0,0,0
JHARKHAND,2003,FACTORY/MACHINE ACCIDENTS,0,0,0,0,0,0,0
JHARKHAND,2003,FIRE(FIREWORKS/CRACKERS),3,1,0,1,0,2,2
JHARKHAND,2003,FIRE(SHORT-CIRCUIT),2,0,1,1,1,1,2
JHARKHAND,2003,GAS CYLINDER/STOVE BURST,0,0,0,0,0,0,0
JHARKHAND,2003,OTHER FIRE ACCIDENTS,0,0,0,0,0,0,0
JHARKHAND,2003,FIRE-ARMS,1,1,0,1,1,0,1
JHARKHAND,2003,SUDDEN DEATHS(HEART ATTACKS),10,0,0,0,6,4,10
JHARKHAND,2003,EPILEPTIC FITS/GIDDINESS,0,0,0,0,0,0,0
JHARKHAND,2003,ABORTIONS/CHILD BIRTH,0,0,0,0,0,0,0
JHARKHAND,2003,INFLUENCE OF ALCOHOL,12,1,1,2,7,3,10
JHARKHAND,2003,KILLED BY ANIMALS,8,4,1,5,2,1,3
JHARKHAND,2003,MINES OR QUARY DISASTER,1,0,0,0,1,0,1
JHARKHAND,2003,FOOD POISIONING/ACCIDENTAL INTAKE OF INSECTICIDES ETC.,0,0,0,0,0,0,0
JHARKHAND,2003,SPURIOUS/POISIONOUS LIQUOR,6,1,0,1,4,1,5
JHARKHAND,2003,LEAKAGE OF POISINOUS GASES ETC.,0,0,0,0,0,0,0
JHARKHAND,2003,SNAKE BITE/ANIMAL BITE,8,1,2,3,2,3,5
JHARKHAND,2003,OTHER,0,0,0,0,0,0,0
JHARKHAND,2003,STAMPEDE,0,0,0,0,0,0,0
JHARKHAND,2003,SUFFOCATION,0,0,0,0,0,0,0
JHARKHAND,2003,TRAFFIC ACCIDENTS(ROAD ACCIDENTS),880,768,205,973,330,124,454
JHARKHAND,2003,TRAFFIC ACCIDENTS(RAIL-ROAD ACCIDENTS),18,24,15,39,5,3,8
JHARKHAND,2003,OTHER RAILWAY ACCIDENTS,142,75,72,147,118,19,137
JHARKHAND,2003,OTHER,60,5,2,7,45,32,77
JHARKHAND,2003,CAUSES NOT KNOWN,14,1,1,2,8,4,12
JHARKHAND,2003,TOTAL,1296,888,313,1201,587,274,861
JHARKHAND,2003,TOTAL COLLAPSE,114,4,11,15,47,71,118
JHARKHAND,2003,TOTAL DROWNING,0,0,0,0,0,0,0
JHARKHAND,2003,TOTAL EXPLOSION,1,1,1,2,2,0,2
JHARKHAND,2003,TOTAL FALLS,16,1,1,2,8,6,14
JHARKHAND,2003,TOTAL FIRE,5,1,1,2,1,3,4
JHARKHAND,2003,TOTAL SUDDEN DEATHS,22,1,1,2,13,7,20
JHARKHAND,2003,TOTAL POISONING,14,2,2,4,6,4,10
JHARKHAND,2003,TOTAL TRAFFIC ACCIDENTS,1040,867,292,1159,453,146,599
JHARKHAND,2004,AIR-CRASH,0,0,0,0,0,0,0
JHARKHAND,2004,COLLAPSE OF STRUCTURE(HOUSE),3,0,4,4,4,2,6
JHARKHAND,2004,COLLAPSE OF STRUCTURE(BUILDING),4,3,0,3,3,1,4
JHARKHAND,2004,COLLAPSE OF STRUCTURE(DAM),0,0,0,0,0,0,0
JHARKHAND,2004,COLLAPSE OF STRUCTURE(BRIDGE),0,0,0,0,0,0,0
JHARKHAND,2004,COLLAPSE OF STRUCTURE(OTHERS),110,3,7,10,45,68,113
JHARKHAND,2004,DROWNING(BOAT CAPSIZE),1,1,0,1,1,0,1
JHARKHAND,2004,DROWNING(OTHER),29,1,0,1,25,4,29
JHARKHAND,2004,ELECTROCUTION,15,0,0,0,12,3,15
JHARKHAND,2004,EXPLOSION(BOMB EXPLOSION),1,1,1,2,2,0,2
JHARKHAND,2004,EXPLOSION(OTHER EXPLOSION LIKE BOILERS,,4,0,0,0,4,0,4
JHARKHAND,2004,FALLS(FALL FROM HEIGHT),38,1,1,2,27,9,36
JHARKHAND,2004,FALL INTO PIT/MANHOLE,10,2,0,2,9,1,10
JHARKHAND,2004,FACTORY/MACHINE ACCIDENTS,9,2,0,2,9,0,9
JHARKHAND,2004,FIRE(FIREWORKS/CRACKERS),3,1,0,1,0,2,2
JHARKHAND,2004,FIRE(SHORT-CIRCUIT),17,0,1,1,13,4,17
JHARKHAND,2004,GAS CYLINDER/STOVE BURST,28,0,0,0,8,20,28
JHARKHAND,2004,OTHER FIRE ACCIDENTS,72,2,1,3,21,51,72
JHARKHAND,2004,FIRE-ARMS,1,1,0,1,1,0,1
JHARKHAND,2004,SUDDEN DEATHS(HEART ATTACKS),15,0,0,0,11,4,15
JHARKHAND,2004,EPILEPTIC FITS/GIDDINESS,3,0,0,0,2,1,3
JHARKHAND,2004,ABORTIONS/CHILD BIRTH,4,0,0,0,0,4,4
JHARKHAND,2004,INFLUENCE OF ALCOHOL,22,1,1,2,14,6,20
JHARKHAND,2004,KILLED BY ANIMALS,4,0,0,0,3,1,4
JHARKHAND,2004,MINES OR QUARY DISASTER,5,0,0,0,4,1,5
JHARKHAND,2004,FOOD POISIONING/ACCIDENTAL INTAKE OF INSECTICIDES ETC.,10,0,0,0,7,3,10
JHARKHAND,2004,SPURIOUS/POISIONOUS LIQUOR,10,1,0,1,5,4,9
JHARKHAND,2004,LEAKAGE OF POISINOUS GASES ETC.,0,0,0,0,0,0,0
JHARKHAND,2004,SNAKE BITE/ANIMAL BITE,18,1,2,3,9,6,15
JHARKHAND,2004,OTHER,0,0,0,0,0,0,0
JHARKHAND,2004,STAMPEDE,0,0,0,0,0,0,0
JHARKHAND,2004,SUFFOCATION,2,0,0,0,2,0,2
JHARKHAND,2004,TRAFFIC ACCIDENTS(ROAD ACCIDENTS),1295,1092,242,1334,472,142,614
JHARKHAND,2004,TRAFFIC ACCIDENTS(RAIL-ROAD ACCIDENTS),18,24,15,39,5,3,8
JHARKHAND,2004,OTHER RAILWAY ACCIDENTS,142,75,72,147,118,19,137
JHARKHAND,2004,OTHER,72,5,2,7,53,36,89
JHARKHAND,2004,CAUSES NOT KNOWN,23,1,1,2,14,7,21
JHARKHAND,2004,TOTAL,1988,1218,350,1568,903,402,1305
JHARKHAND,2004,TOTAL COLLAPSE,117,6,11,17,52,71,123
JHARKHAND,2004,TOTAL DROWNING,30,2,0,2,26,4,30
JHARKHAND,2004,TOTAL EXPLOSION,5,1,1,2,6,0,6
JHARKHAND,2004,TOTAL FALLS,48,3,1,4,36,10,46
JHARKHAND,2004,TOTAL FIRE,120,3,2,5,42,77,119
JHARKHAND,2004,TOTAL SUDDEN DEATHS,44,1,1,2,27,15,42
JHARKHAND,2004,TOTAL POISONING,38,2,2,4,21,13,34
JHARKHAND,2004,TOTAL TRAFFIC ACCIDENTS,1455,1191,329,1520,595,164,759
JHARKHAND,2005,AIR-CRASH,0,0,0,0,0,0,0
JHARKHAND,2005,COLLAPSE OF STRUCTURE(HOUSE),12,4,1,5,7,3,10
JHARKHAND,2005,COLLAPSE OF STRUCTURE(BUILDING),1,1,0,1,4,0,4
JHARKHAND,2005,COLLAPSE OF STRUCTURE(DAM),0,0,0,0,0,0,0
JHARKHAND,2005,COLLAPSE OF STRUCTURE(BRIDGE),0,0,0,0,0,0,0
JHARKHAND,2005,COLLAPSE OF STRUCTURE(OTHERS),14,0,0,0,14,0,14
JHARKHAND,2005,DROWNING(BOAT CAPSIZE),14,0,0,0,18,0,18
JHARKHAND,2005,DROWNING(OTHER),318,3,0,3,218,82,300
JHARKHAND,2005,ELECTROCUTION,90,0,0,0,55,11,66
JHARKHAND,2005,EXPLOSION(BOMB EXPLOSION),0,0,0,0,0,0,0
JHARKHAND,2005,EXPLOSION(OTHER EXPLOSION LIKE BOILERS,,7,0,0,0,5,2,7
JHARKHAND,2005,FALLS(FALL FROM HEIGHT),48,42,0,42,59,10,69
JHARKHAND,2005,FALL INTO PIT/MANHOLE,42,0,0,0,41,4,45
JHARKHAND,2005,FACTORY/MACHINE ACCIDENTS,35,1,0,1,32,3,35
JHARKHAND,2005,FIRE(FIREWORKS/CRACKERS),55,0,0,0,16,21,37
JHARKHAND,2005,FIRE(SHORT-CIRCUIT),30,2,0,2,27,18,45
JHARKHAND,2005,GAS CYLINDER/STOVE BURST,55,1,0,1,69,71,140
JHARKHAND,2005,OTHER FIRE ACCIDENTS,217,1,2,3,73,152,225
JHARKHAND,2005,FIRE-ARMS,1,0,0,0,6,5,11
JHARKHAND,2005,SUDDEN DEATHS(HEART ATTACKS),46,0,0,0,45,4,49
JHARKHAND,2005,EPILEPTIC FITS/GIDDINESS,20,0,0,0,21,2,23
JHARKHAND,2005,ABORTIONS/CHILD BIRTH,6,0,0,0,0,6,6
JHARKHAND,2005,INFLUENCE OF ALCOHOL,52,1,0,1,49,4,53
JHARKHAND,2005,KILLED BY ANIMALS,44,0,0,0,55,13,68
JHARKHAND,2005,MINES OR QUARY DISASTER,17,2,0,2,25,6,31
JHARKHAND,2005,FOOD POISIONING/ACCIDENTAL INTAKE OF INSECTICIDES ETC.,171,0,0,0,115,66,181
JHARKHAND,2005,SPURIOUS/POISIONOUS LIQUOR,18,0,0,0,7,3,10
JHARKHAND,2005,LEAKAGE OF POISINOUS GASES ETC.,10,0,0,0,13,1,14
JHARKHAND,2005,SNAKE BITE/ANIMAL BITE,42,0,0,0,37,14,51
JHARKHAND,2005,OTHER,56,0,0,0,30,10,40
JHARKHAND,2005,STAMPEDE,0,0,0,0,0,0,0
JHARKHAND,2005,SUFFOCATION,40,0,0,0,48,13,61
JHARKHAND,2005,TRAFFIC ACCIDENTS(ROAD ACCIDENTS),2739,2160,362,2522,1107,175,1282
JHARKHAND,2005,TRAFFIC ACCIDENTS(RAIL-ROAD ACCIDENTS),543,145,26,171,2,0,2
JHARKHAND,2005,OTHER RAILWAY ACCIDENTS,4,1,0,1,9,6,15
JHARKHAND,2005,OTHER,173,0,0,0,67,31,98
JHARKHAND,2005,CAUSES NOT KNOWN,68,0,0,0,267,87,354
JHARKHAND,2005,TOTAL,4988,2364,391,2755,2541,823,3364
JHARKHAND,2005,TOTAL COLLAPSE,27,5,1,6,25,3,28
JHARKHAND,2005,TOTAL DROWNING,332,3,0,3,236,82,318
JHARKHAND,2005,TOTAL EXPLOSION,7,0,0,0,5,2,7
JHARKHAND,2005,TOTAL FALLS,90,42,0,42,100,14,114
JHARKHAND,2005,TOTAL FIRE,357,4,2,6,185,262,447
JHARKHAND,2005,TOTAL SUDDEN DEATHS,124,1,0,1,115,16,131
JHARKHAND,2005,TOTAL POISONING,297,0,0,0,202,94,296
JHARKHAND,2005,TOTAL TRAFFIC ACCIDENTS,3286,2306,388,2694,1118,181,1299
JHARKHAND,2006,AIR-CRASH,0,0,0,0,0,0,0
JHARKHAND,2006,COLLAPSE OF STRUCTURE(HOUSE),23,10,3,13,10,6,16
JHARKHAND,2006,COLLAPSE OF STRUCTURE(BUILDING),8,0,0,0,5,3,8
JHARKHAND,2006,COLLAPSE OF STRUCTURE(DAM),0,0,0,0,0,0,0
JHARKHAND,2006,COLLAPSE OF STRUCTURE(BRIDGE),1,1,0,1,0,0,0
JHARKHAND,2006,COLLAPSE OF STRUCTURE(OTHERS),38,0,0,0,15,24,39
JHARKHAND,2006,DROWNING(BOAT CAPSIZE),29,0,0,0,18,11,29
JHARKHAND,2006,DROWNING(OTHER),358,13,5,18,254,95,349
JHARKHAND,2006,ELECTROCUTION,95,0,0,0,78,17,95
JHARKHAND,2006,EXPLOSION(BOMB EXPLOSION),4,0,0,0,4,0,4
JHARKHAND,2006,EXPLOSION(OTHER EXPLOSION LIKE BOIL,10,1,0,1,10,0,10
JHARKHAND,2006,FALLS(FALL FROM HEIGHT),93,6,2,8,70,15,85
JHARKHAND,2006,FALL INTO PIT/MANHOLE,55,3,1,4,35,15,50
JHARKHAND,2006,FACTORY/MACHINE ACCIDENTS,24,1,0,1,24,0,24
JHARKHAND,2006,FIRE(FIREWORKS/CRACKERS),14,0,1,1,4,10,14
JHARKHAND,2006,FIRE(SHORT-CIRCUIT),26,3,2,5,14,6,20
JHARKHAND,2006,GAS CYLINDER/STOVE BURST,81,0,4,4,13,69,82
JHARKHAND,2006,OTHER FIRE ACCIDENTS,180,1,1,2,64,118,182
JHARKHAND,2006,FIRE-ARMS,40,0,0,0,25,15,40
JHARKHAND,2006,SUDDEN DEATHS(HEART ATTACKS),73,0,0,0,59,15,74
JHARKHAND,2006,EPILEPTIC FITS/GIDDINESS,19,0,0,0,13,6,19
JHARKHAND,2006,ABORTIONS/CHILD BIRTH,9,0,0,0,0,9,9
JHARKHAND,2006,INFLUENCE OF ALCOHOL,73,0,0,0,71,2,73
JHARKHAND,2006,KILLED BY ANIMALS,38,0,0,0,23,15,38
JHARKHAND,2006,MINES OR QUARY DISASTER,10,2,0,2,10,0,10
JHARKHAND,2006,FOOD POISIONING/ACCIDENTAL INTAKE OF INSECTICIDES ETC.,161,5,1,6,107,61,168
JHARKHAND,2006,SPURIOUS/POISIONOUS LIQUOR,21,1,0,1,17,4,21
JHARKHAND,2006,LEAKAGE OF POISINOUS GASES ETC.,3,0,0,0,3,0,3
JHARKHAND,2006,SNAKE BITE/ANIMAL BITE,28,0,0,0,20,11,31
JHARKHAND,2006,OTHER,65,0,0,0,48,17,65
JHARKHAND,2006,STAMPEDE,0,0,0,0,0,0,0
JHARKHAND,2006,SUFFOCATION,23,0,0,0,16,8,24
JHARKHAND,2006,TRAFFIC ACCIDENTS(ROAD ACCIDENTS),4301,3089,619,3708,1418,249,1667
JHARKHAND,2006,TRAFFIC ACCIDENTS(RAIL-ROAD ACCIDENTS),451,270,40,310,196,31,227
JHARKHAND,2006,OTHER RAILWAY ACCIDENTS,5,0,0,0,3,2,5
JHARKHAND,2006,OTHER,539,0,0,0,421,133,554
JHARKHAND,2006,CAUSES NOT KNOWN,55,2,0,2,35,8,43
JHARKHAND,2006,TOTAL,6953,3408,679,4087,3103,975,4078
JHARKHAND,2006,TOTAL COLLAPSE,70,11,3,14,30,33,63
JHARKHAND,2006,TOTAL DROWNING,387,13,5,18,272,106,378
JHARKHAND,2006,TOTAL EXPLOSION,14,1,0,1,14,0,14
JHARKHAND,2006,TOTAL FALLS,148,9,3,12,105,30,135
JHARKHAND,2006,TOTAL FIRE,301,4,8,12,95,203,298
JHARKHAND,2006,TOTAL SUDDEN DEATHS,174,0,0,0,143,32,175
JHARKHAND,2006,TOTAL POISONING,278,6,1,7,195,93,288
JHARKHAND,2006,TOTAL TRAFFIC ACCIDENTS,4757,3359,659,4018,1617,282,1899
JHARKHAND,2007,AIR-CRASH,0,0,0,0,0,0,0
JHARKHAND,2007,COLLAPSE OF STRUCTURE(HOUSE),47,16,5,21,17,11,28
JHARKHAND,2007,COLLAPSE OF STRUCTURE(BUILDING),10,2,0,2,8,2,10
JHARKHAND,2007,COLLAPSE OF STRUCTURE(DAM),0,0,0,0,0,0,0
JHARKHAND,2007,COLLAPSE OF STRUCTURE(BRIDGE),1,0,0,0,1,0,1
JHARKHAND,2007,COLLAPSE OF STRUCTURE(OTHERS),25,12,0,12,10,6,16
JHARKHAND,2007,DROWNING(BOAT CAPSIZE),50,13,5,18,42,12,54
JHARKHAND,2007,DROWNING(OTHER),303,23,3,26,219,72,291
JHARKHAND,2007,ELECTROCUTION,100,15,2,17,79,15,94
JHARKHAND,2007,EXPLOSION(BOMB EXPLOSION),8,0,0,0,9,3,12
JHARKHAND,2007,EXPLOSION(OTHER EXPLOSION LIKE BOIL,15,0,1,1,9,6,15
JHARKHAND,2007,FALLS(FALL FROM HEIGHT),104,3,1,4,87,13,100
JHARKHAND,2007,FALL INTO PIT/MANHOLE,40,6,3,9,24,7,31
JHARKHAND,2007,FACTORY/MACHINE ACCIDENTS,29,3,0,3,18,5,23
JHARKHAND,2007,FIRE(FIREWORKS/CRACKERS),36,0,0,0,11,25,36
JHARKHAND,2007,FIRE(SHORT-CIRCUIT),23,0,1,1,16,7,23
JHARKHAND,2007,GAS CYLINDER/STOVE BURST,56,0,1,1,30,26,56
JHARKHAND,2007,OTHER FIRE ACCIDENTS,288,60,25,85,96,143,239
JHARKHAND,2007,FIRE-ARMS,38,1,0,1,29,19,48
JHARKHAND,2007,SUDDEN DEATHS(HEART ATTACKS),64,3,0,3,54,11,65
JHARKHAND,2007,EPILEPTIC FITS/GIDDINESS,11,0,0,0,6,5,11
JHARKHAND,2007,ABORTIONS/CHILD BIRTH,9,0,0,0,0,9,9
JHARKHAND,2007,INFLUENCE OF ALCOHOL,59,3,0,3,51,6,57
JHARKHAND,2007,KILLED BY ANIMALS,50,9,0,9,33,9,42
JHARKHAND,2007,MINES OR QUARY DISASTER,21,3,0,3,19,3,22
JHARKHAND,2007,FOOD POISIONING/ACCIDENTAL INTAKE OF INSECTICIDES ETC.,265,35,3,38,152,94,246
JHARKHAND,2007,SPURIOUS/POISIONOUS LIQUOR,30,2,1,3,27,4,31
JHARKHAND,2007,LEAKAGE OF POISINOUS GASES ETC.,0,0,0,0,0,0,0
JHARKHAND,2007,SNAKE BITE/ANIMAL BITE,41,7,2,9,17,15,32
JHARKHAND,2007,OTHER,74,0,0,0,58,20,78
JHARKHAND,2007,STAMPEDE,0,0,0,0,0,0,0
JHARKHAND,2007,SUFFOCATION,41,2,5,7,31,12,43
JHARKHAND,2007,TRAFFIC ACCIDENTS(ROAD ACCIDENTS),4504,3243,465,3708,1547,213,1760
JHARKHAND,2007,TRAFFIC ACCIDENTS(RAIL-ROAD ACCIDENTS),34,7,5,12,8,1,9
JHARKHAND,2007,OTHER RAILWAY ACCIDENTS,586,5,2,7,439,140,579
JHARKHAND,2007,OTHER,468,25,3,28,335,115,450
JHARKHAND,2007,CAUSES NOT KNOWN,103,32,9,41,47,12,59
JHARKHAND,2007,TOTAL,7533,3530,542,4072,3529,1041,4570
JHARKHAND,2007,TOTAL COLLAPSE,83,30,5,35,36,19,55
JHARKHAND,2007,TOTAL DROWNING,353,36,8,44,261,84,345
JHARKHAND,2007,TOTAL EXPLOSION,23,0,1,1,18,9,27
JHARKHAND,2007,TOTAL FALLS,144,9,4,13,111,20,131
JHARKHAND,2007,TOTAL FIRE,403,60,27,87,153,201,354
JHARKHAND,2007,TOTAL SUDDEN DEATHS,143,6,0,6,111,31,142
JHARKHAND,2007,TOTAL POISONING,410,44,6,50,254,133,387
JHARKHAND,2007,TOTAL TRAFFIC ACCIDENTS,5124,3255,472,3727,1994,354,2348
JHARKHAND,2008,AIR-CRASH,2,0,0,0,2,0,2
JHARKHAND,2008,COLLAPSE OF STRUCTURE(HOUSE),25,7,1,8,12,7,19
JHARKHAND,2008,COLLAPSE OF STRUCTURE(BUILDING),4,1,0,1,4,0,4
JHARKHAND,2008,COLLAPSE OF STRUCTURE(DAM),14,0,0,0,12,2,14
JHARKHAND,2008,COLLAPSE OF STRUCTURE(BRIDGE),5,0,0,0,5,0,5
JHARKHAND,2008,COLLAPSE OF STRUCTURE(OTHERS),4,0,0,0,2,2,4
JHARKHAND,2008,DROWNING(BOAT CAPSIZE),3,0,0,0,1,2,3
JHARKHAND,2008,DROWNING(OTHER),300,14,5,19,237,75,312
JHARKHAND,2008,ELECTROCUTION,75,6,0,6,55,20,75
JHARKHAND,2008,EXPLOSION(BOMB EXPLOSION),2,2,0,2,1,0,1
JHARKHAND,2008,EXPLOSION(OTHER EXPLOSION LIKE BOIL,13,1,2,3,6,6,12
JHARKHAND,2008,FALLS(FALL FROM HEIGHT),96,8,3,11,72,16,88
JHARKHAND,2008,FALL INTO PIT/MANHOLE,23,3,2,5,16,3,19
JHARKHAND,2008,FACTORY/MACHINE ACCIDENTS,16,0,0,0,12,4,16
JHARKHAND,2008,FIRE(FIREWORKS/CRACKERS),20,3,1,4,1,15,16
JHARKHAND,2008,FIRE(SHORT-CIRCUIT),20,2,0,2,11,8,19
JHARKHAND,2008,GAS CYLINDER/STOVE BURST,23,0,2,2,7,17,24
JHARKHAND,2008,OTHER FIRE ACCIDENTS,147,2,6,8,63,77,140
JHARKHAND,2008,FIRE-ARMS,1,0,0,0,1,0,1
JHARKHAND,2008,SUDDEN DEATHS(HEART ATTACKS),72,2,0,2,65,13,78
JHARKHAND,2008,EPILEPTIC FITS/GIDDINESS,20,0,0,0,16,4,20
JHARKHAND,2008,ABORTIONS/CHILD BIRTH,4,0,0,0,0,4,4
JHARKHAND,2008,INFLUENCE OF ALCOHOL,60,2,0,2,56,4,60
JHARKHAND,2008,KILLED BY ANIMALS,41,5,1,6,33,8,41
JHARKHAND,2008,MINES OR QUARY DISASTER,10,3,0,3,9,2,11
JHARKHAND,2008,FOOD POISIONING/ACCIDENTAL INTAKE OF INSECTICIDES ETC.,200,8,2,10,124,77,201
JHARKHAND,2008,SPURIOUS/POISIONOUS LIQUOR,18,2,1,3,14,4,18
JHARKHAND,2008,LEAKAGE OF POISINOUS GASES ETC.,2,0,0,0,2,0,2
JHARKHAND,2008,SNAKE BITE/ANIMAL BITE,25,0,1,1,13,12,25
JHARKHAND,2008,OTHER,15,0,0,0,10,5,15
JHARKHAND,2008,STAMPEDE,0,0,0,0,0,0,0
JHARKHAND,2008,SUFFOCATION,22,0,0,0,18,6,24
JHARKHAND,2008,TRAFFIC ACCIDENTS(ROAD ACCIDENTS),3259,2444,259,2703,1416,158,1574
JHARKHAND,2008,TRAFFIC ACCIDENTS(RAIL-ROAD ACCIDENTS),6,0,0,0,5,1,6
JHARKHAND,2008,OTHER RAILWAY ACCIDENTS,477,0,0,0,395,83,478
JHARKHAND,2008,OTHER,442,266,37,303,135,41,176
JHARKHAND,2008,CAUSES NOT KNOWN,77,4,3,7,80,22,102
JHARKHAND,2008,TOTAL,5543,2785,326,3111,2911,698,3609
JHARKHAND,2008,TOTAL COLLAPSE,52,8,1,9,35,11,46
JHARKHAND,2008,TOTAL DROWNING,303,14,5,19,238,77,315
JHARKHAND,2008,TOTAL EXPLOSION,15,3,2,5,7,6,13
JHARKHAND,2008,TOTAL FALLS,119,11,5,16,88,19,107
JHARKHAND,2008,TOTAL FIRE,210,7,9,16,82,117,199
JHARKHAND,2008,TOTAL SUDDEN DEATHS,156,4,0,4,137,25,162
JHARKHAND,2008,TOTAL POISONING,260,10,4,14,163,98,261
JHARKHAND,2008,TOTAL TRAFFIC ACCIDENTS,3742,2444,259,2703,1816,242,2058
JHARKHAND,2009,AIR-CRASH,0,0,0,0,0,0,0
JHARKHAND,2009,COLLAPSE OF STRUCTURE(HOUSE),26,6,1,7,14,10,24
JHARKHAND,2009,COLLAPSE OF STRUCTURE(BUILDING),43,1,0,1,23,10,33
JHARKHAND,2009,COLLAPSE OF STRUCTURE(DAM),4,0,0,0,3,1,4
JHARKHAND,2009,COLLAPSE OF STRUCTURE(BRIDGE),1,1,0,1,0,0,0
JHARKHAND,2009,COLLAPSE OF STRUCTURE(OTHERS),87,2,0,2,72,16,88
JHARKHAND,2009,DROWNING(BOAT CAPSIZE),2,0,0,0,1,1,2
JHARKHAND,2009,DROWNING(OTHER),314,33,12,45,243,80,323
JHARKHAND,2009,ELECTROCUTION,75,5,1,6,101,18,119
JHARKHAND,2009,EXPLOSION(BOMB EXPLOSION),14,5,0,5,17,3,20
JHARKHAND,2009,EXPLOSION(OTHER EXPLOSION LIKE BOIL,19,1,0,1,14,10,24
JHARKHAND,2009,FALLS(FALL FROM HEIGHT),92,6,2,8,74,19,93
JHARKHAND,2009,FALL INTO PIT/MANHOLE,43,4,2,6,30,14,44
JHARKHAND,2009,FACTORY/MACHINE ACCIDENTS,23,3,0,3,22,3,25
JHARKHAND,2009,FIRE(FIREWORKS/CRACKERS),46,1,0,1,16,4,20
JHARKHAND,2009,FIRE(SHORT-CIRCUIT),118,40,4,44,66,10,76
JHARKHAND,2009,GAS CYLINDER/STOVE BURST,47,1,5,6,12,38,50
JHARKHAND,2009,OTHER FIRE ACCIDENTS,181,5,16,21,74,104,178
JHARKHAND,2009,FIRE-ARMS,12,0,0,0,3,11,14
JHARKHAND,2009,SUDDEN DEATHS(HEART ATTACKS),70,3,1,4,64,16,80
JHARKHAND,2009,EPILEPTIC FITS/GIDDINESS,29,1,0,1,27,4,31
JHARKHAND,2009,ABORTIONS/CHILD BIRTH,27,0,6,6,0,20,20
JHARKHAND,2009,INFLUENCE OF ALCOHOL,78,2,1,3,77,6,83
JHARKHAND,2009,KILLED BY ANIMALS,102,0,3,3,41,10,51
JHARKHAND,2009,MINES OR QUARY DISASTER,10,1,0,1,8,2,10
JHARKHAND,2009,FOOD POISIONING/ACCIDENTAL INTAKE OF INSECTICIDES ETC.,196,15,3,18,114,72,186
JHARKHAND,2009,SPURIOUS/POISIONOUS LIQUOR,44,2,0,2,38,7,45
JHARKHAND,2009,LEAKAGE OF POISINOUS GASES ETC.,4,0,0,0,4,0,4
JHARKHAND,2009,SNAKE BITE/ANIMAL BITE,38,1,0,1,28,10,38
JHARKHAND,2009,OTHER,125,5,0,5,99,26,125
JHARKHAND,2009,STAMPEDE,0,0,0,0,0,0,0
JHARKHAND,2009,SUFFOCATION,33,0,0,0,26,7,33
JHARKHAND,2009,TRAFFIC ACCIDENTS(ROAD ACCIDENTS),4536,2345,358,2703,1755,271,2026
JHARKHAND,2009,TRAFFIC ACCIDENTS(RAIL-ROAD ACCIDENTS),13,1,0,1,146,32,178
JHARKHAND,2009,OTHER RAILWAY ACCIDENTS,543,49,14,63,418,70,488
JHARKHAND,2009,OTHER,79,0,1,1,102,25,127
JHARKHAND,2009,CAUSES NOT KNOWN,118,1,0,1,126,55,181
JHARKHAND,2009,TOTAL,7192,2540,430,2970,3858,985,4843
JHARKHAND,2009,TOTAL COLLAPSE,161,10,1,11,112,37,149
JHARKHAND,2009,TOTAL DROWNING,316,33,12,45,244,81,325
JHARKHAND,2009,TOTAL EXPLOSION,33,6,0,6,31,13,44
JHARKHAND,2009,TOTAL FALLS,135,10,4,14,104,33,137
JHARKHAND,2009,TOTAL FIRE,392,47,25,72,168,156,324
JHARKHAND,2009,TOTAL SUDDEN DEATHS,204,6,8,14,168,46,214
JHARKHAND,2009,TOTAL POISONING,407,23,3,26,283,115,398
JHARKHAND,2009,TOTAL TRAFFIC ACCIDENTS,5092,2395,372,2767,2319,373,2692
JHARKHAND,2010,AIR-CRASH,0,0,0,0,0,0,0
JHARKHAND,2010,COLLAPSE OF STRUCTURE(HOUSE),22,8,1,9,14,8,22
JHARKHAND,2010,COLLAPSE OF STRUCTURE(BUILDING),13,1,0,1,8,5,13
JHARKHAND,2010,COLLAPSE OF STRUCTURE(DAM),0,0,0,0,0,0,0
JHARKHAND,2010,COLLAPSE OF STRUCTURE(BRIDGE),1,0,0,0,1,0,1
JHARKHAND,2010,COLLAPSE OF STRUCTURE(OTHERS),10,0,1,1,8,2,10
JHARKHAND,2010,DROWNING(BOAT CAPSIZE),54,2,1,3,34,17,51
JHARKHAND,2010,DROWNING(OTHER),257,11,6,17,186,69,255
JHARKHAND,2010,ELECTROCUTION,102,5,1,6,85,19,104
JHARKHAND,2010,EXPLOSION(BOMB EXPLOSION),12,1,0,1,11,0,11
JHARKHAND,2010,EXPLOSION(OTHER EXPLOSION LIKE BOIL,15,0,1,1,7,8,15
JHARKHAND,2010,FALLS(FALL FROM HEIGHT),97,5,2,7,79,22,101
JHARKHAND,2010,FALL INTO PIT/MANHOLE,46,6,1,7,28,17,45
JHARKHAND,2010,FACTORY/MACHINE ACCIDENTS,27,1,1,2,23,4,27
JHARKHAND,2010,FIRE(FIREWORKS/CRACKERS),11,4,3,7,4,4,8
JHARKHAND,2010,FIRE(SHORT-CIRCUIT),29,0,0,0,16,19,35
JHARKHAND,2010,GAS CYLINDER/STOVE BURST,55,0,9,9,20,34,54
JHARKHAND,2010,OTHER FIRE ACCIDENTS,194,4,6,10,86,123,209
JHARKHAND,2010,FIRE-ARMS,11,2,0,2,8,8,16
JHARKHAND,2010,SUDDEN DEATHS(HEART ATTACKS),71,12,0,12,46,14,60
JHARKHAND,2010,EPILEPTIC FITS/GIDDINESS,27,3,0,3,19,5,24
JHARKHAND,2010,ABORTIONS/CHILD BIRTH,15,0,0,0,0,15,15
JHARKHAND,2010,INFLUENCE OF ALCOHOL,66,14,0,14,54,7,61
JHARKHAND,2010,KILLED BY ANIMALS,46,12,3,15,48,14,62
JHARKHAND,2010,MINES OR QUARY DISASTER,13,3,0,3,10,5,15
JHARKHAND,2010,FOOD POISIONING/ACCIDENTAL INTAKE OF INSECTICIDES ETC.,232,0,12,12,117,110,227
JHARKHAND,2010,SPURIOUS/POISIONOUS LIQUOR,26,0,0,0,17,10,27
JHARKHAND,2010,LEAKAGE OF POISINOUS GASES ETC.,1,0,0,0,2,0,2
JHARKHAND,2010,SNAKE BITE/ANIMAL BITE,28,2,1,3,23,5,28
JHARKHAND,2010,OTHER,140,0,2,2,101,36,137
JHARKHAND,2010,STAMPEDE,7,2,0,2,4,3,7
JHARKHAND,2010,SUFFOCATION,34,1,0,1,24,9,33
JHARKHAND,2010,TRAFFIC ACCIDENTS(ROAD ACCIDENTS),4228,2665,527,3192,1717,423,2140
JHARKHAND,2010,TRAFFIC ACCIDENTS(RAIL-ROAD ACCIDENTS),1,1,0,1,0,0,0
JHARKHAND,2010,OTHER RAILWAY ACCIDENTS,289,1,0,1,240,49,289
JHARKHAND,2010,OTHER,677,7,5,12,534,133,667
JHARKHAND,2010,CAUSES NOT KNOWN,182,5,1,6,124,59,183
JHARKHAND,2010,TOTAL,7039,2778,584,3362,3698,1256,4954
JHARKHAND,2010,TOTAL COLLAPSE,46,9,2,11,31,15,46
JHARKHAND,2010,TOTAL DROWNING,311,13,7,20,220,86,306
JHARKHAND,2010,TOTAL EXPLOSION,27,1,1,2,18,8,26
JHARKHAND,2010,TOTAL FALLS,143,11,3,14,107,39,146
JHARKHAND,2010,TOTAL FIRE,289,8,18,26,126,180,306
JHARKHAND,2010,TOTAL SUDDEN DEATHS,179,29,0,29,119,41,160
JHARKHAND,2010,TOTAL POISONING,427,2,15,17,260,161,421
JHARKHAND,2010,TOTAL TRAFFIC ACCIDENTS,4518,2667,527,3194,1957,472,2429
JHARKHAND,2011,AIR-CRASH,2,0,0,0,2,0,2
JHARKHAND,2011,COLLAPSE OF STRUCTURE(HOUSE),17,6,1,7,12,5,17
JHARKHAND,2011,COLLAPSE OF STRUCTURE(BUILDING),1,1,0,1,1,0,1
JHARKHAND,2011,COLLAPSE OF STRUCTURE(DAM),20,0,0,0,17,3,20
JHARKHAND,2011,COLLAPSE OF STRUCTURE(BRIDGE),0,0,0,0,0,0,0
JHARKHAND,2011,COLLAPSE OF STRUCTURE(OTHERS),23,0,0,0,20,5,25
JHARKHAND,2011,DROWNING(BOAT CAPSIZE),10,0,0,0,7,3,10
JHARKHAND,2011,DROWNING(OTHER),366,12,9,21,307,70,377
JHARKHAND,2011,ELECTROCUTION,75,5,0,5,61,14,75
JHARKHAND,2011,EXPLOSION(BOMB EXPLOSION),0,0,0,0,0,0,0
JHARKHAND,2011,EXPLOSION(OTHER EXPLOSION LIKE BOIL,13,1,1,2,2,11,13
JHARKHAND,2011,FALLS(FALL FROM HEIGHT),126,4,1,5,111,15,126
JHARKHAND,2011,FALL INTO PIT/MANHOLE,63,5,0,5,50,10,60
JHARKHAND,2011,FACTORY/MACHINE ACCIDENTS,24,1,0,1,24,0,24
JHARKHAND,2011,FIRE(FIREWORKS/CRACKERS),15,0,0,0,6,9,15
JHARKHAND,2011,FIRE(SHORT-CIRCUIT),15,0,0,0,12,3,15
JHARKHAND,2011,GAS CYLINDER/STOVE BURST,43,1,2,3,7,36,43
JHARKHAND,2011,OTHER FIRE ACCIDENTS,271,17,8,25,89,184,273
JHARKHAND,2011,FIRE-ARMS,18,0,0,0,7,11,18
JHARKHAND,2011,SUDDEN DEATHS(HEART ATTACKS),80,3,0,3,61,19,80
JHARKHAND,2011,EPILEPTIC FITS/GIDDINESS,23,0,0,0,22,1,23
JHARKHAND,2011,ABORTIONS/CHILD BIRTH,2,0,0,0,0,2,2
JHARKHAND,2011,INFLUENCE OF ALCOHOL,81,5,0,5,79,3,82
JHARKHAND,2011,KILLED BY ANIMALS,55,7,2,9,45,10,55
JHARKHAND,2011,MINES OR QUARY DISASTER,54,9,4,13,37,18,55
JHARKHAND,2011,FOOD POISIONING/ACCIDENTAL INTAKE OF INSECTICIDES ETC.,169,9,3,12,104,76,180
JHARKHAND,2011,SPURIOUS/POISIONOUS LIQUOR,20,0,0,0,19,1,20
JHARKHAND,2011,LEAKAGE OF POISINOUS GASES ETC.,1,0,0,0,1,0,1
JHARKHAND,2011,SNAKE BITE/ANIMAL BITE,43,1,1,2,28,15,43
JHARKHAND,2011,OTHER,121,2,2,4,108,16,124
JHARKHAND,2011,STAMPEDE,0,0,0,0,0,0,0
JHARKHAND,2011,SUFFOCATION,61,0,0,0,34,29,63
JHARKHAND,2011,TRAFFIC ACCIDENTS(ROAD ACCIDENTS),3901,3052,547,3599,1686,367,2053
JHARKHAND,2011,TRAFFIC ACCIDENTS(RAIL-ROAD ACCIDENTS),10,1,0,1,8,2,10
JHARKHAND,2011,OTHER RAILWAY ACCIDENTS,621,7,5,12,497,115,612
JHARKHAND,2011,OTHER,412,12,8,20,331,88,419
JHARKHAND,2011,CAUSES NOT KNOWN,611,317,68,385,330,84,414
JHARKHAND,2011,TOTAL,7367,3478,662,4140,4125,1225,5350
JHARKHAND,2011,TOTAL COLLAPSE,61,7,1,8,50,13,63
JHARKHAND,2011,TOTAL DROWNING,376,12,9,21,314,73,387
JHARKHAND,2011,TOTAL EXPLOSION,13,1,1,2,2,11,13
JHARKHAND,2011,TOTAL FALLS,189,9,1,10,161,25,186
JHARKHAND,2011,TOTAL FIRE,344,18,10,28,114,232,346
JHARKHAND,2011,TOTAL SUDDEN DEATHS,186,8,0,8,162,25,187
JHARKHAND,2011,TOTAL POISONING,354,12,6,18,260,108,368
JHARKHAND,2011,TOTAL TRAFFIC ACCIDENTS,4532,3060,552,3612,2191,484,2675
JHARKHAND,2012,AIR-CRASH,0,0,0,0,0,0,0
JHARKHAND,2012,COLLAPSE OF STRUCTURE(HOUSE),6,2,1,3,3,4,7
JHARKHAND,2012,COLLAPSE OF STRUCTURE(BUILDING),2,1,0,1,2,0,2
JHARKHAND,2012,COLLAPSE OF STRUCTURE(DAM),2,0,0,0,2,0,2
JHARKHAND,2012,COLLAPSE OF STRUCTURE(BRIDGE),2,0,0,0,12,0,12
JHARKHAND,2012,COLLAPSE OF STRUCTURE(OTHERS),46,12,7,19,30,21,51
JHARKHAND,2012,DROWNING(BOAT CAPSIZE),4,1,0,1,4,0,4
JHARKHAND,2012,DROWNING(OTHER),375,34,7,41,258,90,348
JHARKHAND,2012,ELECTROCUTION,91,7,1,8,180,25,205
JHARKHAND,2012,EXPLOSION(BOMB EXPLOSION),1,1,0,1,1,0,1
JHARKHAND,2012,EXPLOSION(OTHER EXPLOSION LIKE BOIL,5,1,2,3,2,2,4
JHARKHAND,2012,FALLS(FALL FROM HEIGHT),146,6,2,8,126,16,142
JHARKHAND,2012,FALL INTO PIT/MANHOLE,34,1,1,2,32,6,38
JHARKHAND,2012,FACTORY/MACHINE ACCIDENTS,31,1,0,1,27,4,31
JHARKHAND,2012,FIRE(FIREWORKS/CRACKERS),24,0,0,0,9,15,24
JHARKHAND,2012,FIRE(SHORT-CIRCUIT),21,0,0,0,18,3,21
JHARKHAND,2012,GAS CYLINDER/STOVE BURST,43,3,7,10,7,27,34
JHARKHAND,2012,OTHER FIRE ACCIDENTS,324,8,17,25,75,247,322
JHARKHAND,2012,FIRE-ARMS,1,0,0,0,1,0,1
JHARKHAND,2012,SUDDEN DEATHS(HEART ATTACKS),88,0,0,0,72,16,88
JHARKHAND,2012,EPILEPTIC FITS/GIDDINESS,27,2,0,2,18,8,26
JHARKHAND,2012,ABORTIONS/CHILD BIRTH,6,0,0,0,0,6,6
JHARKHAND,2012,INFLUENCE OF ALCOHOL,100,9,3,12,90,10,100
JHARKHAND,2012,KILLED BY ANIMALS,79,5,7,12,54,22,76
JHARKHAND,2012,MINES OR QUARY DISASTER,23,0,1,1,19,4,23
JHARKHAND,2012,FOOD POISIONING/ACCIDENTAL INTAKE OF INSECTICIDES ETC.,185,1,5,6,106,101,207
JHARKHAND,2012,SPURIOUS/POISIONOUS LIQUOR,29,0,0,0,24,11,35
JHARKHAND,2012,LEAKAGE OF POISINOUS GASES ETC.,12,1,1,2,7,3,10
JHARKHAND,2012,SNAKE BITE/ANIMAL BITE,41,3,2,5,16,23,39
JHARKHAND,2012,OTHER,110,1,2,3,73,36,109
JHARKHAND,2012,STAMPEDE,0,0,0,0,0,0,0
JHARKHAND,2012,SUFFOCATION,33,0,1,1,20,14,34
JHARKHAND,2012,TRAFFIC ACCIDENTS(ROAD ACCIDENTS),4625,3612,603,4215,2150,362,2512
JHARKHAND,2012,TRAFFIC ACCIDENTS(RAIL-ROAD ACCIDENTS),0,0,0,0,0,0,0
JHARKHAND,2012,OTHER RAILWAY ACCIDENTS,602,0,0,0,489,113,602
JHARKHAND,2012,OTHER,300,9,4,13,236,71,307
JHARKHAND,2012,CAUSES NOT KNOWN,235,3,9,12,207,31,238
JHARKHAND,2012,TOTAL,7653,3724,683,4407,4370,1291,5661
JHARKHAND,2012,TOTAL COLLAPSE,58,15,8,23,49,25,74
JHARKHAND,2012,TOTAL DROWNING,379,35,7,42,262,90,352
JHARKHAND,2012,TOTAL EXPLOSION,6,2,2,4,3,2,5
JHARKHAND,2012,TOTAL FALLS,180,7,3,10,158,22,180
JHARKHAND,2012,TOTAL FIRE,412,11,24,35,109,292,401
JHARKHAND,2012,TOTAL SUDDEN DEATHS,221,11,3,14,180,40,220
JHARKHAND,2012,TOTAL POISONING,377,6,10,16,226,174,400
JHARKHAND,2012,TOTAL TRAFFIC ACCIDENTS,5227,3612,603,4215,2639,475,3114
KARNATAKA,2001,AIR-CRASH,1,0,0,0,5,0,5
KARNATAKA,2001,COLLAPSE OF STRUCTURE(HOUSE),42,1,5,6,23,26,49
KARNATAKA,2001,COLLAPSE OF STRUCTURE(BUILDING),8,1,1,2,3,1,4
KARNATAKA,2001,COLLAPSE OF STRUCTURE(DAM),4,0,0,0,0,0,0
KARNATAKA,2001,COLLAPSE OF STRUCTURE(BRIDGE),5,0,0,0,0,0,0
KARNATAKA,2001,COLLAPSE OF STRUCTURE(OTHERS),67,5,0,5,45,14,59
KARNATAKA,2001,DROWNING(BOAT CAPSIZE),35,0,0,0,53,7,60
KARNATAKA,2001,DROWNING(OTHER),1472,0,0,0,1006,559,1565
KARNATAKA,2001,ELECTROCUTION,293,4,1,5,262,32,294
KARNATAKA,2001,EXPLOSION(BOMB EXPLOSION),1,2,0,2,1,0,1
KARNATAKA,2001,EXPLOSION(OTHER EXPLOSION LIKE BOILERS,,8,5,2,7,11,1,12
KARNATAKA,2001,FALLS(FALL FROM HEIGHT),410,3,0,3,360,50,410
KARNATAKA,2001,FALL INTO PIT/MANHOLE,25,0,1,1,18,8,26
KARNATAKA,2001,FACTORY/MACHINE ACCIDENTS,8,0,0,0,8,0,8
KARNATAKA,2001,FIRE(FIREWORKS/CRACKERS),2,0,0,0,2,2,4
KARNATAKA,2001,FIRE(SHORT-CIRCUIT),78,1,0,1,58,27,85
KARNATAKA,2001,GAS CYLINDER/STOVE BURST,274,1,4,5,67,214,281
KARNATAKA,2001,OTHER FIRE ACCIDENTS,1254,15,5,20,372,900,1272
KARNATAKA,2001,FIRE-ARMS,89,9,0,9,54,64,118
KARNATAKA,2001,SUDDEN DEATHS(HEART ATTACKS),411,2,0,2,361,50,411
KARNATAKA,2001,EPILEPTIC FITS/GIDDINESS,88,3,1,4,72,20,92
KARNATAKA,2001,ABORTIONS/CHILD BIRTH,6,0,1,1,0,6,6
KARNATAKA,2001,INFLUENCE OF ALCOHOL,232,4,0,4,220,14,234
KARNATAKA,2001,KILLED BY ANIMALS,41,1,0,1,34,8,42
KARNATAKA,2001,MINES OR QUARY DISASTER,6,0,0,0,6,0,6
KARNATAKA,2001,FOOD POISIONING/ACCIDENTAL INTAKE OF INSECTICIDES ETC.,114,4,3,7,69,42,111
KARNATAKA,2001,SPURIOUS/POISIONOUS LIQUOR,38,4,3,7,22,11,33
KARNATAKA,2001,LEAKAGE OF POISINOUS GASES ETC.,2,0,0,0,3,3,6
KARNATAKA,2001,SNAKE BITE/ANIMAL BITE,377,3,5,8,258,102,360
KARNATAKA,2001,OTHER,1166,4,4,8,850,324,1174
KARNATAKA,2001,STAMPEDE,8,0,0,0,7,1,8
KARNATAKA,2001,SUFFOCATION,3,0,0,0,3,1,4
KARNATAKA,2001,TRAFFIC ACCIDENTS(ROAD ACCIDENTS),32860,33839,8351,42190,4971,824,5795
KARNATAKA,2001,TRAFFIC ACCIDENTS(RAIL-ROAD ACCIDENTS),140,11,0,11,10,0,10
KARNATAKA,2001,OTHER RAILWAY ACCIDENTS,563,0,0,0,561,100,661
KARNATAKA,2001,OTHER,233,70,6,76,220,57,277
KARNATAKA,2001,CAUSES NOT KNOWN,1150,16,8,24,933,225,1158
KARNATAKA,2001,TOTAL,41514,34008,8401,42409,10948,3693,14641
KARNATAKA,2001,TOTAL COLLAPSE,126,7,6,13,71,41,112
KARNATAKA,2001,TOTAL DROWNING,1507,0,0,0,1059,566,1625
KARNATAKA,2001,TOTAL EXPLOSION,9,7,2,9,12,1,13
KARNATAKA,2001,TOTAL FALLS,435,3,1,4,378,58,436
KARNATAKA,2001,TOTAL FIRE,1608,17,9,26,499,1143,1642
KARNATAKA,2001,TOTAL SUDDEN DEATHS,737,9,2,11,653,90,743
KARNATAKA,2001,TOTAL POISONING,1697,15,15,30,1202,482,1684
KARNATAKA,2001,TOTAL TRAFFIC ACCIDENTS,33563,33850,8351,42201,5542,924,6466
KARNATAKA,2002,AIR-CRASH,0,0,0,0,0,0,0
KARNATAKA,2002,COLLAPSE OF STRUCTURE(HOUSE),16,1,0,1,14,3,17
KARNATAKA,2002,COLLAPSE OF STRUCTURE(BUILDING),5,0,1,1,5,1,6
KARNATAKA,2002,COLLAPSE OF STRUCTURE(DAM),0,0,0,0,0,0,0
KARNATAKA,2002,COLLAPSE OF STRUCTURE(BRIDGE),0,0,0,0,0,0,0
KARNATAKA,2002,COLLAPSE OF STRUCTURE(OTHERS),35,3,0,3,31,6,37
KARNATAKA,2002,DROWNING(BOAT CAPSIZE),26,0,0,0,35,0,35
KARNATAKA,2002,DROWNING(OTHER),1400,30,13,43,937,455,1392
KARNATAKA,2002,ELECTROCUTION,257,0,0,0,228,30,258
KARNATAKA,2002,EXPLOSION(BOMB EXPLOSION),0,0,0,0,0,0,0
KARNATAKA,2002,EXPLOSION(OTHER EXPLOSION LIKE BOILERS, GAS CYLINDER ETC.),10,22,10,32,17,4,21
KARNATAKA,2002,FALLS(FALL FROM HEIGHT),438,4,1,5,395,47,442
KARNATAKA,2002,FALL INTO PIT/MANHOLE,22,0,0,0,18,4,22
KARNATAKA,2002,FACTORY/MACHINE ACCIDENTS,15,1,0,1,17,1,18
KARNATAKA,2002,FIRE(FIREWORKS/CRACKERS),1,0,0,0,1,0,1
KARNATAKA,2002,FIRE(SHORT-CIRCUIT),57,0,0,0,45,7,52
KARNATAKA,2002,GAS CYLINDER/STOVE BURST,209,0,0,0,59,153,212
KARNATAKA,2002,OTHER FIRE ACCIDENTS,971,6,0,6,291,563,854
KARNATAKA,2002,FIRE-ARMS,12,0,0,0,6,7,13
KARNATAKA,2002,SUDDEN DEATHS(HEART ATTACKS),404,0,0,0,370,41,411
KARNATAKA,2002,EPILEPTIC FITS/GIDDINESS,72,0,0,0,48,24,72
KARNATAKA,2002,ABORTIONS/CHILD BIRTH,10,0,0,0,0,10,10
KARNATAKA,2002,INFLUENCE OF ALCOHOL,260,3,0,3,234,21,255
KARNATAKA,2002,KILLED BY ANIMALS,48,1,0,1,39,9,48
KARNATAKA,2002,MINES OR QUARY DISASTER,7,2,0,2,7,0,7
KARNATAKA,2002,FOOD POISIONING/ACCIDENTAL INTAKE OF INSECTICIDES ETC.,145,0,0,0,109,43,152
KARNATAKA,2002,SPURIOUS/POISIONOUS LIQUOR,44,0,0,0,36,7,43
KARNATAKA,2002,LEAKAGE OF POISINOUS GASES ETC.,0,0,0,0,0,0,0
KARNATAKA,2002,SNAKE BITE/ANIMAL BITE,407,0,0,0,280,132,412
KARNATAKA,2002,OTHER,903,1,0,1,659,228,887
KARNATAKA,2002,STAMPEDE,11,1,0,1,7,4,11
KARNATAKA,2002,SUFFOCATION,35,0,0,0,23,12,35
KARNATAKA,2002,TRAFFIC ACCIDENTS(ROAD ACCIDENTS),35661,37496,8243,45739,5243,1108,6351
KARNATAKA,2002,TRAFFIC ACCIDENTS(RAIL-ROAD ACCIDENTS),123,30,0,30,13,2,15
KARNATAKA,2002,OTHER RAILWAY ACCIDENTS,600,0,0,0,523,90,613
KARNATAKA,2002,OTHER,359,40,18,58,272,94,366
KARNATAKA,2002,CAUSES NOT KNOWN,1323,2,0,2,829,328,1157
KARNATAKA,2002,TOTAL,43886,37643,8286,45929,10791,3434,14225
KARNATAKA,2002,TOTAL COLLAPSE,56,4,1,5,50,10,60
KARNATAKA,2002,TOTAL DROWNING,1426,30,13,43,972,455,1427
KARNATAKA,2002,TOTAL EXPLOSION,10,22,10,32,17,4,21
KARNATAKA,2002,TOTAL FALLS,460,4,1,5,413,51,464
KARNATAKA,2002,TOTAL FIRE,1238,6,0,6,396,723,1119
KARNATAKA,2002,TOTAL SUDDEN DEATHS,746,3,0,3,652,96,748
KARNATAKA,2002,TOTAL POISONING,1499,1,0,1,1084,410,1494
KARNATAKA,2002,TOTAL TRAFFIC ACCIDENTS,36384,37526,8243,45769,5779,1200,6979
KARNATAKA,2003,AIR-CRASH,1,1,0,1,0,0,0
KARNATAKA,2003,COLLAPSE OF STRUCTURE(HOUSE),14,2,0,2,9,5,14
KARNATAKA,2003,COLLAPSE OF STRUCTURE(BUILDING),5,0,0,0,3,2,5
KARNATAKA,2003,COLLAPSE OF STRUCTURE(DAM),0,0,0,0,0,0,0
KARNATAKA,2003,COLLAPSE OF STRUCTURE(BRIDGE),0,0,0,0,0,0,0
KARNATAKA,2003,COLLAPSE OF STRUCTURE(OTHERS),47,0,0,0,39,9,48
KARNATAKA,2003,DROWNING(BOAT CAPSIZE),35,0,0,0,40,0,40
KARNATAKA,2003,DROWNING(OTHER),1302,0,0,0,962,385,1347
KARNATAKA,2003,ELECTROCUTION,323,5,1,6,283,46,329
KARNATAKA,2003,EXPLOSION(BOMB EXPLOSION),1,0,0,0,3,0,3
KARNATAKA,2003,EXPLOSION(OTHER EXPLOSION LIKE BOILERS,,1,1,2,3,0,1,1
KARNATAKA,2003,FALLS(FALL FROM HEIGHT),413,3,0,3,375,44,419
KARNATAKA,2003,FALL INTO PIT/MANHOLE,20,0,0,0,18,3,21
KARNATAKA,2003,FACTORY/MACHINE ACCIDENTS,16,6,0,6,19,5,24
KARNATAKA,2003,FIRE(FIREWORKS/CRACKERS),0,0,0,0,0,0,0
KARNATAKA,2003,FIRE(SHORT-CIRCUIT),46,3,0,3,36,9,45
KARNATAKA,2003,GAS CYLINDER/STOVE BURST,279,4,3,7,55,225,280
KARNATAKA,2003,OTHER FIRE ACCIDENTS,1070,1,1,2,361,705,1066
KARNATAKA,2003,FIRE-ARMS,13,0,0,0,12,1,13
KARNATAKA,2003,SUDDEN DEATHS(HEART ATTACKS),382,0,0,0,341,39,380
KARNATAKA,2003,EPILEPTIC FITS/GIDDINESS,71,0,0,0,59,12,71
KARNATAKA,2003,ABORTIONS/CHILD BIRTH,7,0,0,0,0,7,7
KARNATAKA,2003,INFLUENCE OF ALCOHOL,257,4,2,6,236,15,251
KARNATAKA,2003,KILLED BY ANIMALS,54,2,0,2,45,10,55
KARNATAKA,2003,MINES OR QUARY DISASTER,6,0,0,0,5,1,6
KARNATAKA,2003,FOOD POISIONING/ACCIDENTAL INTAKE OF INSECTICIDES ETC.,107,0,0,0,72,38,110
KARNATAKA,2003,SPURIOUS/POISIONOUS LIQUOR,61,0,0,0,49,12,61
KARNATAKA,2003,LEAKAGE OF POISINOUS GASES ETC.,3,0,0,0,3,0,3
KARNATAKA,2003,SNAKE BITE/ANIMAL BITE,476,0,0,0,347,133,480
KARNATAKA,2003,OTHER,720,0,0,0,541,190,731
KARNATAKA,2003,STAMPEDE,5,0,0,0,3,2,5
KARNATAKA,2003,SUFFOCATION,2,0,0,0,2,0,2
KARNATAKA,2003,TRAFFIC ACCIDENTS(ROAD ACCIDENTS),37511,37191,8535,45726,5282,890,6172
KARNATAKA,2003,TRAFFIC ACCIDENTS(RAIL-ROAD ACCIDENTS),147,55,0,55,22,1,23
KARNATAKA,2003,OTHER RAILWAY ACCIDENTS,579,0,0,0,492,87,579
KARNATAKA,2003,OTHER,697,0,0,0,542,163,705
KARNATAKA,2003,CAUSES NOT KNOWN,1174,0,6,6,1151,301,1452
KARNATAKA,2003,TOTAL,45845,37278,8550,45828,11407,3341,14748
KARNATAKA,2003,TOTAL COLLAPSE,66,2,0,2,51,16,67
KARNATAKA,2003,TOTAL DROWNING,1337,0,0,0,1002,385,1387
KARNATAKA,2003,TOTAL EXPLOSION,2,1,2,3,3,1,4
KARNATAKA,2003,TOTAL FALLS,433,3,0,3,393,47,440
KARNATAKA,2003,TOTAL FIRE,1395,8,4,12,452,939,1391
KARNATAKA,2003,TOTAL SUDDEN DEATHS,717,4,2,6,636,73,709
KARNATAKA,2003,TOTAL POISONING,1367,0,0,0,1012,373,1385
KARNATAKA,2003,TOTAL TRAFFIC ACCIDENTS,38237,37246,8535,45781,5796,978,6774
KARNATAKA,2004,AIR-CRASH,0,0,0,0,0,0,0
KARNATAKA,2004,COLLAPSE OF STRUCTURE(HOUSE),25,0,1,1,14,12,26
KARNATAKA,2004,COLLAPSE OF STRUCTURE(BUILDING),16,1,0,1,12,3,15
KARNATAKA,2004,COLLAPSE OF STRUCTURE(DAM),0,0,0,0,0,0,0
KARNATAKA,2004,COLLAPSE OF STRUCTURE(BRIDGE),0,0,0,0,0,0,0
KARNATAKA,2004,COLLAPSE OF STRUCTURE(OTHERS),33,0,0,0,33,4,37
KARNATAKA,2004,DROWNING(BOAT CAPSIZE),25,4,0,4,28,0,28
KARNATAKA,2004,DROWNING(OTHER),1409,11,10,21,1011,446,1457
KARNATAKA,2004,ELECTROCUTION,288,9,0,9,263,29,292
KARNATAKA,2004,EXPLOSION(BOMB EXPLOSION),13,0,0,0,2,1,3
KARNATAKA,2004,EXPLOSION(OTHER EXPLOSION LIKE BOILERS,,8,20,2,22,6,9,15
KARNATAKA,2004,FALLS(FALL FROM HEIGHT),392,5,0,5,371,25,396
KARNATAKA,2004,FALL INTO PIT/MANHOLE,19,3,5,8,14,6,20
KARNATAKA,2004,FACTORY/MACHINE ACCIDENTS,21,0,0,0,19,2,21
KARNATAKA,2004,FIRE(FIREWORKS/CRACKERS),2,0,0,0,2,0,2
KARNATAKA,2004,FIRE(SHORT-CIRCUIT),61,1,0,1,47,17,64
KARNATAKA,2004,GAS CYLINDER/STOVE BURST,227,0,4,4,47,182,229
KARNATAKA,2004,OTHER FIRE ACCIDENTS,917,2,0,2,291,613,904
KARNATAKA,2004,FIRE-ARMS,9,0,0,0,5,4,9
KARNATAKA,2004,SUDDEN DEATHS(HEART ATTACKS),407,0,0,0,374,36,410
KARNATAKA,2004,EPILEPTIC FITS/GIDDINESS,36,0,0,0,36,6,42
KARNATAKA,2004,ABORTIONS/CHILD BIRTH,2,0,0,0,0,2,2
KARNATAKA,2004,INFLUENCE OF ALCOHOL,265,0,0,0,259,10,269
KARNATAKA,2004,KILLED BY ANIMALS,45,0,0,0,40,6,46
KARNATAKA,2004,MINES OR QUARY DISASTER,1,1,0,1,0,0,0
KARNATAKA,2004,FOOD POISIONING/ACCIDENTAL INTAKE OF INSECTICIDES ETC.,119,0,0,0,77,44,121
KARNATAKA,2004,SPURIOUS/POISIONOUS LIQUOR,22,0,0,0,17,5,22
KARNATAKA,2004,LEAKAGE OF POISINOUS GASES ETC.,1,0,0,0,1,0,1
KARNATAKA,2004,SNAKE BITE/ANIMAL BITE,438,2,0,2,295,150,445
KARNATAKA,2004,OTHER,1087,0,0,0,759,326,1085
KARNATAKA,2004,STAMPEDE,11,0,0,0,11,0,11
KARNATAKA,2004,SUFFOCATION,0,0,0,0,0,0,0
KARNATAKA,2004,TRAFFIC ACCIDENTS(ROAD ACCIDENTS),38751,41599,8763,50362,5426,1055,6481
KARNATAKA,2004,TRAFFIC ACCIDENTS(RAIL-ROAD ACCIDENTS),118,33,0,33,15,0,15
KARNATAKA,2004,OTHER RAILWAY ACCIDENTS,655,0,0,0,537,118,655
KARNATAKA,2004,OTHER,834,32,52,84,504,159,663
KARNATAKA,2004,CAUSES NOT KNOWN,1091,127,86,213,834,224,1058
KARNATAKA,2004,TOTAL,47348,41850,8923,50773,11350,3494,14844
KARNATAKA,2004,TOTAL COLLAPSE,74,1,1,2,59,19,78
KARNATAKA,2004,TOTAL DROWNING,1434,15,10,25,1039,446,1485
KARNATAKA,2004,TOTAL EXPLOSION,21,20,2,22,8,10,18
KARNATAKA,2004,TOTAL FALLS,411,8,5,13,385,31,416
KARNATAKA,2004,TOTAL FIRE,1207,3,4,7,387,812,1199
KARNATAKA,2004,TOTAL SUDDEN DEATHS,710,0,0,0,669,54,723
KARNATAKA,2004,TOTAL POISONING,1667,2,0,2,1149,525,1674
KARNATAKA,2004,TOTAL TRAFFIC ACCIDENTS,39524,41632,8763,50395,5978,1173,7151
KARNATAKA,2005,AIR-CRASH,0,0,0,0,0,0,0
KARNATAKA,2005,COLLAPSE OF STRUCTURE(HOUSE),68,3,5,8,40,35,75
KARNATAKA,2005,COLLAPSE OF STRUCTURE(BUILDING),9,5,0,5,9,2,11
KARNATAKA,2005,COLLAPSE OF STRUCTURE(DAM),0,0,0,0,0,0,0
KARNATAKA,2005,COLLAPSE OF STRUCTURE(BRIDGE),1,0,0,0,1,0,1
KARNATAKA,2005,COLLAPSE OF STRUCTURE(OTHERS),65,0,0,0,57,14,71
KARNATAKA,2005,DROWNING(BOAT CAPSIZE),45,0,0,0,44,8,52
KARNATAKA,2005,DROWNING(OTHER),1537,9,7,16,1121,427,1548
KARNATAKA,2005,ELECTROCUTION,351,4,0,4,303,62,365
KARNATAKA,2005,EXPLOSION(BOMB EXPLOSION),0,0,0,0,0,0,0
KARNATAKA,2005,EXPLOSION(OTHER EXPLOSION LIKE BOILERS,,7,0,0,0,7,2,9
KARNATAKA,2005,FALLS(FALL FROM HEIGHT),402,3,0,3,357,49,406
KARNATAKA,2005,FALL INTO PIT/MANHOLE,21,0,0,0,18,4,22
KARNATAKA,2005,FACTORY/MACHINE ACCIDENTS,15,1,0,1,12,3,15
KARNATAKA,2005,FIRE(FIREWORKS/CRACKERS),1,0,0,0,0,1,1
KARNATAKA,2005,FIRE(SHORT-CIRCUIT),54,3,0,3,47,6,53
KARNATAKA,2005,GAS CYLINDER/STOVE BURST,402,1,0,1,90,309,399
KARNATAKA,2005,OTHER FIRE ACCIDENTS,870,1,4,5,284,586,870
KARNATAKA,2005,FIRE-ARMS,43,4,1,5,24,14,38
KARNATAKA,2005,SUDDEN DEATHS(HEART ATTACKS),445,5,0,5,405,40,445
KARNATAKA,2005,EPILEPTIC FITS/GIDDINESS,93,0,0,0,75,18,93
KARNATAKA,2005,ABORTIONS/CHILD BIRTH,8,0,0,0,0,8,8
KARNATAKA,2005,INFLUENCE OF ALCOHOL,253,0,0,0,247,10,257
KARNATAKA,2005,KILLED BY ANIMALS,25,0,0,0,19,6,25
KARNATAKA,2005,MINES OR QUARY DISASTER,41,0,0,0,3,0,3
KARNATAKA,2005,FOOD POISIONING/ACCIDENTAL INTAKE OF INSECTICIDES ETC.,161,0,0,0,95,67,162
KARNATAKA,2005,SPURIOUS/POISIONOUS LIQUOR,78,0,0,0,55,24,79
KARNATAKA,2005,LEAKAGE OF POISINOUS GASES ETC.,1,0,0,0,0,0,0
KARNATAKA,2005,SNAKE BITE/ANIMAL BITE,490,0,0,0,342,151,493
KARNATAKA,2005,OTHER,813,4,2,6,544,270,814
KARNATAKA,2005,STAMPEDE,12,0,0,0,11,1,12
KARNATAKA,2005,SUFFOCATION,2,0,0,0,12,0,12
KARNATAKA,2005,TRAFFIC ACCIDENTS(ROAD ACCIDENTS),40273,43289,10736,54025,5935,941,6876
KARNATAKA,2005,TRAFFIC ACCIDENTS(RAIL-ROAD ACCIDENTS),45,38,0,38,25,3,28
KARNATAKA,2005,OTHER RAILWAY ACCIDENTS,1142,0,0,0,978,164,1142
KARNATAKA,2005,OTHER,844,0,0,0,626,236,862
KARNATAKA,2005,CAUSES NOT KNOWN,1511,249,44,293,1232,287,1519
KARNATAKA,2005,TOTAL,50128,43619,10799,54418,13018,3748,16766
KARNATAKA,2005,TOTAL COLLAPSE,143,8,5,13,107,51,158
KARNATAKA,2005,TOTAL DROWNING,1582,9,7,16,1165,435,1600
KARNATAKA,2005,TOTAL EXPLOSION,7,0,0,0,7,2,9
KARNATAKA,2005,TOTAL FALLS,423,3,0,3,375,53,428
KARNATAKA,2005,TOTAL FIRE,1327,5,4,9,421,902,1323
KARNATAKA,2005,TOTAL SUDDEN DEATHS,799,5,0,5,727,76,803
KARNATAKA,2005,TOTAL POISONING,1543,4,2,6,1036,512,1548
KARNATAKA,2005,TOTAL TRAFFIC ACCIDENTS,41460,43327,10736,54063,6938,1108,8046
KARNATAKA,2006,AIR-CRASH,0,0,0,0,0,0,0
KARNATAKA,2006,COLLAPSE OF STRUCTURE(HOUSE),32,4,1,5,11,16,27
KARNATAKA,2006,COLLAPSE OF STRUCTURE(BUILDING),9,0,0,0,8,1,9
KARNATAKA,2006,COLLAPSE OF STRUCTURE(DAM),0,0,0,0,0,0,0
KARNATAKA,2006,COLLAPSE OF STRUCTURE(BRIDGE),1,0,0,0,1,0,1
KARNATAKA,2006,COLLAPSE OF STRUCTURE(OTHERS),90,10,2,12,67,13,80
KARNATAKA,2006,DROWNING(BOAT CAPSIZE),21,0,0,0,24,0,24
KARNATAKA,2006,DROWNING(OTHER),1711,5,7,12,1275,457,1732
KARNATAKA,2006,ELECTROCUTION,303,2,2,4,265,41,306
KARNATAKA,2006,EXPLOSION(BOMB EXPLOSION),1,0,0,0,0,1,1
KARNATAKA,2006,EXPLOSION(OTHER EXPLOSION LIKE BOIL,12,1,0,1,7,8,15
KARNATAKA,2006,FALLS(FALL FROM HEIGHT),422,19,5,24,375,42,417
KARNATAKA,2006,FALL INTO PIT/MANHOLE,29,1,2,3,26,2,28
KARNATAKA,2006,FACTORY/MACHINE ACCIDENTS,35,8,4,12,22,3,25
KARNATAKA,2006,FIRE(FIREWORKS/CRACKERS),4,0,0,0,3,1,4
KARNATAKA,2006,FIRE(SHORT-CIRCUIT),58,1,0,1,49,10,59
KARNATAKA,2006,GAS CYLINDER/STOVE BURST,194,2,4,6,42,148,190
KARNATAKA,2006,OTHER FIRE ACCIDENTS,835,3,13,16,231,601,832
KARNATAKA,2006,FIRE-ARMS,20,1,0,1,11,10,21
KARNATAKA,2006,SUDDEN DEATHS(HEART ATTACKS),449,0,0,0,409,40,449
KARNATAKA,2006,EPILEPTIC FITS/GIDDINESS,69,2,0,2,54,17,71
KARNATAKA,2006,ABORTIONS/CHILD BIRTH,6,0,0,0,0,6,6
KARNATAKA,2006,INFLUENCE OF ALCOHOL,225,0,1,1,217,8,225
KARNATAKA,2006,KILLED BY ANIMALS,35,1,0,1,33,2,35
KARNATAKA,2006,MINES OR QUARY DISASTER,9,1,1,2,10,2,12
KARNATAKA,2006,FOOD POISIONING/ACCIDENTAL INTAKE OF INSECTICIDES ETC.,116,0,0,0,78,46,124
KARNATAKA,2006,SPURIOUS/POISIONOUS LIQUOR,18,0,0,0,13,5,18
KARNATAKA,2006,LEAKAGE OF POISINOUS GASES ETC.,38,3,0,3,29,10,39
KARNATAKA,2006,SNAKE BITE/ANIMAL BITE,655,3,4,7,422,232,654
KARNATAKA,2006,OTHER,883,1,0,1,666,231,897
KARNATAKA,2006,STAMPEDE,3,0,0,0,3,0,3
KARNATAKA,2006,SUFFOCATION,3,0,0,0,3,0,3
KARNATAKA,2006,TRAFFIC ACCIDENTS(ROAD ACCIDENTS),43280,48855,12043,60898,6890,1049,7939
KARNATAKA,2006,TRAFFIC ACCIDENTS(RAIL-ROAD ACCIDENTS),36,36,6,42,25,6,31
KARNATAKA,2006,OTHER RAILWAY ACCIDENTS,1168,0,0,0,984,185,1169
KARNATAKA,2006,OTHER,652,1,0,1,544,159,703
KARNATAKA,2006,CAUSES NOT KNOWN,2149,0,0,0,1566,573,2139
KARNATAKA,2006,TOTAL,53571,48960,12095,61055,14363,3925,18288
KARNATAKA,2006,TOTAL COLLAPSE,132,14,3,17,87,30,117
KARNATAKA,2006,TOTAL DROWNING,1732,5,7,12,1299,457,1756
KARNATAKA,2006,TOTAL EXPLOSION,13,1,0,1,7,9,16
KARNATAKA,2006,TOTAL FALLS,451,20,7,27,401,44,445
KARNATAKA,2006,TOTAL FIRE,1091,6,17,23,325,760,1085
KARNATAKA,2006,TOTAL SUDDEN DEATHS,749,2,1,3,680,71,751
KARNATAKA,2006,TOTAL POISONING,1710,7,4,11,1208,524,1732
KARNATAKA,2006,TOTAL TRAFFIC ACCIDENTS,44484,48891,12049,60940,7899,1240,9139
KARNATAKA,2007,AIR-CRASH,1,0,0,0,1,0,1
KARNATAKA,2007,COLLAPSE OF STRUCTURE(HOUSE),64,0,0,0,37,34,71
KARNATAKA,2007,COLLAPSE OF STRUCTURE(BUILDING),11,1,0,1,11,0,11
KARNATAKA,2007,COLLAPSE OF STRUCTURE(DAM),0,0,0,0,0,0,0
KARNATAKA,2007,COLLAPSE OF STRUCTURE(BRIDGE),0,0,0,0,0,0,0
KARNATAKA,2007,COLLAPSE OF STRUCTURE(OTHERS),117,0,0,0,89,28,117
KARNATAKA,2007,DROWNING(BOAT CAPSIZE),32,0,0,0,32,3,35
KARNATAKA,2007,DROWNING(OTHER),1906,63,13,76,1436,497,1933
KARNATAKA,2007,ELECTROCUTION,354,17,1,18,300,51,351
KARNATAKA,2007,EXPLOSION(BOMB EXPLOSION),0,0,0,0,0,0,0
KARNATAKA,2007,EXPLOSION(OTHER EXPLOSION LIKE BOIL,16,0,0,0,10,6,16
KARNATAKA,2007,FALLS(FALL FROM HEIGHT),472,10,3,13,419,53,472
KARNATAKA,2007,FALL INTO PIT/MANHOLE,46,0,0,0,42,2,44
KARNATAKA,2007,FACTORY/MACHINE ACCIDENTS,25,0,0,0,22,3,25
KARNATAKA,2007,FIRE(FIREWORKS/CRACKERS),0,0,0,0,0,0,0
KARNATAKA,2007,FIRE(SHORT-CIRCUIT),75,4,0,4,64,11,75
KARNATAKA,2007,GAS CYLINDER/STOVE BURST,279,6,8,14,87,205,292
KARNATAKA,2007,OTHER FIRE ACCIDENTS,1213,3,9,12,406,814,1220
KARNATAKA,2007,FIRE-ARMS,21,0,0,0,13,15,28
KARNATAKA,2007,SUDDEN DEATHS(HEART ATTACKS),568,9,0,9,502,62,564
KARNATAKA,2007,EPILEPTIC FITS/GIDDINESS,62,1,0,1,44,18,62
KARNATAKA,2007,ABORTIONS/CHILD BIRTH,17,0,0,0,0,17,17
KARNATAKA,2007,INFLUENCE OF ALCOHOL,248,2,0,2,236,15,251
KARNATAKA,2007,KILLED BY ANIMALS,61,0,0,0,43,18,61
KARNATAKA,2007,MINES OR QUARY DISASTER,8,0,0,0,5,3,8
KARNATAKA,2007,FOOD POISIONING/ACCIDENTAL INTAKE OF INSECTICIDES ETC.,51,2,0,2,45,23,68
KARNATAKA,2007,SPURIOUS/POISIONOUS LIQUOR,142,0,0,0,81,61,142
KARNATAKA,2007,LEAKAGE OF POISINOUS GASES ETC.,17,0,0,0,15,5,20
KARNATAKA,2007,SNAKE BITE/ANIMAL BITE,644,0,2,2,422,215,637
KARNATAKA,2007,OTHER,769,6,2,8,576,176,752
KARNATAKA,2007,STAMPEDE,24,0,0,0,19,5,24
KARNATAKA,2007,SUFFOCATION,1,0,0,0,1,0,1
KARNATAKA,2007,TRAFFIC ACCIDENTS(ROAD ACCIDENTS),46334,49908,11505,61413,7667,1095,8762
KARNATAKA,2007,TRAFFIC ACCIDENTS(RAIL-ROAD ACCIDENTS),29,25,0,25,15,0,15
KARNATAKA,2007,OTHER RAILWAY ACCIDENTS,1232,0,0,0,1057,175,1232
KARNATAKA,2007,OTHER,1024,7,9,16,864,194,1058
KARNATAKA,2007,CAUSES NOT KNOWN,1821,81,30,111,1542,378,1920
KARNATAKA,2007,TOTAL,57684,50145,11582,61727,16103,4182,20285
KARNATAKA,2007,TOTAL COLLAPSE,192,1,0,1,137,62,199
KARNATAKA,2007,TOTAL DROWNING,1938,63,13,76,1468,500,1968
KARNATAKA,2007,TOTAL EXPLOSION,16,0,0,0,10,6,16
KARNATAKA,2007,TOTAL FALLS,518,10,3,13,461,55,516
KARNATAKA,2007,TOTAL FIRE,1567,13,17,30,557,1030,1587
KARNATAKA,2007,TOTAL SUDDEN DEATHS,895,12,0,12,782,112,894
KARNATAKA,2007,TOTAL POISONING,1623,8,4,12,1139,480,1619
KARNATAKA,2007,TOTAL TRAFFIC ACCIDENTS,47595,49933,11505,61438,8739,1270,10009
KARNATAKA,2008,AIR-CRASH,0,0,0,0,0,0,0
KARNATAKA,2008,COLLAPSE OF STRUCTURE(HOUSE),31,2,1,3,20,17,37
KARNATAKA,2008,COLLAPSE OF STRUCTURE(BUILDING),14,7,0,7,10,4,14
KARNATAKA,2008,COLLAPSE OF STRUCTURE(DAM),1,1,0,1,6,0,6
KARNATAKA,2008,COLLAPSE OF STRUCTURE(BRIDGE),0,0,0,0,0,0,0
KARNATAKA,2008,COLLAPSE OF STRUCTURE(OTHERS),102,15,3,18,75,17,92
KARNATAKA,2008,DROWNING(BOAT CAPSIZE),29,0,0,0,29,0,29
KARNATAKA,2008,DROWNING(OTHER),2061,10,5,15,1520,624,2144
KARNATAKA,2008,ELECTROCUTION,391,11,0,11,312,76,388
KARNATAKA,2008,EXPLOSION(BOMB EXPLOSION),3,4,0,4,0,0,0
KARNATAKA,2008,EXPLOSION(OTHER EXPLOSION LIKE BOIL,10,0,0,0,2,9,11
KARNATAKA,2008,FALLS(FALL FROM HEIGHT),449,10,2,12,398,41,439
KARNATAKA,2008,FALL INTO PIT/MANHOLE,23,0,0,0,17,6,23
KARNATAKA,2008,FACTORY/MACHINE ACCIDENTS,26,0,0,0,25,1,26
KARNATAKA,2008,FIRE(FIREWORKS/CRACKERS),30,0,1,1,17,12,29
KARNATAKA,2008,FIRE(SHORT-CIRCUIT),103,1,0,1,86,16,102
KARNATAKA,2008,GAS CYLINDER/STOVE BURST,277,8,10,18,71,189,260
KARNATAKA,2008,OTHER FIRE ACCIDENTS,1204,2,5,7,408,788,1196
KARNATAKA,2008,FIRE-ARMS,8,0,0,0,5,2,7
KARNATAKA,2008,SUDDEN DEATHS(HEART ATTACKS),645,7,1,8,552,85,637
KARNATAKA,2008,EPILEPTIC FITS/GIDDINESS,63,0,0,0,51,12,63
KARNATAKA,2008,ABORTIONS/CHILD BIRTH,10,0,0,0,0,10,10
KARNATAKA,2008,INFLUENCE OF ALCOHOL,284,0,0,0,262,21,283
KARNATAKA,2008,KILLED BY ANIMALS,55,3,0,3,53,9,62
KARNATAKA,2008,MINES OR QUARY DISASTER,3,0,0,0,3,0,3
KARNATAKA,2008,FOOD POISIONING/ACCIDENTAL INTAKE OF INSECTICIDES ETC.,102,0,0,0,78,26,104
KARNATAKA,2008,SPURIOUS/POISIONOUS LIQUOR,181,0,0,0,132,56,188
KARNATAKA,2008,LEAKAGE OF POISINOUS GASES ETC.,32,0,0,0,24,8,32
KARNATAKA,2008,SNAKE BITE/ANIMAL BITE,642,5,4,9,421,237,658
KARNATAKA,2008,OTHER,908,114,9,123,683,173,856
KARNATAKA,2008,STAMPEDE,6,0,0,0,3,3,6
KARNATAKA,2008,SUFFOCATION,1,0,0,0,0,1,1
KARNATAKA,2008,TRAFFIC ACCIDENTS(ROAD ACCIDENTS),46252,51352,11929,63281,7735,1079,8814
KARNATAKA,2008,TRAFFIC ACCIDENTS(RAIL-ROAD ACCIDENTS),27,28,5,33,0,0,0
KARNATAKA,2008,OTHER RAILWAY ACCIDENTS,1411,0,0,0,1226,192,1418
KARNATAKA,2008,OTHER,1184,60,5,65,877,240,1117
KARNATAKA,2008,CAUSES NOT KNOWN,1064,0,0,0,791,283,1074
KARNATAKA,2008,TOTAL,57632,51640,11980,63620,15892,4237,20129
KARNATAKA,2008,TOTAL COLLAPSE,148,25,4,29,111,38,149
KARNATAKA,2008,TOTAL DROWNING,2090,10,5,15,1549,624,2173
KARNATAKA,2008,TOTAL EXPLOSION,13,4,0,4,2,9,11
KARNATAKA,2008,TOTAL FALLS,472,10,2,12,415,47,462
KARNATAKA,2008,TOTAL FIRE,1614,11,16,27,582,1005,1587
KARNATAKA,2008,TOTAL SUDDEN DEATHS,1002,7,1,8,865,128,993
KARNATAKA,2008,TOTAL POISONING,1865,119,13,132,1338,500,1838
KARNATAKA,2008,TOTAL TRAFFIC ACCIDENTS,47690,51380,11934,63314,8961,1271,10232
KARNATAKA,2009,AIR-CRASH,1,0,0,0,1,0,1
KARNATAKA,2009,COLLAPSE OF STRUCTURE(HOUSE),142,5,3,8,75,71,146
KARNATAKA,2009,COLLAPSE OF STRUCTURE(BUILDING),20,1,0,1,13,4,17
KARNATAKA,2009,COLLAPSE OF STRUCTURE(DAM),0,0,0,0,0,0,0
KARNATAKA,2009,COLLAPSE OF STRUCTURE(BRIDGE),0,0,0,0,0,0,0
KARNATAKA,2009,COLLAPSE OF STRUCTURE(OTHERS),113,0,0,0,99,20,119
KARNATAKA,2009,DROWNING(BOAT CAPSIZE),36,0,0,0,44,7,51
KARNATAKA,2009,DROWNING(OTHER),1890,3,3,6,1422,541,1963
KARNATAKA,2009,ELECTROCUTION,372,9,2,11,312,53,365
KARNATAKA,2009,EXPLOSION(BOMB EXPLOSION),0,0,0,0,0,0,0
KARNATAKA,2009,EXPLOSION(OTHER EXPLOSION LIKE BOIL,11,3,0,3,7,2,9
KARNATAKA,2009,FALLS(FALL FROM HEIGHT),447,6,4,10,406,36,442
KARNATAKA,2009,FALL INTO PIT/MANHOLE,31,3,1,4,26,2,28
KARNATAKA,2009,FACTORY/MACHINE ACCIDENTS,36,4,0,4,30,2,32
KARNATAKA,2009,FIRE(FIREWORKS/CRACKERS),12,0,0,0,8,4,12
KARNATAKA,2009,FIRE(SHORT-CIRCUIT),128,0,2,2,109,17,126
KARNATAKA,2009,GAS CYLINDER/STOVE BURST,374,21,13,34,117,224,341
KARNATAKA,2009,OTHER FIRE ACCIDENTS,1153,6,13,19,349,797,1146
KARNATAKA,2009,FIRE-ARMS,18,0,0,0,8,10,18
KARNATAKA,2009,SUDDEN DEATHS(HEART ATTACKS),613,5,0,5,557,52,609
KARNATAKA,2009,EPILEPTIC FITS/GIDDINESS,182,0,0,0,159,24,183
KARNATAKA,2009,ABORTIONS/CHILD BIRTH,15,0,0,0,0,15,15
KARNATAKA,2009,INFLUENCE OF ALCOHOL,264,6,0,6,249,9,258
KARNATAKA,2009,KILLED BY ANIMALS,54,5,0,5,43,7,50
KARNATAKA,2009,MINES OR QUARY DISASTER,1,0,0,0,1,0,1
KARNATAKA,2009,FOOD POISIONING/ACCIDENTAL INTAKE OF INSECTICIDES ETC.,175,4,1,5,104,77,181
KARNATAKA,2009,SPURIOUS/POISIONOUS LIQUOR,182,2,0,2,118,62,180
KARNATAKA,2009,LEAKAGE OF POISINOUS GASES ETC.,13,0,0,0,10,3,13
KARNATAKA,2009,SNAKE BITE/ANIMAL BITE,720,0,1,1,447,275,722
KARNATAKA,2009,OTHER,1282,13,4,17,1022,373,1395
KARNATAKA,2009,STAMPEDE,18,4,2,6,8,4,12
KARNATAKA,2009,SUFFOCATION,0,0,0,0,0,0,0
KARNATAKA,2009,TRAFFIC ACCIDENTS(ROAD ACCIDENTS),45190,50346,11351,61697,7547,1167,8714
KARNATAKA,2009,TRAFFIC ACCIDENTS(RAIL-ROAD ACCIDENTS),0,0,0,0,0,0,0
KARNATAKA,2009,OTHER RAILWAY ACCIDENTS,1441,0,0,0,1221,228,1449
KARNATAKA,2009,OTHER,1105,52,26,78,764,258,1022
KARNATAKA,2009,CAUSES NOT KNOWN,1151,34,32,66,853,272,1125
KARNATAKA,2009,TOTAL,57190,50532,11458,61990,16129,4616,20745
KARNATAKA,2009,TOTAL COLLAPSE,275,6,3,9,187,95,282
KARNATAKA,2009,TOTAL DROWNING,1926,3,3,6,1466,548,2014
KARNATAKA,2009,TOTAL EXPLOSION,11,3,0,3,7,2,9
KARNATAKA,2009,TOTAL FALLS,478,9,5,14,432,38,470
KARNATAKA,2009,TOTAL FIRE,1667,27,28,55,583,1042,1625
KARNATAKA,2009,TOTAL SUDDEN DEATHS,1074,11,0,11,965,100,1065
KARNATAKA,2009,TOTAL POISONING,2372,19,6,25,1701,790,2491
KARNATAKA,2009,TOTAL TRAFFIC ACCIDENTS,46631,50346,11351,61697,8768,1395,10163
KARNATAKA,2010,AIR-CRASH,0,0,0,0,0,0,0
KARNATAKA,2010,COLLAPSE OF STRUCTURE(HOUSE),33,2,2,4,22,13,35
KARNATAKA,2010,COLLAPSE OF STRUCTURE(BUILDING),11,17,5,22,24,12,36
KARNATAKA,2010,COLLAPSE OF STRUCTURE(DAM),0,0,0,0,0,0,0
KARNATAKA,2010,COLLAPSE OF STRUCTURE(BRIDGE),1,0,0,0,1,0,1
KARNATAKA,2010,COLLAPSE OF STRUCTURE(OTHERS),99,8,1,9,81,21,102
KARNATAKA,2010,DROWNING(BOAT CAPSIZE),81,0,0,0,10,0,10
KARNATAKA,2010,DROWNING(OTHER),1980,6,2,8,1627,504,2131
KARNATAKA,2010,ELECTROCUTION,342,4,0,4,288,61,349
KARNATAKA,2010,EXPLOSION(BOMB EXPLOSION),1,2,0,2,0,0,0
KARNATAKA,2010,EXPLOSION(OTHER EXPLOSION LIKE BOIL,23,2,1,3,4,5,9
KARNATAKA,2010,FALLS(FALL FROM HEIGHT),495,8,2,10,383,77,460
KARNATAKA,2010,FALL INTO PIT/MANHOLE,36,1,0,1,31,5,36
KARNATAKA,2010,FACTORY/MACHINE ACCIDENTS,35,12,0,12,27,3,30
KARNATAKA,2010,FIRE(FIREWORKS/CRACKERS),17,3,4,7,9,4,13
KARNATAKA,2010,FIRE(SHORT-CIRCUIT),78,6,1,7,60,6,66
KARNATAKA,2010,GAS CYLINDER/STOVE BURST,410,4,8,12,88,296,384
KARNATAKA,2010,OTHER FIRE ACCIDENTS,1067,6,3,9,342,746,1088
KARNATAKA,2010,FIRE-ARMS,24,1,0,1,13,12,25
KARNATAKA,2010,SUDDEN DEATHS(HEART ATTACKS),521,0,0,0,475,48,523
KARNATAKA,2010,EPILEPTIC FITS/GIDDINESS,92,0,0,0,73,19,92
KARNATAKA,2010,ABORTIONS/CHILD BIRTH,16,0,0,0,0,9,9
KARNATAKA,2010,INFLUENCE OF ALCOHOL,325,0,0,0,311,14,325
KARNATAKA,2010,KILLED BY ANIMALS,50,1,1,2,51,9,60
KARNATAKA,2010,MINES OR QUARY DISASTER,6,0,0,0,1,0,1
KARNATAKA,2010,FOOD POISIONING/ACCIDENTAL INTAKE OF INSECTICIDES ETC.,168,0,0,0,117,56,173
KARNATAKA,2010,SPURIOUS/POISIONOUS LIQUOR,235,0,0,0,162,73,235
KARNATAKA,2010,LEAKAGE OF POISINOUS GASES ETC.,38,0,0,0,30,8,38
KARNATAKA,2010,SNAKE BITE/ANIMAL BITE,805,3,3,6,554,288,842
KARNATAKA,2010,OTHER,1407,25,6,31,981,458,1439
KARNATAKA,2010,STAMPEDE,5,0,0,0,5,0,5
KARNATAKA,2010,SUFFOCATION,15,0,0,0,14,1,15
KARNATAKA,2010,TRAFFIC ACCIDENTS(ROAD ACCIDENTS),46220,50962,10778,61740,8225,1349,9574
KARNATAKA,2010,TRAFFIC ACCIDENTS(RAIL-ROAD ACCIDENTS),30,24,10,34,15,1,16
KARNATAKA,2010,OTHER RAILWAY ACCIDENTS,1555,0,0,0,1316,252,1568
KARNATAKA,2010,OTHER,1636,127,30,157,1250,421,1671
KARNATAKA,2010,CAUSES NOT KNOWN,1206,3,2,5,1029,253,1282
KARNATAKA,2010,TOTAL,59063,51227,10859,62086,17619,5024,22643
KARNATAKA,2010,TOTAL COLLAPSE,144,27,8,35,128,46,174
KARNATAKA,2010,TOTAL DROWNING,2061,6,2,8,1637,504,2141
KARNATAKA,2010,TOTAL EXPLOSION,24,4,1,5,4,5,9
KARNATAKA,2010,TOTAL FALLS,531,9,2,11,414,82,496
KARNATAKA,2010,TOTAL FIRE,1572,19,16,35,499,1052,1551
KARNATAKA,2010,TOTAL SUDDEN DEATHS,954,0,0,0,859,90,949
KARNATAKA,2010,TOTAL POISONING,2653,28,9,37,1844,883,2727
KARNATAKA,2010,TOTAL TRAFFIC ACCIDENTS,47805,50986,10788,61774,9556,1602,11158
KARNATAKA,2011,AIR-CRASH,0,0,0,0,0,0,0
KARNATAKA,2011,COLLAPSE OF STRUCTURE(HOUSE),17,0,0,0,11,7,18
KARNATAKA,2011,COLLAPSE OF STRUCTURE(BUILDING),7,2,0,2,6,3,9
KARNATAKA,2011,COLLAPSE OF STRUCTURE(DAM),0,0,0,0,0,0,0
KARNATAKA,2011,COLLAPSE OF STRUCTURE(BRIDGE),0,0,0,0,0,0,0
KARNATAKA,2011,COLLAPSE OF STRUCTURE(OTHERS),116,2,0,2,89,26,115
KARNATAKA,2011,DROWNING(BOAT CAPSIZE),31,1,0,1,13,3,16
KARNATAKA,2011,DROWNING(OTHER),1979,23,7,30,1580,497,2077
KARNATAKA,2011,ELECTROCUTION,397,8,3,11,340,65,405
KARNATAKA,2011,EXPLOSION(BOMB EXPLOSION),0,0,0,0,0,0,0
KARNATAKA,2011,EXPLOSION(OTHER EXPLOSION LIKE BOIL,6,0,0,0,7,2,9
KARNATAKA,2011,FALLS(FALL FROM HEIGHT),484,28,10,38,446,63,509
KARNATAKA,2011,FALL INTO PIT/MANHOLE,14,7,2,9,22,3,25
KARNATAKA,2011,FACTORY/MACHINE ACCIDENTS,64,51,1,52,39,5,44
KARNATAKA,2011,FIRE(FIREWORKS/CRACKERS),1,1,0,1,4,1,5
KARNATAKA,2011,FIRE(SHORT-CIRCUIT),34,4,0,4,34,8,42
KARNATAKA,2011,GAS CYLINDER/STOVE BURST,355,6,4,10,96,290,386
KARNATAKA,2011,OTHER FIRE ACCIDENTS,1203,25,23,48,482,877,1359
KARNATAKA,2011,FIRE-ARMS,17,5,4,9,20,11,31
KARNATAKA,2011,SUDDEN DEATHS(HEART ATTACKS),617,7,7,14,553,91,644
KARNATAKA,2011,EPILEPTIC FITS/GIDDINESS,114,4,10,14,106,33,139
KARNATAKA,2011,ABORTIONS/CHILD BIRTH,12,0,0,0,0,12,12
KARNATAKA,2011,INFLUENCE OF ALCOHOL,268,3,10,13,268,36,304
KARNATAKA,2011,KILLED BY ANIMALS,51,1,4,5,63,3,66
KARNATAKA,2011,MINES OR QUARY DISASTER,3,0,0,0,4,0,4
KARNATAKA,2011,FOOD POISIONING/ACCIDENTAL INTAKE OF INSECTICIDES ETC.,269,2,4,6,190,71,261
KARNATAKA,2011,SPURIOUS/POISIONOUS LIQUOR,155,2,7,9,128,56,184
KARNATAKA,2011,LEAKAGE OF POISINOUS GASES ETC.,24,0,0,0,20,4,24
KARNATAKA,2011,SNAKE BITE/ANIMAL BITE,876,3,2,5,572,308,880
KARNATAKA,2011,OTHER,1370,32,9,41,1108,329,1437
KARNATAKA,2011,STAMPEDE,13,11,12,23,4,0,4
KARNATAKA,2011,SUFFOCATION,13,0,1,1,12,7,19
KARNATAKA,2011,TRAFFIC ACCIDENTS(ROAD ACCIDENTS),44696,48308,11255,59563,7756,1202,8958
KARNATAKA,2011,TRAFFIC ACCIDENTS(RAIL-ROAD ACCIDENTS),28,26,2,28,12,1,13
KARNATAKA,2011,OTHER RAILWAY ACCIDENTS,1648,0,0,0,1422,244,1666
KARNATAKA,2011,OTHER,1250,102,105,207,1322,352,1674
KARNATAKA,2011,CAUSES NOT KNOWN,1081,75,72,147,1011,295,1306
KARNATAKA,2011,TOTAL,57213,48739,11554,60293,17740,4905,22645
KARNATAKA,2011,TOTAL COLLAPSE,140,4,0,4,106,36,142
KARNATAKA,2011,TOTAL DROWNING,2010,24,7,31,1593,500,2093
KARNATAKA,2011,TOTAL EXPLOSION,6,0,0,0,7,2,9
KARNATAKA,2011,TOTAL FALLS,498,35,12,47,468,66,534
KARNATAKA,2011,TOTAL FIRE,1593,36,27,63,616,1176,1792
KARNATAKA,2011,TOTAL SUDDEN DEATHS,1011,14,27,41,927,172,1099
KARNATAKA,2011,TOTAL POISONING,2694,39,22,61,2018,768,2786
KARNATAKA,2011,TOTAL TRAFFIC ACCIDENTS,46372,48334,11257,59591,9190,1447,10637
KARNATAKA,2012,AIR-CRASH,0,0,0,0,0,0,0
KARNATAKA,2012,COLLAPSE OF STRUCTURE(HOUSE),18,0,0,0,14,6,20
KARNATAKA,2012,COLLAPSE OF STRUCTURE(BUILDING),17,0,0,0,16,2,18
KARNATAKA,2012,COLLAPSE OF STRUCTURE(DAM),0,0,0,0,0,0,0
KARNATAKA,2012,COLLAPSE OF STRUCTURE(BRIDGE),1,0,0,0,1,0,1
KARNATAKA,2012,COLLAPSE OF STRUCTURE(OTHERS),85,8,3,11,83,8,91
KARNATAKA,2012,DROWNING(BOAT CAPSIZE),23,0,0,0,28,0,28
KARNATAKA,2012,DROWNING(OTHER),1660,2,1,3,1341,374,1715
KARNATAKA,2012,ELECTROCUTION,356,0,0,0,311,46,357
KARNATAKA,2012,EXPLOSION(BOMB EXPLOSION),0,0,0,0,0,0,0
KARNATAKA,2012,EXPLOSION(OTHER EXPLOSION LIKE BOIL,9,0,0,0,6,3,9
KARNATAKA,2012,FALLS(FALL FROM HEIGHT),499,1,1,2,456,51,507
KARNATAKA,2012,FALL INTO PIT/MANHOLE,10,0,0,0,9,1,10
KARNATAKA,2012,FACTORY/MACHINE ACCIDENTS,46,24,0,24,38,1,39
KARNATAKA,2012,FIRE(FIREWORKS/CRACKERS),0,0,0,0,0,0,0
KARNATAKA,2012,FIRE(SHORT-CIRCUIT),71,2,1,3,61,7,68
KARNATAKA,2012,GAS CYLINDER/STOVE BURST,368,0,0,0,100,278,378
KARNATAKA,2012,OTHER FIRE ACCIDENTS,990,4,3,7,340,721,1061
KARNATAKA,2012,FIRE-ARMS,4,0,0,0,5,0,5
KARNATAKA,2012,SUDDEN DEATHS(HEART ATTACKS),652,0,0,0,582,71,653
KARNATAKA,2012,EPILEPTIC FITS/GIDDINESS,148,0,0,0,131,20,151
KARNATAKA,2012,ABORTIONS/CHILD BIRTH,13,0,0,0,0,13,13
KARNATAKA,2012,INFLUENCE OF ALCOHOL,414,0,0,0,404,11,415
KARNATAKA,2012,KILLED BY ANIMALS,45,1,0,1,39,5,44
KARNATAKA,2012,MINES OR QUARY DISASTER,9,8,0,8,8,0,8
KARNATAKA,2012,FOOD POISIONING/ACCIDENTAL INTAKE OF INSECTICIDES ETC.,177,2,0,2,130,56,186
KARNATAKA,2012,SPURIOUS/POISIONOUS LIQUOR,188,0,0,0,146,65,211
KARNATAKA,2012,LEAKAGE OF POISINOUS GASES ETC.,21,0,0,0,20,6,26
KARNATAKA,2012,SNAKE BITE/ANIMAL BITE,652,2,0,2,406,262,668
KARNATAKA,2012,OTHER,1138,12,3,15,864,270,1134
KARNATAKA,2012,STAMPEDE,9,0,0,0,7,2,9
KARNATAKA,2012,SUFFOCATION,0,0,0,0,0,0,0
KARNATAKA,2012,TRAFFIC ACCIDENTS(ROAD ACCIDENTS),44448,47614,11045,58659,8067,1381,9448
KARNATAKA,2012,TRAFFIC ACCIDENTS(RAIL-ROAD ACCIDENTS),0,0,0,0,0,0,0
KARNATAKA,2012,OTHER RAILWAY ACCIDENTS,1679,0,0,0,1195,167,1362
KARNATAKA,2012,OTHER,1667,578,114,692,1301,434,1735
KARNATAKA,2012,CAUSES NOT KNOWN,3344,0,0,0,1366,594,1960
KARNATAKA,2012,TOTAL,58761,48258,11171,59429,17475,4855,22330
KARNATAKA,2012,TOTAL COLLAPSE,121,8,3,11,114,16,130
KARNATAKA,2012,TOTAL DROWNING,1683,2,1,3,1369,374,1743
KARNATAKA,2012,TOTAL EXPLOSION,9,0,0,0,6,3,9
KARNATAKA,2012,TOTAL FALLS,509,1,1,2,465,52,517
KARNATAKA,2012,TOTAL FIRE,1429,6,4,10,501,1006,1507
KARNATAKA,2012,TOTAL SUDDEN DEATHS,1227,0,0,0,1117,115,1232
KARNATAKA,2012,TOTAL POISONING,2176,16,3,19,1566,659,2225
KARNATAKA,2012,TOTAL TRAFFIC ACCIDENTS,46127,47614,11045,58659,9262,1548,10810
KERALA,2001,AIR-CRASH,0,0,0,0,0,0,0
KERALA,2001,COLLAPSE OF STRUCTURE(HOUSE),26,10,3,13,16,6,22
KERALA,2001,COLLAPSE OF STRUCTURE(BUILDING),27,18,10,28,19,6,25
KERALA,2001,COLLAPSE OF STRUCTURE(DAM),0,0,0,0,0,0,0
KERALA,2001,COLLAPSE OF STRUCTURE(BRIDGE),0,0,0,0,0,0,0
KERALA,2001,COLLAPSE OF STRUCTURE(OTHERS),27,2,0,2,23,4,27
KERALA,2001,DROWNING(BOAT CAPSIZE),11,4,3,7,7,4,11
KERALA,2001,DROWNING(OTHER),1181,18,8,26,922,291,1213
KERALA,2001,ELECTROCUTION,164,1,1,2,134,38,172
KERALA,2001,EXPLOSION(BOMB EXPLOSION),0,0,0,0,0,0,0
KERALA,2001,EXPLOSION(OTHER EXPLOSION LIKE BOILERS,,5,1,2,3,2,3,5
KERALA,2001,FALLS(FALL FROM HEIGHT),316,5,2,7,298,25,323
KERALA,2001,FALL INTO PIT/MANHOLE,32,0,0,0,25,7,32
KERALA,2001,FACTORY/MACHINE ACCIDENTS,18,2,0,2,14,4,18
KERALA,2001,FIRE(FIREWORKS/CRACKERS),9,8,5,13,10,2,12
KERALA,2001,FIRE(SHORT-CIRCUIT),9,0,0,0,6,3,9
KERALA,2001,GAS CYLINDER/STOVE BURST,35,1,3,4,5,30,35
KERALA,2001,OTHER FIRE ACCIDENTS,271,4,9,13,95,176,271
KERALA,2001,FIRE-ARMS,0,0,0,0,0,0,0
KERALA,2001,SUDDEN DEATHS(HEART ATTACKS),465,0,0,0,397,68,465
KERALA,2001,EPILEPTIC FITS/GIDDINESS,37,2,1,3,36,8,44
KERALA,2001,ABORTIONS/CHILD BIRTH,13,0,0,0,0,13,13
KERALA,2001,INFLUENCE OF ALCOHOL,22,0,0,0,22,0,22
KERALA,2001,KILLED BY ANIMALS,30,0,0,0,26,5,31
KERALA,2001,MINES OR QUARY DISASTER,16,3,2,5,16,3,19
KERALA,2001,FOOD POISIONING/ACCIDENTAL INTAKE OF INSECTICIDES ETC.,49,3,3,6,48,8,56
KERALA,2001,SPURIOUS/POISIONOUS LIQUOR,0,0,0,0,0,0,0
KERALA,2001,LEAKAGE OF POISINOUS GASES ETC.,0,0,0,0,0,0,0
KERALA,2001,SNAKE BITE/ANIMAL BITE,28,0,0,0,17,11,28
KERALA,2001,OTHER,110,10,5,15,85,26,111
KERALA,2001,STAMPEDE,0,0,0,0,0,0,0
KERALA,2001,SUFFOCATION,11,0,0,0,9,3,12
KERALA,2001,TRAFFIC ACCIDENTS(ROAD ACCIDENTS),36439,37073,9410,46483,2259,448,2707
KERALA,2001,TRAFFIC ACCIDENTS(RAIL-ROAD ACCIDENTS),13,7,0,7,5,4,9
KERALA,2001,OTHER RAILWAY ACCIDENTS,282,198,58,256,288,50,338
KERALA,2001,OTHER,408,0,0,0,314,104,418
KERALA,2001,CAUSES NOT KNOWN,134,1,1,2,114,24,138
KERALA,2001,TOTAL,40188,37371,9526,46897,5212,1374,6586
KERALA,2001,TOTAL COLLAPSE,80,30,13,43,58,16,74
KERALA,2001,TOTAL DROWNING,1192,22,11,33,929,295,1224
KERALA,2001,TOTAL EXPLOSION,5,1,2,3,2,3,5
KERALA,2001,TOTAL FALLS,348,5,2,7,323,32,355
KERALA,2001,TOTAL FIRE,324,13,17,30,116,211,327
KERALA,2001,TOTAL SUDDEN DEATHS,537,2,1,3,455,89,544
KERALA,2001,TOTAL POISONING,187,13,8,21,150,45,195
KERALA,2001,TOTAL TRAFFIC ACCIDENTS,36734,37278,9468,46746,2552,502,3054
KERALA,2002,AIR-CRASH,0,0,0,0,0,0,0
KERALA,2002,COLLAPSE OF STRUCTURE(HOUSE),12,1,1,2,12,0,12
KERALA,2002,COLLAPSE OF STRUCTURE(BUILDING),23,4,3,7,18,5,23
KERALA,2002,COLLAPSE OF STRUCTURE(DAM),0,0,0,0,0,0,0
KERALA,2002,COLLAPSE OF STRUCTURE(BRIDGE),0,0,0,0,0,0,0
KERALA,2002,COLLAPSE OF STRUCTURE(OTHERS),19,2,4,6,19,4,23
KERALA,2002,DROWNING(BOAT CAPSIZE),24,0,0,0,35,17,52
KERALA,2002,DROWNING(OTHER),1160,4,2,6,907,289,1196
KERALA,2002,ELECTROCUTION,130,0,0,0,111,19,130
KERALA,2002,EXPLOSION(BOMB EXPLOSION),0,0,0,0,0,0,0
KERALA,2002,EXPLOSION(OTHER EXPLOSION LIKE BOILERS, GAS CYLINDER ETC.),8,1,0,1,8,1,9
KERALA,2002,FALLS(FALL FROM HEIGHT),371,1,0,1,356,18,374
KERALA,2002,FALL INTO PIT/MANHOLE,45,0,1,1,46,5,51
KERALA,2002,FACTORY/MACHINE ACCIDENTS,19,4,0,4,18,1,19
KERALA,2002,FIRE(FIREWORKS/CRACKERS),5,1,0,1,9,1,10
KERALA,2002,FIRE(SHORT-CIRCUIT),4,0,0,0,3,1,4
KERALA,2002,GAS CYLINDER/STOVE BURST,50,0,0,0,12,40,52
KERALA,2002,OTHER FIRE ACCIDENTS,143,1,0,1,39,109,148
KERALA,2002,FIRE-ARMS,2,1,0,1,1,0,1
KERALA,2002,SUDDEN DEATHS(HEART ATTACKS),544,0,0,0,487,56,543
KERALA,2002,EPILEPTIC FITS/GIDDINESS,34,0,0,0,25,11,36
KERALA,2002,ABORTIONS/CHILD BIRTH,8,0,0,0,0,8,8
KERALA,2002,INFLUENCE OF ALCOHOL,53,0,0,0,53,0,53
KERALA,2002,KILLED BY ANIMALS,22,0,0,0,17,5,22
KERALA,2002,MINES OR QUARY DISASTER,4,0,0,0,3,1,4
KERALA,2002,FOOD POISIONING/ACCIDENTAL INTAKE OF INSECTICIDES ETC.,4,0,0,0,3,2,5
KERALA,2002,SPURIOUS/POISIONOUS LIQUOR,1,0,0,0,0,1,1
KERALA,2002,LEAKAGE OF POISINOUS GASES ETC.,2,0,0,0,4,0,4
KERALA,2002,SNAKE BITE/ANIMAL BITE,22,0,0,0,12,10,22
KERALA,2002,OTHER,115,0,0,0,86,29,115
KERALA,2002,STAMPEDE,0,0,0,0,0,0,0
KERALA,2002,SUFFOCATION,15,0,0,0,12,3,15
KERALA,2002,TRAFFIC ACCIDENTS(ROAD ACCIDENTS),34534,33286,10150,43436,2476,397,2873
KERALA,2002,TRAFFIC ACCIDENTS(RAIL-ROAD ACCIDENTS),50,1,0,1,43,7,50
KERALA,2002,OTHER RAILWAY ACCIDENTS,316,1,0,1,278,40,318
KERALA,2002,OTHER,545,12,9,21,442,104,546
KERALA,2002,CAUSES NOT KNOWN,101,0,0,0,82,19,101
KERALA,2002,TOTAL,38385,33320,10170,43490,5617,1203,6820
KERALA,2002,TOTAL COLLAPSE,54,7,8,15,49,9,58
KERALA,2002,TOTAL DROWNING,1184,4,2,6,942,306,1248
KERALA,2002,TOTAL EXPLOSION,8,1,0,1,8,1,9
KERALA,2002,TOTAL FALLS,416,1,1,2,402,23,425
KERALA,2002,TOTAL FIRE,202,2,0,2,63,151,214
KERALA,2002,TOTAL SUDDEN DEATHS,639,0,0,0,565,75,640
KERALA,2002,TOTAL POISONING,144,0,0,0,105,42,147
KERALA,2002,TOTAL TRAFFIC ACCIDENTS,34900,33288,10150,43438,2797,444,3241
KERALA,2003,AIR-CRASH,0,0,0,0,0,0,0
KERALA,2003,COLLAPSE OF STRUCTURE(HOUSE),12,0,0,0,8,4,12
KERALA,2003,COLLAPSE OF STRUCTURE(BUILDING),10,0,0,0,11,0,11
KERALA,2003,COLLAPSE OF STRUCTURE(DAM),0,0,0,0,0,0,0
KERALA,2003,COLLAPSE OF STRUCTURE(BRIDGE),1,0,0,0,1,0,1
KERALA,2003,COLLAPSE OF STRUCTURE(OTHERS),28,0,0,0,29,4,33
KERALA,2003,DROWNING(BOAT CAPSIZE),23,0,0,0,28,0,28
KERALA,2003,DROWNING(OTHER),1088,11,2,13,856,256,1112
KERALA,2003,ELECTROCUTION,153,4,0,4,132,21,153
KERALA,2003,EXPLOSION(BOMB EXPLOSION),1,0,0,0,0,0,0
KERALA,2003,EXPLOSION(OTHER EXPLOSION LIKE BOILERS,,8,1,0,1,9,0,9
KERALA,2003,FALLS(FALL FROM HEIGHT),411,7,2,9,390,25,415
KERALA,2003,FALL INTO PIT/MANHOLE,67,2,1,3,52,16,68
KERALA,2003,FACTORY/MACHINE ACCIDENTS,11,0,0,0,9,3,12
KERALA,2003,FIRE(FIREWORKS/CRACKERS),8,8,0,8,9,0,9
KERALA,2003,FIRE(SHORT-CIRCUIT),11,2,0,2,10,0,10
KERALA,2003,GAS CYLINDER/STOVE BURST,21,0,0,0,3,18,21
KERALA,2003,OTHER FIRE ACCIDENTS,175,3,3,6,57,122,179
KERALA,2003,FIRE-ARMS,1,0,0,0,1,0,1
KERALA,2003,SUDDEN DEATHS(HEART ATTACKS),580,0,0,0,526,56,582
KERALA,2003,EPILEPTIC FITS/GIDDINESS,46,0,0,0,37,11,48
KERALA,2003,ABORTIONS/CHILD BIRTH,5,0,0,0,0,5,5
KERALA,2003,INFLUENCE OF ALCOHOL,48,0,1,1,47,0,47
KERALA,2003,KILLED BY ANIMALS,31,1,0,1,27,4,31
KERALA,2003,MINES OR QUARY DISASTER,10,1,0,1,9,1,10
KERALA,2003,FOOD POISIONING/ACCIDENTAL INTAKE OF INSECTICIDES ETC.,7,0,0,0,5,2,7
KERALA,2003,SPURIOUS/POISIONOUS LIQUOR,3,0,0,0,2,1,3
KERALA,2003,LEAKAGE OF POISINOUS GASES ETC.,3,0,0,0,2,1,3
KERALA,2003,SNAKE BITE/ANIMAL BITE,34,0,0,0,24,10,34
KERALA,2003,OTHER,125,6,0,6,92,33,125
KERALA,2003,STAMPEDE,1,0,0,0,1,0,1
KERALA,2003,SUFFOCATION,22,0,0,0,15,7,22
KERALA,2003,TRAFFIC ACCIDENTS(ROAD ACCIDENTS),31947,30620,8609,39229,2466,468,2934
KERALA,2003,TRAFFIC ACCIDENTS(RAIL-ROAD ACCIDENTS),47,0,0,0,38,9,47
KERALA,2003,OTHER RAILWAY ACCIDENTS,156,0,0,0,122,35,157
KERALA,2003,OTHER,597,19,9,28,485,117,602
KERALA,2003,CAUSES NOT KNOWN,171,0,0,0,142,32,174
KERALA,2003,TOTAL,35862,30685,8627,39312,5645,1261,6906
KERALA,2003,TOTAL COLLAPSE,51,0,0,0,49,8,57
KERALA,2003,TOTAL DROWNING,1111,11,2,13,884,256,1140
KERALA,2003,TOTAL EXPLOSION,9,1,0,1,9,0,9
KERALA,2003,TOTAL FALLS,478,9,3,12,442,41,483
KERALA,2003,TOTAL FIRE,215,13,3,16,79,140,219
KERALA,2003,TOTAL SUDDEN DEATHS,679,0,1,1,610,72,682
KERALA,2003,TOTAL POISONING,172,6,0,6,125,47,172
KERALA,2003,TOTAL TRAFFIC ACCIDENTS,32150,30620,8609,39229,2626,512,3138
KERALA,2004,AIR-CRASH,0,0,0,0,0,0,0
KERALA,2004,COLLAPSE OF STRUCTURE(HOUSE),7,1,0,1,5,2,7
KERALA,2004,COLLAPSE OF STRUCTURE(BUILDING),12,4,0,4,14,0,14
KERALA,2004,COLLAPSE OF STRUCTURE(DAM),1,0,0,0,4,1,5
KERALA,2004,COLLAPSE OF STRUCTURE(BRIDGE),4,5,0,5,9,0,9
KERALA,2004,COLLAPSE OF STRUCTURE(OTHERS),34,2,0,2,36,4,40
KERALA,2004,DROWNING(BOAT CAPSIZE),15,0,0,0,15,3,18
KERALA,2004,DROWNING(OTHER),1304,14,5,19,1050,284,1334
KERALA,2004,ELECTROCUTION,158,2,0,2,130,27,157
KERALA,2004,EXPLOSION(BOMB EXPLOSION),0,0,0,0,0,0,0
KERALA,2004,EXPLOSION(OTHER EXPLOSION LIKE BOILERS,,6,0,0,0,5,1,6
KERALA,2004,FALLS(FALL FROM HEIGHT),473,13,7,20,448,25,473
KERALA,2004,FALL INTO PIT/MANHOLE,62,2,0,2,52,10,62
KERALA,2004,FACTORY/MACHINE ACCIDENTS,7,0,0,0,7,0,7
KERALA,2004,FIRE(FIREWORKS/CRACKERS),4,2,1,3,4,0,4
KERALA,2004,FIRE(SHORT-CIRCUIT),16,0,0,0,11,5,16
KERALA,2004,GAS CYLINDER/STOVE BURST,23,0,3,3,4,20,24
KERALA,2004,OTHER FIRE ACCIDENTS,195,0,0,0,57,141,198
KERALA,2004,FIRE-ARMS,0,0,0,0,0,0,0
KERALA,2004,SUDDEN DEATHS(HEART ATTACKS),688,0,0,0,630,58,688
KERALA,2004,EPILEPTIC FITS/GIDDINESS,61,0,0,0,48,13,61
KERALA,2004,ABORTIONS/CHILD BIRTH,11,0,0,0,0,11,11
KERALA,2004,INFLUENCE OF ALCOHOL,68,6,0,6,68,0,68
KERALA,2004,KILLED BY ANIMALS,28,0,0,0,24,4,28
KERALA,2004,MINES OR QUARY DISASTER,7,0,0,0,6,1,7
KERALA,2004,FOOD POISIONING/ACCIDENTAL INTAKE OF INSECTICIDES ETC.,26,0,0,0,16,10,26
KERALA,2004,SPURIOUS/POISIONOUS LIQUOR,1,13,0,13,3,0,3
KERALA,2004,LEAKAGE OF POISINOUS GASES ETC.,0,0,0,0,0,0,0
KERALA,2004,SNAKE BITE/ANIMAL BITE,29,1,0,1,23,5,28
KERALA,2004,OTHER,144,2,4,6,114,26,140
KERALA,2004,STAMPEDE,2,0,0,0,2,0,2
KERALA,2004,SUFFOCATION,10,0,0,0,9,3,12
KERALA,2004,TRAFFIC ACCIDENTS(ROAD ACCIDENTS),41103,38851,11974,50825,2678,476,3154
KERALA,2004,TRAFFIC ACCIDENTS(RAIL-ROAD ACCIDENTS),17,0,0,0,15,3,18
KERALA,2004,OTHER RAILWAY ACCIDENTS,261,6,3,9,212,43,255
KERALA,2004,OTHER,633,3,0,3,511,124,635
KERALA,2004,CAUSES NOT KNOWN,227,13,1,14,177,46,223
KERALA,2004,TOTAL,45637,38940,11998,50938,6387,1346,7733
KERALA,2004,TOTAL COLLAPSE,58,12,0,12,68,7,75
KERALA,2004,TOTAL DROWNING,1319,14,5,19,1065,287,1352
KERALA,2004,TOTAL EXPLOSION,6,0,0,0,5,1,6
KERALA,2004,TOTAL FALLS,535,15,7,22,500,35,535
KERALA,2004,TOTAL FIRE,238,2,4,6,76,166,242
KERALA,2004,TOTAL SUDDEN DEATHS,828,6,0,6,746,82,828
KERALA,2004,TOTAL POISONING,200,16,4,20,156,41,197
KERALA,2004,TOTAL TRAFFIC ACCIDENTS,41381,38857,11977,50834,2905,522,3427
KERALA,2005,AIR-CRASH,0,0,0,0,0,0,0
KERALA,2005,COLLAPSE OF STRUCTURE(HOUSE),11,0,0,0,11,1,12
KERALA,2005,COLLAPSE OF STRUCTURE(BUILDING),16,2,0,2,16,1,17
KERALA,2005,COLLAPSE OF STRUCTURE(DAM),0,0,0,0,0,0,0
KERALA,2005,COLLAPSE OF STRUCTURE(BRIDGE),0,0,0,0,0,0,0
KERALA,2005,COLLAPSE OF STRUCTURE(OTHERS),20,0,0,0,25,4,29
KERALA,2005,DROWNING(BOAT CAPSIZE),20,0,0,0,16,4,20
KERALA,2005,DROWNING(OTHER),1446,0,0,0,1195,301,1496
KERALA,2005,ELECTROCUTION,200,2,0,2,175,30,205
KERALA,2005,EXPLOSION(BOMB EXPLOSION),0,0,0,0,0,0,0
KERALA,2005,EXPLOSION(OTHER EXPLOSION LIKE BOILERS,,2,0,0,0,3,0,3
KERALA,2005,FALLS(FALL FROM HEIGHT),474,0,0,0,458,17,475
KERALA,2005,FALL INTO PIT/MANHOLE,67,0,0,0,53,15,68
KERALA,2005,FACTORY/MACHINE ACCIDENTS,8,0,0,0,6,2,8
KERALA,2005,FIRE(FIREWORKS/CRACKERS),8,1,0,1,8,0,8
KERALA,2005,FIRE(SHORT-CIRCUIT),3,0,0,0,3,0,3
KERALA,2005,GAS CYLINDER/STOVE BURST,18,2,1,3,4,15,19
KERALA,2005,OTHER FIRE ACCIDENTS,186,0,0,0,49,140,189
KERALA,2005,FIRE-ARMS,2,0,0,0,2,0,2
KERALA,2005,SUDDEN DEATHS(HEART ATTACKS),878,0,0,0,766,112,878
KERALA,2005,EPILEPTIC FITS/GIDDINESS,73,0,0,0,53,20,73
KERALA,2005,ABORTIONS/CHILD BIRTH,14,0,0,0,0,14,14
KERALA,2005,INFLUENCE OF ALCOHOL,67,0,0,0,65,2,67
KERALA,2005,KILLED BY ANIMALS,22,0,0,0,21,1,22
KERALA,2005,MINES OR QUARY DISASTER,26,0,0,0,22,5,27
KERALA,2005,FOOD POISIONING/ACCIDENTAL INTAKE OF INSECTICIDES ETC.,16,0,0,0,13,5,18
KERALA,2005,SPURIOUS/POISIONOUS LIQUOR,2,0,0,0,1,1,2
KERALA,2005,LEAKAGE OF POISINOUS GASES ETC.,1,0,0,0,1,0,1
KERALA,2005,SNAKE BITE/ANIMAL BITE,9,0,0,0,7,2,9
KERALA,2005,OTHER,74,0,0,0,59,15,74
KERALA,2005,STAMPEDE,0,0,0,0,0,0,0
KERALA,2005,SUFFOCATION,30,0,0,0,26,5,31
KERALA,2005,TRAFFIC ACCIDENTS(ROAD ACCIDENTS),42295,42299,8918,51217,2673,488,3161
KERALA,2005,TRAFFIC ACCIDENTS(RAIL-ROAD ACCIDENTS),35,1,0,1,33,6,39
KERALA,2005,OTHER RAILWAY ACCIDENTS,219,0,0,0,186,35,221
KERALA,2005,OTHER,601,1,0,1,492,111,603
KERALA,2005,CAUSES NOT KNOWN,365,0,0,0,285,83,368
KERALA,2005,TOTAL,47208,42308,8919,51227,6727,1435,8162
KERALA,2005,TOTAL COLLAPSE,47,2,0,2,52,6,58
KERALA,2005,TOTAL DROWNING,1466,0,0,0,1211,305,1516
KERALA,2005,TOTAL EXPLOSION,2,0,0,0,3,0,3
KERALA,2005,TOTAL FALLS,541,0,0,0,511,32,543
KERALA,2005,TOTAL FIRE,215,3,1,4,64,155,219
KERALA,2005,TOTAL SUDDEN DEATHS,1032,0,0,0,884,148,1032
KERALA,2005,TOTAL POISONING,102,0,0,0,81,23,104
KERALA,2005,TOTAL TRAFFIC ACCIDENTS,42549,42300,8918,51218,2892,529,3421
KERALA,2006,AIR-CRASH,0,0,0,0,0,0,0
KERALA,2006,COLLAPSE OF STRUCTURE(HOUSE),19,3,1,4,16,5,21
KERALA,2006,COLLAPSE OF STRUCTURE(BUILDING),6,16,9,25,7,1,8
KERALA,2006,COLLAPSE OF STRUCTURE(DAM),0,0,0,0,0,0,0
KERALA,2006,COLLAPSE OF STRUCTURE(BRIDGE),0,0,0,0,0,0,0
KERALA,2006,COLLAPSE OF STRUCTURE(OTHERS),20,0,0,0,16,6,22
KERALA,2006,DROWNING(BOAT CAPSIZE),14,0,0,0,14,3,17
KERALA,2006,DROWNING(OTHER),1519,0,4,4,1263,308,1571
KERALA,2006,ELECTROCUTION,198,1,0,1,156,42,198
KERALA,2006,EXPLOSION(BOMB EXPLOSION),0,0,0,0,0,0,0
KERALA,2006,EXPLOSION(OTHER EXPLOSION LIKE BOIL,9,0,0,0,5,4,9
KERALA,2006,FALLS(FALL FROM HEIGHT),548,0,0,0,519,30,549
KERALA,2006,FALL INTO PIT/MANHOLE,52,0,0,0,43,9,52
KERALA,2006,FACTORY/MACHINE ACCIDENTS,13,0,0,0,11,2,13
KERALA,2006,FIRE(FIREWORKS/CRACKERS),6,0,1,1,6,0,6
KERALA,2006,FIRE(SHORT-CIRCUIT),7,0,0,0,6,1,7
KERALA,2006,GAS CYLINDER/STOVE BURST,21,0,0,0,4,18,22
KERALA,2006,OTHER FIRE ACCIDENTS,209,1,0,1,63,148,211
KERALA,2006,FIRE-ARMS,1,0,0,0,1,0,1
KERALA,2006,SUDDEN DEATHS(HEART ATTACKS),974,0,0,0,874,100,974
KERALA,2006,EPILEPTIC FITS/GIDDINESS,49,0,0,0,36,13,49
KERALA,2006,ABORTIONS/CHILD BIRTH,14,0,0,0,0,13,13
KERALA,2006,INFLUENCE OF ALCOHOL,74,0,0,0,68,6,74
KERALA,2006,KILLED BY ANIMALS,28,0,0,0,26,2,28
KERALA,2006,MINES OR QUARY DISASTER,10,0,0,0,12,1,13
KERALA,2006,FOOD POISIONING/ACCIDENTAL INTAKE OF INSECTICIDES ETC.,15,0,0,0,12,4,16
KERALA,2006,SPURIOUS/POISIONOUS LIQUOR,2,0,0,0,1,1,2
KERALA,2006,LEAKAGE OF POISINOUS GASES ETC.,0,0,0,0,0,0,0
KERALA,2006,SNAKE BITE/ANIMAL BITE,32,0,0,0,23,9,32
KERALA,2006,OTHER,91,0,0,0,71,24,95
KERALA,2006,STAMPEDE,0,0,0,0,0,0,0
KERALA,2006,SUFFOCATION,21,0,0,0,20,3,23
KERALA,2006,TRAFFIC ACCIDENTS(ROAD ACCIDENTS),41728,41695,8104,49799,3181,446,3627
KERALA,2006,TRAFFIC ACCIDENTS(RAIL-ROAD ACCIDENTS),207,0,1,1,179,33,212
KERALA,2006,OTHER RAILWAY ACCIDENTS,134,0,0,0,113,22,135
KERALA,2006,OTHER,668,0,0,0,554,127,681
KERALA,2006,CAUSES NOT KNOWN,240,0,0,0,201,41,242
KERALA,2006,TOTAL,46929,41716,8120,49836,7501,1422,8923
KERALA,2006,TOTAL COLLAPSE,45,19,10,29,39,12,51
KERALA,2006,TOTAL DROWNING,1533,0,4,4,1277,311,1588
KERALA,2006,TOTAL EXPLOSION,9,0,0,0,5,4,9
KERALA,2006,TOTAL FALLS,600,0,0,0,562,39,601
KERALA,2006,TOTAL FIRE,243,1,1,2,79,167,246
KERALA,2006,TOTAL SUDDEN DEATHS,1111,0,0,0,978,132,1110
KERALA,2006,TOTAL POISONING,140,0,0,0,107,38,145
KERALA,2006,TOTAL TRAFFIC ACCIDENTS,42069,41695,8105,49800,3473,501,3974
KERALA,2007,AIR-CRASH,0,0,0,0,0,0,0
KERALA,2007,COLLAPSE OF STRUCTURE(HOUSE),14,0,0,0,14,2,16
KERALA,2007,COLLAPSE OF STRUCTURE(BUILDING),10,1,0,1,11,0,11
KERALA,2007,COLLAPSE OF STRUCTURE(DAM),0,0,0,0,0,0,0
KERALA,2007,COLLAPSE OF STRUCTURE(BRIDGE),1,0,0,0,0,1,1
KERALA,2007,COLLAPSE OF STRUCTURE(OTHERS),14,0,0,0,13,1,14
KERALA,2007,DROWNING(BOAT CAPSIZE),22,0,0,0,30,9,39
KERALA,2007,DROWNING(OTHER),1657,0,0,0,1359,335,1694
KERALA,2007,ELECTROCUTION,171,0,0,0,143,31,174
KERALA,2007,EXPLOSION(BOMB EXPLOSION),1,3,0,3,1,0,1
KERALA,2007,EXPLOSION(OTHER EXPLOSION LIKE BOIL,2,0,0,0,1,1,2
KERALA,2007,FALLS(FALL FROM HEIGHT),571,0,0,0,523,49,572
KERALA,2007,FALL INTO PIT/MANHOLE,62,0,0,0,53,9,62
KERALA,2007,FACTORY/MACHINE ACCIDENTS,16,0,0,0,15,1,16
KERALA,2007,FIRE(FIREWORKS/CRACKERS),6,1,0,1,6,0,6
KERALA,2007,FIRE(SHORT-CIRCUIT),10,0,0,0,9,1,10
KERALA,2007,GAS CYLINDER/STOVE BURST,15,0,0,0,2,13,15
KERALA,2007,OTHER FIRE ACCIDENTS,248,0,0,0,88,161,249
KERALA,2007,FIRE-ARMS,0,0,0,0,0,0,0
KERALA,2007,SUDDEN DEATHS(HEART ATTACKS),1057,0,0,0,949,108,1057
KERALA,2007,EPILEPTIC FITS/GIDDINESS,48,0,0,0,37,11,48
KERALA,2007,ABORTIONS/CHILD BIRTH,7,0,0,0,0,7,7
KERALA,2007,INFLUENCE OF ALCOHOL,54,0,0,0,53,1,54
KERALA,2007,KILLED BY ANIMALS,34,0,0,0,27,7,34
KERALA,2007,MINES OR QUARY DISASTER,15,0,0,0,13,2,15
KERALA,2007,FOOD POISIONING/ACCIDENTAL INTAKE OF INSECTICIDES ETC.,20,0,0,0,10,10,20
KERALA,2007,SPURIOUS/POISIONOUS LIQUOR,0,0,0,0,0,0,0
KERALA,2007,LEAKAGE OF POISINOUS GASES ETC.,1,0,0,0,1,1,2
KERALA,2007,SNAKE BITE/ANIMAL BITE,38,0,0,0,29,9,38
KERALA,2007,OTHER,52,0,0,0,37,16,53
KERALA,2007,STAMPEDE,0,0,0,0,0,0,0
KERALA,2007,SUFFOCATION,6,0,0,0,6,0,6
KERALA,2007,TRAFFIC ACCIDENTS(ROAD ACCIDENTS),39861,38567,9384,47951,3220,582,3802
KERALA,2007,TRAFFIC ACCIDENTS(RAIL-ROAD ACCIDENTS),25,0,0,0,25,0,25
KERALA,2007,OTHER RAILWAY ACCIDENTS,335,0,0,0,290,55,345
KERALA,2007,OTHER,540,0,0,0,423,120,543
KERALA,2007,CAUSES NOT KNOWN,437,0,0,0,339,102,441
KERALA,2007,TOTAL,45350,38572,9384,47956,7727,1645,9372
KERALA,2007,TOTAL COLLAPSE,39,1,0,1,38,4,42
KERALA,2007,TOTAL DROWNING,1679,0,0,0,1389,344,1733
KERALA,2007,TOTAL EXPLOSION,3,3,0,3,2,1,3
KERALA,2007,TOTAL FALLS,633,0,0,0,576,58,634
KERALA,2007,TOTAL FIRE,279,1,0,1,105,175,280
KERALA,2007,TOTAL SUDDEN DEATHS,1166,0,0,0,1039,127,1166
KERALA,2007,TOTAL POISONING,111,0,0,0,77,36,113
KERALA,2007,TOTAL TRAFFIC ACCIDENTS,40221,38567,9384,47951,3535,637,4172
KERALA,2008,AIR-CRASH,0,0,0,0,0,0,0
KERALA,2008,COLLAPSE OF STRUCTURE(HOUSE),11,0,0,0,9,2,11
KERALA,2008,COLLAPSE OF STRUCTURE(BUILDING),23,3,0,3,22,1,23
KERALA,2008,COLLAPSE OF STRUCTURE(DAM),0,0,0,0,0,0,0
KERALA,2008,COLLAPSE OF STRUCTURE(BRIDGE),0,0,0,0,0,0,0
KERALA,2008,COLLAPSE OF STRUCTURE(OTHERS),49,3,0,3,42,8,50
KERALA,2008,DROWNING(BOAT CAPSIZE),15,0,0,0,12,3,15
KERALA,2008,DROWNING(OTHER),1614,0,0,0,1356,312,1668
KERALA,2008,ELECTROCUTION,193,15,0,15,170,28,198
KERALA,2008,EXPLOSION(BOMB EXPLOSION),0,0,0,0,0,0,0
KERALA,2008,EXPLOSION(OTHER EXPLOSION LIKE BOIL,4,0,0,0,6,0,6
KERALA,2008,FALLS(FALL FROM HEIGHT),584,0,0,0,549,36,585
KERALA,2008,FALL INTO PIT/MANHOLE,81,0,0,0,74,8,82
KERALA,2008,FACTORY/MACHINE ACCIDENTS,12,0,0,0,10,2,12
KERALA,2008,FIRE(FIREWORKS/CRACKERS),7,5,2,7,8,0,8
KERALA,2008,FIRE(SHORT-CIRCUIT),27,0,0,0,25,2,27
KERALA,2008,GAS CYLINDER/STOVE BURST,27,1,0,1,6,22,28
KERALA,2008,OTHER FIRE ACCIDENTS,241,0,0,0,82,161,243
KERALA,2008,FIRE-ARMS,1,0,0,0,1,0,1
KERALA,2008,SUDDEN DEATHS(HEART ATTACKS),1327,0,0,0,1153,174,1327
KERALA,2008,EPILEPTIC FITS/GIDDINESS,95,0,0,0,79,16,95
KERALA,2008,ABORTIONS/CHILD BIRTH,14,0,0,0,0,14,14
KERALA,2008,INFLUENCE OF ALCOHOL,96,0,0,0,92,4,96
KERALA,2008,KILLED BY ANIMALS,31,0,0,0,24,9,33
KERALA,2008,MINES OR QUARY DISASTER,14,0,0,0,15,2,17
KERALA,2008,FOOD POISIONING/ACCIDENTAL INTAKE OF INSECTICIDES ETC.,11,1,1,2,6,5,11
KERALA,2008,SPURIOUS/POISIONOUS LIQUOR,0,0,0,0,0,0,0
KERALA,2008,LEAKAGE OF POISINOUS GASES ETC.,0,0,0,0,0,0,0
KERALA,2008,SNAKE BITE/ANIMAL BITE,73,0,0,0,55,18,73
KERALA,2008,OTHER,18,1,0,1,13,6,19
KERALA,2008,STAMPEDE,0,0,0,0,0,0,0
KERALA,2008,SUFFOCATION,5,0,0,0,7,0,7
KERALA,2008,TRAFFIC ACCIDENTS(ROAD ACCIDENTS),37238,35637,8526,44163,3332,602,3934
KERALA,2008,TRAFFIC ACCIDENTS(RAIL-ROAD ACCIDENTS),18,0,0,0,12,5,17
KERALA,2008,OTHER RAILWAY ACCIDENTS,513,0,0,0,432,84,516
KERALA,2008,OTHER,541,0,0,0,442,104,546
KERALA,2008,CAUSES NOT KNOWN,170,0,0,0,149,22,171
KERALA,2008,TOTAL,43053,35666,8529,44195,8183,1650,9833
KERALA,2008,TOTAL COLLAPSE,83,6,0,6,73,11,84
KERALA,2008,TOTAL DROWNING,1629,0,0,0,1368,315,1683
KERALA,2008,TOTAL EXPLOSION,4,0,0,0,6,0,6
KERALA,2008,TOTAL FALLS,665,0,0,0,623,44,667
KERALA,2008,TOTAL FIRE,302,6,2,8,121,185,306
KERALA,2008,TOTAL SUDDEN DEATHS,1532,0,0,0,1324,208,1532
KERALA,2008,TOTAL POISONING,102,2,1,3,74,29,103
KERALA,2008,TOTAL TRAFFIC ACCIDENTS,37769,35637,8526,44163,3776,691,4467
KERALA,2009,AIR-CRASH,0,0,0,0,0,0,0
KERALA,2009,COLLAPSE OF STRUCTURE(HOUSE),7,3,1,4,7,1,8
KERALA,2009,COLLAPSE OF STRUCTURE(BUILDING),21,7,0,7,20,1,21
KERALA,2009,COLLAPSE OF STRUCTURE(DAM),0,0,0,0,0,0,0
KERALA,2009,COLLAPSE OF STRUCTURE(BRIDGE),0,0,0,0,0,0,0
KERALA,2009,COLLAPSE OF STRUCTURE(OTHERS),38,0,0,0,34,7,41
KERALA,2009,DROWNING(BOAT CAPSIZE),9,0,0,0,33,26,59
KERALA,2009,DROWNING(OTHER),1608,4,6,10,1393,281,1674
KERALA,2009,ELECTROCUTION,212,2,1,3,173,41,214
KERALA,2009,EXPLOSION(BOMB EXPLOSION),0,0,0,0,0,0,0
KERALA,2009,EXPLOSION(OTHER EXPLOSION LIKE BOIL,6,18,0,18,19,1,20
KERALA,2009,FALLS(FALL FROM HEIGHT),638,0,0,0,564,74,638
KERALA,2009,FALL INTO PIT/MANHOLE,73,0,0,0,60,13,73
KERALA,2009,FACTORY/MACHINE ACCIDENTS,19,1,0,1,16,4,20
KERALA,2009,FIRE(FIREWORKS/CRACKERS),10,6,2,8,21,2,23
KERALA,2009,FIRE(SHORT-CIRCUIT),16,0,0,0,16,0,16
KERALA,2009,GAS CYLINDER/STOVE BURST,21,0,0,0,3,18,21
KERALA,2009,OTHER FIRE ACCIDENTS,273,13,2,15,80,193,273
KERALA,2009,FIRE-ARMS,0,0,0,0,0,0,0
KERALA,2009,SUDDEN DEATHS(HEART ATTACKS),1445,0,0,0,1215,230,1445
KERALA,2009,EPILEPTIC FITS/GIDDINESS,104,0,0,0,86,18,104
KERALA,2009,ABORTIONS/CHILD BIRTH,7,0,0,0,0,8,8
KERALA,2009,INFLUENCE OF ALCOHOL,93,0,0,0,88,5,93
KERALA,2009,KILLED BY ANIMALS,39,0,0,0,33,6,39
KERALA,2009,MINES OR QUARY DISASTER,12,0,0,0,13,1,14
KERALA,2009,FOOD POISIONING/ACCIDENTAL INTAKE OF INSECTICIDES ETC.,21,33,17,50,15,5,20
KERALA,2009,SPURIOUS/POISIONOUS LIQUOR,0,0,0,0,0,0,0
KERALA,2009,LEAKAGE OF POISINOUS GASES ETC.,0,0,0,0,0,0,0
KERALA,2009,SNAKE BITE/ANIMAL BITE,53,0,0,0,36,17,53
KERALA,2009,OTHER,47,0,0,0,38,9,47
KERALA,2009,STAMPEDE,0,0,0,0,0,0,0
KERALA,2009,SUFFOCATION,7,0,0,0,7,0,7
KERALA,2009,TRAFFIC ACCIDENTS(ROAD ACCIDENTS),35457,32868,8645,41513,3253,572,3825
KERALA,2009,TRAFFIC ACCIDENTS(RAIL-ROAD ACCIDENTS),48,0,0,0,37,12,49
KERALA,2009,OTHER RAILWAY ACCIDENTS,444,0,1,1,372,76,448
KERALA,2009,OTHER,422,0,0,0,336,89,425
KERALA,2009,CAUSES NOT KNOWN,172,0,0,0,144,30,174
KERALA,2009,TOTAL,41322,32955,8675,41630,8112,1740,9852
KERALA,2009,TOTAL COLLAPSE,66,10,1,11,61,9,70
KERALA,2009,TOTAL DROWNING,1617,4,6,10,1426,307,1733
KERALA,2009,TOTAL EXPLOSION,6,18,0,18,19,1,20
KERALA,2009,TOTAL FALLS,711,0,0,0,624,87,711
KERALA,2009,TOTAL FIRE,320,19,4,23,120,213,333
KERALA,2009,TOTAL SUDDEN DEATHS,1649,0,0,0,1389,261,1650
KERALA,2009,TOTAL POISONING,121,33,17,50,89,31,120
KERALA,2009,TOTAL TRAFFIC ACCIDENTS,35949,32868,8646,41514,3662,660,4322
KERALA,2010,AIR-CRASH,0,0,0,0,0,0,0
KERALA,2010,COLLAPSE OF STRUCTURE(HOUSE),14,3,0,3,13,1,14
KERALA,2010,COLLAPSE OF STRUCTURE(BUILDING),14,23,1,24,13,1,14
KERALA,2010,COLLAPSE OF STRUCTURE(DAM),0,0,0,0,0,0,0
KERALA,2010,COLLAPSE OF STRUCTURE(BRIDGE),1,0,0,0,1,0,1
KERALA,2010,COLLAPSE OF STRUCTURE(OTHERS),27,4,0,4,25,6,31
KERALA,2010,DROWNING(BOAT CAPSIZE),15,0,0,0,18,3,21
KERALA,2010,DROWNING(OTHER),1679,10,3,13,1391,320,1711
KERALA,2010,ELECTROCUTION,233,1,0,1,192,47,239
KERALA,2010,EXPLOSION(BOMB EXPLOSION),1,4,0,4,0,0,0
KERALA,2010,EXPLOSION(OTHER EXPLOSION LIKE BOIL,6,0,0,0,3,4,7
KERALA,2010,FALLS(FALL FROM HEIGHT),620,3,0,3,577,44,621
KERALA,2010,FALL INTO PIT/MANHOLE,74,0,0,0,62,12,74
KERALA,2010,FACTORY/MACHINE ACCIDENTS,15,0,0,0,14,1,15
KERALA,2010,FIRE(FIREWORKS/CRACKERS),7,0,0,0,10,0,10
KERALA,2010,FIRE(SHORT-CIRCUIT),28,0,0,0,27,2,29
KERALA,2010,GAS CYLINDER/STOVE BURST,41,0,0,0,2,39,41
KERALA,2010,OTHER FIRE ACCIDENTS,255,0,0,0,89,166,255
KERALA,2010,FIRE-ARMS,1,0,0,0,1,0,1
KERALA,2010,SUDDEN DEATHS(HEART ATTACKS),1799,0,0,0,1529,270,1799
KERALA,2010,EPILEPTIC FITS/GIDDINESS,150,0,0,0,112,38,150
KERALA,2010,ABORTIONS/CHILD BIRTH,8,0,0,0,0,8,8
KERALA,2010,INFLUENCE OF ALCOHOL,89,0,0,0,88,4,92
KERALA,2010,KILLED BY ANIMALS,30,0,1,1,25,6,31
KERALA,2010,MINES OR QUARY DISASTER,8,0,0,0,7,1,8
KERALA,2010,FOOD POISIONING/ACCIDENTAL INTAKE OF INSECTICIDES ETC.,21,0,0,0,11,11,22
KERALA,2010,SPURIOUS/POISIONOUS LIQUOR,0,0,0,0,0,0,0
KERALA,2010,LEAKAGE OF POISINOUS GASES ETC.,0,0,0,0,0,0,0
KERALA,2010,SNAKE BITE/ANIMAL BITE,60,0,0,0,49,11,60
KERALA,2010,OTHER,69,0,0,0,53,18,71
KERALA,2010,STAMPEDE,0,0,0,0,0,0,0
KERALA,2010,SUFFOCATION,10,0,0,0,9,1,10
KERALA,2010,TRAFFIC ACCIDENTS(ROAD ACCIDENTS),35082,32781,8692,41473,3298,652,3950
KERALA,2010,TRAFFIC ACCIDENTS(RAIL-ROAD ACCIDENTS),56,0,0,0,48,8,56
KERALA,2010,OTHER RAILWAY ACCIDENTS,432,0,0,0,362,75,437
KERALA,2010,OTHER,489,8,0,8,359,133,492
KERALA,2010,CAUSES NOT KNOWN,311,0,0,0,258,54,312
KERALA,2010,TOTAL,41645,32837,8697,41534,8646,1936,10582
KERALA,2010,TOTAL COLLAPSE,56,30,1,31,52,8,60
KERALA,2010,TOTAL DROWNING,1694,10,3,13,1409,323,1732
KERALA,2010,TOTAL EXPLOSION,7,4,0,4,3,4,7
KERALA,2010,TOTAL FALLS,694,3,0,3,639,56,695
KERALA,2010,TOTAL FIRE,331,0,0,0,128,207,335
KERALA,2010,TOTAL SUDDEN DEATHS,2046,0,0,0,1729,320,2049
KERALA,2010,TOTAL POISONING,150,0,0,0,113,40,153
KERALA,2010,TOTAL TRAFFIC ACCIDENTS,35570,32781,8692,41473,3708,735,4443
KERALA,2011,AIR-CRASH,0,0,0,0,0,0,0
KERALA,2011,COLLAPSE OF STRUCTURE(HOUSE),20,3,2,5,14,7,21
KERALA,2011,COLLAPSE OF STRUCTURE(BUILDING),28,4,0,4,27,3,30
KERALA,2011,COLLAPSE OF STRUCTURE(DAM),0,0,0,0,0,0,0
KERALA,2011,COLLAPSE OF STRUCTURE(BRIDGE),0,0,0,0,0,0,0
KERALA,2011,COLLAPSE OF STRUCTURE(OTHERS),32,0,0,0,28,5,33
KERALA,2011,DROWNING(BOAT CAPSIZE),8,1,0,1,9,0,9
KERALA,2011,DROWNING(OTHER),1659,0,0,0,1321,361,1682
KERALA,2011,ELECTROCUTION,274,0,0,0,234,43,277
KERALA,2011,EXPLOSION(BOMB EXPLOSION),0,0,0,0,0,0,0
KERALA,2011,EXPLOSION(OTHER EXPLOSION LIKE BOIL,6,7,0,7,13,0,13
KERALA,2011,FALLS(FALL FROM HEIGHT),634,0,0,0,591,45,636
KERALA,2011,FALL INTO PIT/MANHOLE,61,0,0,0,47,15,62
KERALA,2011,FACTORY/MACHINE ACCIDENTS,22,0,0,0,17,5,22
KERALA,2011,FIRE(FIREWORKS/CRACKERS),4,0,0,0,2,3,5
KERALA,2011,FIRE(SHORT-CIRCUIT),14,0,0,0,12,4,16
KERALA,2011,GAS CYLINDER/STOVE BURST,48,0,0,0,10,42,52
KERALA,2011,OTHER FIRE ACCIDENTS,223,0,0,0,83,142,225
KERALA,2011,FIRE-ARMS,0,0,0,0,0,0,0
KERALA,2011,SUDDEN DEATHS(HEART ATTACKS),1797,0,0,0,1573,228,1801
KERALA,2011,EPILEPTIC FITS/GIDDINESS,146,0,0,0,109,37,146
KERALA,2011,ABORTIONS/CHILD BIRTH,8,0,0,0,0,8,8
KERALA,2011,INFLUENCE OF ALCOHOL,103,0,0,0,103,0,103
KERALA,2011,KILLED BY ANIMALS,39,0,0,0,31,8,39
KERALA,2011,MINES OR QUARY DISASTER,6,0,0,0,6,0,6
KERALA,2011,FOOD POISIONING/ACCIDENTAL INTAKE OF INSECTICIDES ETC.,18,0,0,0,9,9,18
KERALA,2011,SPURIOUS/POISIONOUS LIQUOR,3,0,0,0,3,0,3
KERALA,2011,LEAKAGE OF POISINOUS GASES ETC.,0,0,0,0,0,0,0
KERALA,2011,SNAKE BITE/ANIMAL BITE,68,0,0,0,49,19,68
KERALA,2011,OTHER,119,0,0,0,84,35,119
KERALA,2011,STAMPEDE,1,0,0,0,102,0,102
KERALA,2011,SUFFOCATION,6,0,0,0,9,1,10
KERALA,2011,TRAFFIC ACCIDENTS(ROAD ACCIDENTS),35216,32330,9049,41379,3508,637,4145
KERALA,2011,TRAFFIC ACCIDENTS(RAIL-ROAD ACCIDENTS),46,0,0,0,42,5,47
KERALA,2011,OTHER RAILWAY ACCIDENTS,390,2,0,2,334,60,394
KERALA,2011,OTHER,510,0,2,2,397,113,510
KERALA,2011,CAUSES NOT KNOWN,488,0,0,0,408,81,489
KERALA,2011,TOTAL,41997,32347,9053,41400,9175,1916,11091
KERALA,2011,TOTAL COLLAPSE,80,7,2,9,69,15,84
KERALA,2011,TOTAL DROWNING,1667,1,0,1,1330,361,1691
KERALA,2011,TOTAL EXPLOSION,6,7,0,7,13,0,13
KERALA,2011,TOTAL FALLS,695,0,0,0,638,60,698
KERALA,2011,TOTAL FIRE,289,0,0,0,107,191,298
KERALA,2011,TOTAL SUDDEN DEATHS,2054,0,0,0,1785,273,2058
KERALA,2011,TOTAL POISONING,208,0,0,0,145,63,208
KERALA,2011,TOTAL TRAFFIC ACCIDENTS,35652,32332,9049,41381,3884,702,4586
KERALA,2012,AIR-CRASH,0,0,0,0,0,0,0
KERALA,2012,COLLAPSE OF STRUCTURE(HOUSE),7,1,0,1,7,1,8
KERALA,2012,COLLAPSE OF STRUCTURE(BUILDING),21,4,1,5,23,1,24
KERALA,2012,COLLAPSE OF STRUCTURE(DAM),0,0,0,0,0,0,0
KERALA,2012,COLLAPSE OF STRUCTURE(BRIDGE),0,0,0,0,0,0,0
KERALA,2012,COLLAPSE OF STRUCTURE(OTHERS),33,5,0,5,30,5,35
KERALA,2012,DROWNING(BOAT CAPSIZE),7,0,0,0,7,1,8
KERALA,2012,DROWNING(OTHER),1547,5,1,6,1263,307,1570
KERALA,2012,ELECTROCUTION,195,3,0,3,169,27,196
KERALA,2012,EXPLOSION(BOMB EXPLOSION),0,0,0,0,0,0,0
KERALA,2012,EXPLOSION(OTHER EXPLOSION LIKE BOIL,4,0,0,0,3,1,4
KERALA,2012,FALLS(FALL FROM HEIGHT),712,8,0,8,655,48,703
KERALA,2012,FALL INTO PIT/MANHOLE,58,0,0,0,45,14,59
KERALA,2012,FACTORY/MACHINE ACCIDENTS,15,0,0,0,15,0,15
KERALA,2012,FIRE(FIREWORKS/CRACKERS),4,2,0,2,4,0,4
KERALA,2012,FIRE(SHORT-CIRCUIT),17,0,0,0,12,5,17
KERALA,2012,GAS CYLINDER/STOVE BURST,27,0,0,0,3,24,27
KERALA,2012,OTHER FIRE ACCIDENTS,233,0,0,0,81,154,235
KERALA,2012,FIRE-ARMS,1,0,0,0,1,0,1
KERALA,2012,SUDDEN DEATHS(HEART ATTACKS),1810,0,0,0,1595,215,1810
KERALA,2012,EPILEPTIC FITS/GIDDINESS,167,0,0,0,131,36,167
KERALA,2012,ABORTIONS/CHILD BIRTH,16,0,0,0,0,16,16
KERALA,2012,INFLUENCE OF ALCOHOL,170,0,0,0,170,0,170
KERALA,2012,KILLED BY ANIMALS,25,0,0,0,21,4,25
KERALA,2012,MINES OR QUARY DISASTER,4,0,0,0,6,0,6
KERALA,2012,FOOD POISIONING/ACCIDENTAL INTAKE OF INSECTICIDES ETC.,18,0,0,0,9,10,19
KERALA,2012,SPURIOUS/POISIONOUS LIQUOR,1,0,0,0,1,0,1
KERALA,2012,LEAKAGE OF POISINOUS GASES ETC.,0,0,0,0,0,0,0
KERALA,2012,SNAKE BITE/ANIMAL BITE,64,0,0,0,44,20,64
KERALA,2012,OTHER,119,0,0,0,87,32,119
KERALA,2012,STAMPEDE,1,0,0,0,1,0,1
KERALA,2012,SUFFOCATION,12,0,0,0,12,1,13
KERALA,2012,TRAFFIC ACCIDENTS(ROAD ACCIDENTS),36174,32432,9483,41915,3595,691,4286
KERALA,2012,TRAFFIC ACCIDENTS(RAIL-ROAD ACCIDENTS),0,0,0,0,0,0,0
KERALA,2012,OTHER RAILWAY ACCIDENTS,537,2,0,2,454,90,544
KERALA,2012,OTHER,569,1,0,1,465,105,570
KERALA,2012,CAUSES NOT KNOWN,286,0,0,0,229,62,291
KERALA,2012,TOTAL,42854,32463,9485,41948,9138,1870,11008
KERALA,2012,TOTAL COLLAPSE,61,10,1,11,60,7,67
KERALA,2012,TOTAL DROWNING,1554,5,1,6,1270,308,1578
KERALA,2012,TOTAL EXPLOSION,4,0,0,0,3,1,4
KERALA,2012,TOTAL FALLS,770,8,0,8,700,62,762
KERALA,2012,TOTAL FIRE,281,2,0,2,100,183,283
KERALA,2012,TOTAL SUDDEN DEATHS,2163,0,0,0,1896,267,2163
KERALA,2012,TOTAL POISONING,202,0,0,0,141,62,203
KERALA,2012,TOTAL TRAFFIC ACCIDENTS,36711,32434,9483,41917,4049,781,4830
MADHYA PRADESH,2001,AIR-CRASH,0,0,0,0,0,0,0
MADHYA PRADESH,2001,COLLAPSE OF STRUCTURE(HOUSE),89,11,6,17,62,28,90
MADHYA PRADESH,2001,COLLAPSE OF STRUCTURE(BUILDING),3,0,0,0,2,1,3
MADHYA PRADESH,2001,COLLAPSE OF STRUCTURE(DAM),0,0,0,0,0,0,0
MADHYA PRADESH,2001,COLLAPSE OF STRUCTURE(BRIDGE),17,16,17,33,10,7,17
MADHYA PRADESH,2001,COLLAPSE OF STRUCTURE(OTHERS),43,0,0,0,29,14,43
MADHYA PRADESH,2001,DROWNING(BOAT CAPSIZE),163,0,0,0,104,66,170
MADHYA PRADESH,2001,DROWNING(OTHER),3303,6,3,9,2191,1127,3318
MADHYA PRADESH,2001,ELECTROCUTION,984,14,9,23,801,159,960
MADHYA PRADESH,2001,EXPLOSION(BOMB EXPLOSION),13,1,0,1,13,1,14
MADHYA PRADESH,2001,EXPLOSION(OTHER EXPLOSION LIKE BOILERS,,40,5,4,9,19,13,32
MADHYA PRADESH,2001,FALLS(FALL FROM HEIGHT),599,25,3,28,463,117,580
MADHYA PRADESH,2001,FALL INTO PIT/MANHOLE,140,2,0,2,88,50,138
MADHYA PRADESH,2001,FACTORY/MACHINE ACCIDENTS,47,6,0,6,36,5,41
MADHYA PRADESH,2001,FIRE(FIREWORKS/CRACKERS),113,7,6,13,42,62,104
MADHYA PRADESH,2001,FIRE(SHORT-CIRCUIT),40,2,2,4,11,3,14
MADHYA PRADESH,2001,GAS CYLINDER/STOVE BURST,313,9,19,28,47,245,292
MADHYA PRADESH,2001,OTHER FIRE ACCIDENTS,2090,19,34,53,648,1392,2040
MADHYA PRADESH,2001,FIRE-ARMS,81,4,0,4,69,10,79
MADHYA PRADESH,2001,SUDDEN DEATHS(HEART ATTACKS),505,4,1,5,405,98,503
MADHYA PRADESH,2001,EPILEPTIC FITS/GIDDINESS,104,0,0,0,83,21,104
MADHYA PRADESH,2001,ABORTIONS/CHILD BIRTH,98,0,5,5,0,93,93
MADHYA PRADESH,2001,INFLUENCE OF ALCOHOL,361,0,1,1,348,13,361
MADHYA PRADESH,2001,KILLED BY ANIMALS,140,3,0,3,97,42,139
MADHYA PRADESH,2001,MINES OR QUARY DISASTER,138,3,5,8,84,51,135
MADHYA PRADESH,2001,FOOD POISIONING/ACCIDENTAL INTAKE OF INSECTICIDES ETC.,2188,5,1,6,1292,919,2211
MADHYA PRADESH,2001,SPURIOUS/POISIONOUS LIQUOR,19,0,0,0,19,0,19
MADHYA PRADESH,2001,LEAKAGE OF POISINOUS GASES ETC.,2,0,0,0,2,0,2
MADHYA PRADESH,2001,SNAKE BITE/ANIMAL BITE,1340,22,23,45,762,533,1295
MADHYA PRADESH,2001,OTHER,503,0,0,0,318,192,510
MADHYA PRADESH,2001,STAMPEDE,1,9,18,27,0,6,6
MADHYA PRADESH,2001,SUFFOCATION,134,0,0,0,106,29,135
MADHYA PRADESH,2001,TRAFFIC ACCIDENTS(ROAD ACCIDENTS),19712,16325,3055,19380,3314,741,4055
MADHYA PRADESH,2001,TRAFFIC ACCIDENTS(RAIL-ROAD ACCIDENTS),132,0,0,0,118,17,135
MADHYA PRADESH,2001,OTHER RAILWAY ACCIDENTS,1070,0,0,0,903,167,1070
MADHYA PRADESH,2001,OTHER,2690,17,1,18,1946,755,2701
MADHYA PRADESH,2001,CAUSES NOT KNOWN,1983,6,0,6,1463,519,1982
MADHYA PRADESH,2001,TOTAL,39198,16521,3213,19734,15895,7496,23391
MADHYA PRADESH,2001,TOTAL COLLAPSE,152,27,23,50,103,50,153
MADHYA PRADESH,2001,TOTAL DROWNING,3466,6,3,9,2295,1193,3488
MADHYA PRADESH,2001,TOTAL EXPLOSION,53,6,4,10,32,14,46
MADHYA PRADESH,2001,TOTAL FALLS,739,27,3,30,551,167,718
MADHYA PRADESH,2001,TOTAL FIRE,2556,37,61,98,748,1702,2450
MADHYA PRADESH,2001,TOTAL SUDDEN DEATHS,1068,4,7,11,836,225,1061
MADHYA PRADESH,2001,TOTAL POISONING,4052,27,24,51,2393,1644,4037
MADHYA PRADESH,2001,TOTAL TRAFFIC ACCIDENTS,20914,16325,3055,19380,4335,925,5260
MADHYA PRADESH,2002,AIR-CRASH,0,0,0,0,0,0,0
MADHYA PRADESH,2002,COLLAPSE OF STRUCTURE(HOUSE),106,13,13,26,57,37,94
MADHYA PRADESH,2002,COLLAPSE OF STRUCTURE(BUILDING),4,0,0,0,2,2,4
MADHYA PRADESH,2002,COLLAPSE OF STRUCTURE(DAM),1,0,0,0,1,0,1
MADHYA PRADESH,2002,COLLAPSE OF STRUCTURE(BRIDGE),12,0,0,0,9,3,12
MADHYA PRADESH,2002,COLLAPSE OF STRUCTURE(OTHERS),33,2,1,3,23,12,35
MADHYA PRADESH,2002,DROWNING(BOAT CAPSIZE),13,0,0,0,9,5,14
MADHYA PRADESH,2002,DROWNING(OTHER),3428,17,7,24,2165,1296,3461
MADHYA PRADESH,2002,ELECTROCUTION,847,18,7,25,673,156,829
MADHYA PRADESH,2002,EXPLOSION(BOMB EXPLOSION),4,2,0,2,4,1,5
MADHYA PRADESH,2002,EXPLOSION(OTHER EXPLOSION LIKE BOILERS, GAS CYLINDER ETC.),32,1,2,3,15,16,31
MADHYA PRADESH,2002,FALLS(FALL FROM HEIGHT),607,16,3,19,471,120,591
MADHYA PRADESH,2002,FALL INTO PIT/MANHOLE,172,0,0,0,135,37,172
MADHYA PRADESH,2002,FACTORY/MACHINE ACCIDENTS,75,15,6,21,30,26,56
MADHYA PRADESH,2002,FIRE(FIREWORKS/CRACKERS),9,2,0,2,4,3,7
MADHYA PRADESH,2002,FIRE(SHORT-CIRCUIT),28,6,0,6,20,2,22
MADHYA PRADESH,2002,GAS CYLINDER/STOVE BURST,292,11,13,24,65,205,270
MADHYA PRADESH,2002,OTHER FIRE ACCIDENTS,2036,31,34,65,599,1391,1990
MADHYA PRADESH,2002,FIRE-ARMS,171,57,4,61,113,7,120
MADHYA PRADESH,2002,SUDDEN DEATHS(HEART ATTACKS),426,1,0,1,364,61,425
MADHYA PRADESH,2002,EPILEPTIC FITS/GIDDINESS,144,1,0,1,99,44,143
MADHYA PRADESH,2002,ABORTIONS/CHILD BIRTH,84,0,2,2,0,82,82
MADHYA PRADESH,2002,INFLUENCE OF ALCOHOL,318,1,0,1,294,23,317
MADHYA PRADESH,2002,KILLED BY ANIMALS,108,2,0,2,80,26,106
MADHYA PRADESH,2002,MINES OR QUARY DISASTER,132,1,0,1,81,52,133
MADHYA PRADESH,2002,FOOD POISIONING/ACCIDENTAL INTAKE OF INSECTICIDES ETC.,1820,20,15,35,1013,766,1779
MADHYA PRADESH,2002,SPURIOUS/POISIONOUS LIQUOR,69,0,0,0,58,11,69
MADHYA PRADESH,2002,LEAKAGE OF POISINOUS GASES ETC.,16,0,0,0,9,7,16
MADHYA PRADESH,2002,SNAKE BITE/ANIMAL BITE,1509,27,30,57,832,620,1452
MADHYA PRADESH,2002,OTHER,559,0,0,0,348,212,560
MADHYA PRADESH,2002,STAMPEDE,1,0,0,0,1,0,1
MADHYA PRADESH,2002,SUFFOCATION,167,2,0,2,124,41,165
MADHYA PRADESH,2002,TRAFFIC ACCIDENTS(ROAD ACCIDENTS),22879,19848,3778,23626,3807,674,4481
MADHYA PRADESH,2002,TRAFFIC ACCIDENTS(RAIL-ROAD ACCIDENTS),84,0,0,0,71,13,84
MADHYA PRADESH,2002,OTHER RAILWAY ACCIDENTS,1121,1,0,1,960,163,1123
MADHYA PRADESH,2002,OTHER,2791,15,2,17,2101,694,2795
MADHYA PRADESH,2002,CAUSES NOT KNOWN,2040,31,6,37,1493,516,2009
MADHYA PRADESH,2002,TOTAL,42138,20141,3923,24064,16130,7324,23454
MADHYA PRADESH,2002,TOTAL COLLAPSE,156,15,14,29,92,54,146
MADHYA PRADESH,2002,TOTAL DROWNING,3441,17,7,24,2174,1301,3475
MADHYA PRADESH,2002,TOTAL EXPLOSION,36,3,2,5,19,17,36
MADHYA PRADESH,2002,TOTAL FALLS,779,16,3,19,606,157,763
MADHYA PRADESH,2002,TOTAL FIRE,2365,50,47,97,688,1601,2289
MADHYA PRADESH,2002,TOTAL SUDDEN DEATHS,972,3,2,5,757,210,967
MADHYA PRADESH,2002,TOTAL POISONING,3973,47,45,92,2260,1616,3876
MADHYA PRADESH,2002,TOTAL TRAFFIC ACCIDENTS,24084,19849,3778,23627,4838,850,5688
MADHYA PRADESH,2003,AIR-CRASH,0,0,0,0,0,0,0
MADHYA PRADESH,2003,COLLAPSE OF STRUCTURE(HOUSE),99,25,6,31,49,31,80
MADHYA PRADESH,2003,COLLAPSE OF STRUCTURE(BUILDING),14,0,1,1,10,4,14
MADHYA PRADESH,2003,COLLAPSE OF STRUCTURE(DAM),2,0,0,0,1,1,2
MADHYA PRADESH,2003,COLLAPSE OF STRUCTURE(BRIDGE),9,0,0,0,3,1,4
MADHYA PRADESH,2003,COLLAPSE OF STRUCTURE(OTHERS),112,2,0,2,80,31,111
MADHYA PRADESH,2003,DROWNING(BOAT CAPSIZE),73,0,0,0,40,33,73
MADHYA PRADESH,2003,DROWNING(OTHER),3692,43,23,66,2403,1243,3646
MADHYA PRADESH,2003,ELECTROCUTION,1109,31,10,41,862,212,1074
MADHYA PRADESH,2003,EXPLOSION(BOMB EXPLOSION),4,0,1,1,4,0,4
MADHYA PRADESH,2003,EXPLOSION(OTHER EXPLOSION LIKE BOILERS,,28,2,3,5,14,11,25
MADHYA PRADESH,2003,FALLS(FALL FROM HEIGHT),611,17,7,24,470,119,589
MADHYA PRADESH,2003,FALL INTO PIT/MANHOLE,129,5,2,7,98,28,126
MADHYA PRADESH,2003,FACTORY/MACHINE ACCIDENTS,74,18,7,25,39,10,49
MADHYA PRADESH,2003,FIRE(FIREWORKS/CRACKERS),6,3,0,3,4,4,8
MADHYA PRADESH,2003,FIRE(SHORT-CIRCUIT),36,1,2,3,28,6,34
MADHYA PRADESH,2003,GAS CYLINDER/STOVE BURST,227,8,18,26,66,145,211
MADHYA PRADESH,2003,OTHER FIRE ACCIDENTS,1608,29,51,80,504,1027,1531
MADHYA PRADESH,2003,FIRE-ARMS,144,36,2,38,88,16,104
MADHYA PRADESH,2003,SUDDEN DEATHS(HEART ATTACKS),590,0,0,0,485,101,586
MADHYA PRADESH,2003,EPILEPTIC FITS/GIDDINESS,175,0,0,0,121,54,175
MADHYA PRADESH,2003,ABORTIONS/CHILD BIRTH,109,0,0,0,0,109,109
MADHYA PRADESH,2003,INFLUENCE OF ALCOHOL,298,0,0,0,288,10,298
MADHYA PRADESH,2003,KILLED BY ANIMALS,65,0,0,0,49,16,65
MADHYA PRADESH,2003,MINES OR QUARY DISASTER,150,1,0,1,102,48,150
MADHYA PRADESH,2003,FOOD POISIONING/ACCIDENTAL INTAKE OF INSECTICIDES ETC.,1739,5,5,10,1054,688,1742
MADHYA PRADESH,2003,SPURIOUS/POISIONOUS LIQUOR,29,0,0,0,17,12,29
MADHYA PRADESH,2003,LEAKAGE OF POISINOUS GASES ETC.,17,0,0,0,15,3,18
MADHYA PRADESH,2003,SNAKE BITE/ANIMAL BITE,1453,19,25,44,836,573,1409
MADHYA PRADESH,2003,OTHER,449,9,0,9,311,138,449
MADHYA PRADESH,2003,STAMPEDE,0,0,0,0,0,0,0
MADHYA PRADESH,2003,SUFFOCATION,229,0,0,0,171,58,229
MADHYA PRADESH,2003,TRAFFIC ACCIDENTS(ROAD ACCIDENTS),22616,21092,3383,24475,3869,643,4512
MADHYA PRADESH,2003,TRAFFIC ACCIDENTS(RAIL-ROAD ACCIDENTS),71,0,0,0,59,12,71
MADHYA PRADESH,2003,OTHER RAILWAY ACCIDENTS,1262,0,0,0,1050,212,1262
MADHYA PRADESH,2003,OTHER,2775,4,2,6,2162,613,2775
MADHYA PRADESH,2003,CAUSES NOT KNOWN,1679,27,18,45,1204,438,1642
MADHYA PRADESH,2003,TOTAL,41683,21377,3566,24943,16556,6650,23206
MADHYA PRADESH,2003,TOTAL COLLAPSE,236,27,7,34,143,68,211
MADHYA PRADESH,2003,TOTAL DROWNING,3765,43,23,66,2443,1276,3719
MADHYA PRADESH,2003,TOTAL EXPLOSION,32,2,4,6,18,11,29
MADHYA PRADESH,2003,TOTAL FALLS,740,22,9,31,568,147,715
MADHYA PRADESH,2003,TOTAL FIRE,1877,41,71,112,602,1182,1784
MADHYA PRADESH,2003,TOTAL SUDDEN DEATHS,1172,0,0,0,894,274,1168
MADHYA PRADESH,2003,TOTAL POISONING,3687,33,30,63,2233,1414,3647
MADHYA PRADESH,2003,TOTAL TRAFFIC ACCIDENTS,23949,21092,3383,24475,4978,867,5845
MADHYA PRADESH,2004,AIR-CRASH,0,0,0,0,0,0,0
MADHYA PRADESH,2004,COLLAPSE OF STRUCTURE(HOUSE),88,7,2,9,62,25,87
MADHYA PRADESH,2004,COLLAPSE OF STRUCTURE(BUILDING),1,0,0,0,1,0,1
MADHYA PRADESH,2004,COLLAPSE OF STRUCTURE(DAM),2,0,0,0,2,0,2
MADHYA PRADESH,2004,COLLAPSE OF STRUCTURE(BRIDGE),2,1,0,1,1,0,1
MADHYA PRADESH,2004,COLLAPSE OF STRUCTURE(OTHERS),51,2,0,2,32,17,49
MADHYA PRADESH,2004,DROWNING(BOAT CAPSIZE),9,0,0,0,4,17,21
MADHYA PRADESH,2004,DROWNING(OTHER),3575,37,20,57,2331,1232,3563
MADHYA PRADESH,2004,ELECTROCUTION,1011,17,8,25,803,192,995
MADHYA PRADESH,2004,EXPLOSION(BOMB EXPLOSION),3,0,0,0,3,0,3
MADHYA PRADESH,2004,EXPLOSION(OTHER EXPLOSION LIKE BOILERS,,20,4,2,6,13,10,23
MADHYA PRADESH,2004,FALLS(FALL FROM HEIGHT),616,14,5,19,481,123,604
MADHYA PRADESH,2004,FALL INTO PIT/MANHOLE,131,2,3,5,91,36,127
MADHYA PRADESH,2004,FACTORY/MACHINE ACCIDENTS,72,3,0,3,46,23,69
MADHYA PRADESH,2004,FIRE(FIREWORKS/CRACKERS),6,0,0,0,4,2,6
MADHYA PRADESH,2004,FIRE(SHORT-CIRCUIT),21,9,2,11,8,6,14
MADHYA PRADESH,2004,GAS CYLINDER/STOVE BURST,192,3,7,10,42,147,189
MADHYA PRADESH,2004,OTHER FIRE ACCIDENTS,1712,26,41,67,473,1201,1674
MADHYA PRADESH,2004,FIRE-ARMS,156,49,2,51,99,10,109
MADHYA PRADESH,2004,SUDDEN DEATHS(HEART ATTACKS),642,0,0,0,538,104,642
MADHYA PRADESH,2004,EPILEPTIC FITS/GIDDINESS,106,0,0,0,73,35,108
MADHYA PRADESH,2004,ABORTIONS/CHILD BIRTH,117,0,0,0,0,117,117
MADHYA PRADESH,2004,INFLUENCE OF ALCOHOL,278,5,0,5,268,7,275
MADHYA PRADESH,2004,KILLED BY ANIMALS,85,3,0,3,53,32,85
MADHYA PRADESH,2004,MINES OR QUARY DISASTER,126,2,2,4,83,41,124
MADHYA PRADESH,2004,FOOD POISIONING/ACCIDENTAL INTAKE OF INSECTICIDES ETC.,2132,59,16,75,1255,870,2125
MADHYA PRADESH,2004,SPURIOUS/POISIONOUS LIQUOR,25,2,0,2,16,7,23
MADHYA PRADESH,2004,LEAKAGE OF POISINOUS GASES ETC.,25,0,0,0,20,5,25
MADHYA PRADESH,2004,SNAKE BITE/ANIMAL BITE,1626,25,27,52,937,645,1582
MADHYA PRADESH,2004,OTHER,364,3,3,6,221,143,364
MADHYA PRADESH,2004,STAMPEDE,0,0,0,0,0,0,0
MADHYA PRADESH,2004,SUFFOCATION,138,0,1,1,100,38,138
MADHYA PRADESH,2004,TRAFFIC ACCIDENTS(ROAD ACCIDENTS),23591,22807,3894,26701,4147,769,4916
MADHYA PRADESH,2004,TRAFFIC ACCIDENTS(RAIL-ROAD ACCIDENTS),18,0,0,0,14,4,18
MADHYA PRADESH,2004,OTHER RAILWAY ACCIDENTS,1261,0,0,0,1096,165,1261
MADHYA PRADESH,2004,OTHER,3961,492,16,508,2849,1040,3889
MADHYA PRADESH,2004,CAUSES NOT KNOWN,1810,36,10,46,1321,465,1786
MADHYA PRADESH,2004,TOTAL,43973,23608,4061,27669,17487,7528,25015
MADHYA PRADESH,2004,TOTAL COLLAPSE,144,10,2,12,98,42,140
MADHYA PRADESH,2004,TOTAL DROWNING,3584,37,20,57,2335,1249,3584
MADHYA PRADESH,2004,TOTAL EXPLOSION,23,4,2,6,16,10,26
MADHYA PRADESH,2004,TOTAL FALLS,747,16,8,24,572,159,731
MADHYA PRADESH,2004,TOTAL FIRE,1931,38,50,88,527,1356,1883
MADHYA PRADESH,2004,TOTAL SUDDEN DEATHS,1143,5,0,5,879,263,1142
MADHYA PRADESH,2004,TOTAL POISONING,4172,89,46,135,2449,1670,4119
MADHYA PRADESH,2004,TOTAL TRAFFIC ACCIDENTS,24870,22807,3894,26701,5257,938,6195
MADHYA PRADESH,2005,AIR-CRASH,0,0,0,0,0,0,0
MADHYA PRADESH,2005,COLLAPSE OF STRUCTURE(HOUSE),108,9,3,12,64,34,98
MADHYA PRADESH,2005,COLLAPSE OF STRUCTURE(BUILDING),2,0,0,0,1,1,2
MADHYA PRADESH,2005,COLLAPSE OF STRUCTURE(DAM),3,0,0,0,3,0,3
MADHYA PRADESH,2005,COLLAPSE OF STRUCTURE(BRIDGE),2,0,0,0,2,0,2
MADHYA PRADESH,2005,COLLAPSE OF STRUCTURE(OTHERS),100,5,2,7,75,22,97
MADHYA PRADESH,2005,DROWNING(BOAT CAPSIZE),19,0,0,0,11,8,19
MADHYA PRADESH,2005,DROWNING(OTHER),4022,39,38,77,2583,1395,3978
MADHYA PRADESH,2005,ELECTROCUTION,1072,8,5,13,842,223,1065
MADHYA PRADESH,2005,EXPLOSION(BOMB EXPLOSION),13,3,2,5,12,1,13
MADHYA PRADESH,2005,EXPLOSION(OTHER EXPLOSION LIKE BOILERS,,14,1,0,1,11,2,13
MADHYA PRADESH,2005,FALLS(FALL FROM HEIGHT),583,19,2,21,463,107,570
MADHYA PRADESH,2005,FALL INTO PIT/MANHOLE,88,0,2,2,72,14,86
MADHYA PRADESH,2005,FACTORY/MACHINE ACCIDENTS,72,13,1,14,42,16,58
MADHYA PRADESH,2005,FIRE(FIREWORKS/CRACKERS),2,1,0,1,1,0,1
MADHYA PRADESH,2005,FIRE(SHORT-CIRCUIT),31,5,2,7,17,7,24
MADHYA PRADESH,2005,GAS CYLINDER/STOVE BURST,82,0,8,8,13,63,76
MADHYA PRADESH,2005,OTHER FIRE ACCIDENTS,1832,15,13,28,488,1330,1818
MADHYA PRADESH,2005,FIRE-ARMS,160,44,4,48,100,9,109
MADHYA PRADESH,2005,SUDDEN DEATHS(HEART ATTACKS),593,0,0,0,482,111,593
MADHYA PRADESH,2005,EPILEPTIC FITS/GIDDINESS,132,0,0,0,97,35,132
MADHYA PRADESH,2005,ABORTIONS/CHILD BIRTH,134,0,0,0,0,134,134
MADHYA PRADESH,2005,INFLUENCE OF ALCOHOL,326,5,0,5,313,13,326
MADHYA PRADESH,2005,KILLED BY ANIMALS,89,3,0,3,58,31,89
MADHYA PRADESH,2005,MINES OR QUARY DISASTER,123,0,3,3,74,45,119
MADHYA PRADESH,2005,FOOD POISIONING/ACCIDENTAL INTAKE OF INSECTICIDES ETC.,2044,61,16,77,1206,829,2035
MADHYA PRADESH,2005,SPURIOUS/POISIONOUS LIQUOR,15,2,0,2,12,1,13
MADHYA PRADESH,2005,LEAKAGE OF POISINOUS GASES ETC.,40,0,0,0,30,10,40
MADHYA PRADESH,2005,SNAKE BITE/ANIMAL BITE,1820,16,4,20,1044,761,1805
MADHYA PRADESH,2005,OTHER,313,3,3,6,175,138,313
MADHYA PRADESH,2005,STAMPEDE,0,0,0,0,0,0,0
MADHYA PRADESH,2005,SUFFOCATION,139,0,1,1,103,36,139
MADHYA PRADESH,2005,TRAFFIC ACCIDENTS(ROAD ACCIDENTS),21474,20753,2476,23229,4633,728,5361
MADHYA PRADESH,2005,TRAFFIC ACCIDENTS(RAIL-ROAD ACCIDENTS),53,0,0,0,52,14,66
MADHYA PRADESH,2005,OTHER RAILWAY ACCIDENTS,1264,3,5,8,1084,178,1262
MADHYA PRADESH,2005,OTHER,3734,592,35,627,2643,978,3621
MADHYA PRADESH,2005,CAUSES NOT KNOWN,2011,47,17,64,1510,479,1989
MADHYA PRADESH,2005,TOTAL,42509,21647,2642,24289,18316,7753,26069
MADHYA PRADESH,2005,TOTAL COLLAPSE,215,14,5,19,145,57,202
MADHYA PRADESH,2005,TOTAL DROWNING,4041,39,38,77,2594,1403,3997
MADHYA PRADESH,2005,TOTAL EXPLOSION,27,4,2,6,23,3,26
MADHYA PRADESH,2005,TOTAL FALLS,671,19,4,23,535,121,656
MADHYA PRADESH,2005,TOTAL FIRE,1947,21,23,44,519,1400,1919
MADHYA PRADESH,2005,TOTAL SUDDEN DEATHS,1185,5,0,5,892,293,1185
MADHYA PRADESH,2005,TOTAL POISONING,4232,82,23,105,2467,1739,4206
MADHYA PRADESH,2005,TOTAL TRAFFIC ACCIDENTS,22791,20756,2481,23237,5769,920,6689
MADHYA PRADESH,2006,AIR-CRASH,0,0,0,0,0,0,0
MADHYA PRADESH,2006,COLLAPSE OF STRUCTURE(HOUSE),144,5,5,10,89,54,143
MADHYA PRADESH,2006,COLLAPSE OF STRUCTURE(BUILDING),20,0,1,1,14,6,20
MADHYA PRADESH,2006,COLLAPSE OF STRUCTURE(DAM),0,0,0,0,0,0,0
MADHYA PRADESH,2006,COLLAPSE OF STRUCTURE(BRIDGE),2,0,0,0,7,2,9
MADHYA PRADESH,2006,COLLAPSE OF STRUCTURE(OTHERS),116,6,3,9,83,30,113
MADHYA PRADESH,2006,DROWNING(BOAT CAPSIZE),270,3,1,4,156,117,273
MADHYA PRADESH,2006,DROWNING(OTHER),3593,12,12,24,2375,1201,3576
MADHYA PRADESH,2006,ELECTROCUTION,1132,7,1,8,890,247,1137
MADHYA PRADESH,2006,EXPLOSION(BOMB EXPLOSION),7,0,0,0,7,0,7
MADHYA PRADESH,2006,EXPLOSION(OTHER EXPLOSION LIKE BOIL,19,1,0,1,13,6,19
MADHYA PRADESH,2006,FALLS(FALL FROM HEIGHT),622,19,3,22,461,132,593
MADHYA PRADESH,2006,FALL INTO PIT/MANHOLE,123,0,0,0,108,16,124
MADHYA PRADESH,2006,FACTORY/MACHINE ACCIDENTS,155,4,2,6,91,60,151
MADHYA PRADESH,2006,FIRE(FIREWORKS/CRACKERS),16,2,0,2,5,9,14
MADHYA PRADESH,2006,FIRE(SHORT-CIRCUIT),27,2,1,3,21,3,24
MADHYA PRADESH,2006,GAS CYLINDER/STOVE BURST,157,3,5,8,28,132,160
MADHYA PRADESH,2006,OTHER FIRE ACCIDENTS,1769,9,14,23,574,1230,1804
MADHYA PRADESH,2006,FIRE-ARMS,128,30,2,32,77,10,87
MADHYA PRADESH,2006,SUDDEN DEATHS(HEART ATTACKS),754,0,0,0,598,157,755
MADHYA PRADESH,2006,EPILEPTIC FITS/GIDDINESS,111,0,0,0,82,29,111
MADHYA PRADESH,2006,ABORTIONS/CHILD BIRTH,193,0,0,0,0,190,190
MADHYA PRADESH,2006,INFLUENCE OF ALCOHOL,246,0,0,0,240,6,246
MADHYA PRADESH,2006,KILLED BY ANIMALS,88,2,0,2,67,19,86
MADHYA PRADESH,2006,MINES OR QUARY DISASTER,133,0,0,0,71,64,135
MADHYA PRADESH,2006,FOOD POISIONING/ACCIDENTAL INTAKE OF INSECTICIDES ETC.,1995,20,16,36,1160,805,1965
MADHYA PRADESH,2006,SPURIOUS/POISIONOUS LIQUOR,42,0,0,0,29,13,42
MADHYA PRADESH,2006,LEAKAGE OF POISINOUS GASES ETC.,86,0,0,0,51,36,87
MADHYA PRADESH,2006,SNAKE BITE/ANIMAL BITE,1953,5,3,8,1092,861,1953
MADHYA PRADESH,2006,OTHER,317,0,0,0,168,149,317
MADHYA PRADESH,2006,STAMPEDE,0,0,0,0,0,0,0
MADHYA PRADESH,2006,SUFFOCATION,588,15,10,25,418,147,565
MADHYA PRADESH,2006,TRAFFIC ACCIDENTS(ROAD ACCIDENTS),25038,24106,3227,27333,4782,816,5598
MADHYA PRADESH,2006,TRAFFIC ACCIDENTS(RAIL-ROAD ACCIDENTS),72,0,0,0,61,11,72
MADHYA PRADESH,2006,OTHER RAILWAY ACCIDENTS,1795,0,0,0,1544,251,1795
MADHYA PRADESH,2006,OTHER,3643,671,30,701,2609,976,3585
MADHYA PRADESH,2006,CAUSES NOT KNOWN,1689,23,4,27,1279,355,1634
MADHYA PRADESH,2006,TOTAL,47043,24945,3340,28285,19250,8140,27390
MADHYA PRADESH,2006,TOTAL COLLAPSE,282,11,9,20,193,92,285
MADHYA PRADESH,2006,TOTAL DROWNING,3863,15,13,28,2531,1318,3849
MADHYA PRADESH,2006,TOTAL EXPLOSION,26,1,0,1,20,6,26
MADHYA PRADESH,2006,TOTAL FALLS,745,19,3,22,569,148,717
MADHYA PRADESH,2006,TOTAL FIRE,1969,16,20,36,628,1374,2002
MADHYA PRADESH,2006,TOTAL SUDDEN DEATHS,1304,0,0,0,920,382,1302
MADHYA PRADESH,2006,TOTAL POISONING,4393,25,19,44,2500,1864,4364
MADHYA PRADESH,2006,TOTAL TRAFFIC ACCIDENTS,26905,24106,3227,27333,6387,1078,7465
MADHYA PRADESH,2007,AIR-CRASH,1,0,0,0,4,0,4
MADHYA PRADESH,2007,COLLAPSE OF STRUCTURE(HOUSE),99,7,2,9,64,31,95
MADHYA PRADESH,2007,COLLAPSE OF STRUCTURE(BUILDING),8,2,2,4,2,2,4
MADHYA PRADESH,2007,COLLAPSE OF STRUCTURE(DAM),1,0,0,0,1,0,1
MADHYA PRADESH,2007,COLLAPSE OF STRUCTURE(BRIDGE),6,0,0,0,6,0,6
MADHYA PRADESH,2007,COLLAPSE OF STRUCTURE(OTHERS),70,0,0,0,50,20,70
MADHYA PRADESH,2007,DROWNING(BOAT CAPSIZE),136,12,3,15,89,48,137
MADHYA PRADESH,2007,DROWNING(OTHER),3820,14,7,21,2615,1199,3814
MADHYA PRADESH,2007,ELECTROCUTION,1296,20,2,22,1037,250,1287
MADHYA PRADESH,2007,EXPLOSION(BOMB EXPLOSION),5,0,0,0,4,1,5
MADHYA PRADESH,2007,EXPLOSION(OTHER EXPLOSION LIKE BOIL,21,2,0,2,17,4,21
MADHYA PRADESH,2007,FALLS(FALL FROM HEIGHT),635,8,2,10,502,137,639
MADHYA PRADESH,2007,FALL INTO PIT/MANHOLE,211,0,0,0,186,25,211
MADHYA PRADESH,2007,FACTORY/MACHINE ACCIDENTS,61,1,0,1,51,9,60
MADHYA PRADESH,2007,FIRE(FIREWORKS/CRACKERS),173,11,14,25,61,88,149
MADHYA PRADESH,2007,FIRE(SHORT-CIRCUIT),26,4,2,6,19,3,22
MADHYA PRADESH,2007,GAS CYLINDER/STOVE BURST,234,3,4,7,104,130,234
MADHYA PRADESH,2007,OTHER FIRE ACCIDENTS,2053,21,19,40,690,1362,2052
MADHYA PRADESH,2007,FIRE-ARMS,82,1,0,1,55,28,83
MADHYA PRADESH,2007,SUDDEN DEATHS(HEART ATTACKS),728,0,0,0,603,125,728
MADHYA PRADESH,2007,EPILEPTIC FITS/GIDDINESS,270,0,0,0,194,76,270
MADHYA PRADESH,2007,ABORTIONS/CHILD BIRTH,171,0,0,0,0,171,171
MADHYA PRADESH,2007,INFLUENCE OF ALCOHOL,344,0,0,0,336,8,344
MADHYA PRADESH,2007,KILLED BY ANIMALS,119,3,0,3,85,33,118
MADHYA PRADESH,2007,MINES OR QUARY DISASTER,145,0,0,0,93,54,147
MADHYA PRADESH,2007,FOOD POISIONING/ACCIDENTAL INTAKE OF INSECTICIDES ETC.,2031,10,4,14,1230,791,2021
MADHYA PRADESH,2007,SPURIOUS/POISIONOUS LIQUOR,14,0,0,0,14,0,14
MADHYA PRADESH,2007,LEAKAGE OF POISINOUS GASES ETC.,26,0,0,0,19,7,26
MADHYA PRADESH,2007,SNAKE BITE/ANIMAL BITE,2155,1,0,1,1251,904,2155
MADHYA PRADESH,2007,OTHER,239,0,0,0,139,102,241
MADHYA PRADESH,2007,STAMPEDE,13,0,0,0,8,5,13
MADHYA PRADESH,2007,SUFFOCATION,451,0,0,0,272,179,451
MADHYA PRADESH,2007,TRAFFIC ACCIDENTS(ROAD ACCIDENTS),28444,26080,3787,29867,5456,890,6346
MADHYA PRADESH,2007,TRAFFIC ACCIDENTS(RAIL-ROAD ACCIDENTS),42,0,0,0,40,2,42
MADHYA PRADESH,2007,OTHER RAILWAY ACCIDENTS,1472,4,1,5,1235,237,1472
MADHYA PRADESH,2007,OTHER,3783,110,22,132,2717,823,3540
MADHYA PRADESH,2007,CAUSES NOT KNOWN,1983,5,4,9,1409,570,1979
MADHYA PRADESH,2007,TOTAL,51368,26319,3875,30194,20658,8314,28972
MADHYA PRADESH,2007,TOTAL COLLAPSE,184,9,4,13,123,53,176
MADHYA PRADESH,2007,TOTAL DROWNING,3956,26,10,36,2704,1247,3951
MADHYA PRADESH,2007,TOTAL EXPLOSION,26,2,0,2,21,5,26
MADHYA PRADESH,2007,TOTAL FALLS,846,8,2,10,688,162,850
MADHYA PRADESH,2007,TOTAL FIRE,2486,39,39,78,874,1583,2457
MADHYA PRADESH,2007,TOTAL SUDDEN DEATHS,1513,0,0,0,1133,380,1513
MADHYA PRADESH,2007,TOTAL POISONING,4465,11,4,15,2653,1804,4457
MADHYA PRADESH,2007,TOTAL TRAFFIC ACCIDENTS,29958,26084,3788,29872,6731,1129,7860
MADHYA PRADESH,2008,AIR-CRASH,0,0,0,0,0,0,0
MADHYA PRADESH,2008,COLLAPSE OF STRUCTURE(HOUSE),106,10,5,15,71,34,105
MADHYA PRADESH,2008,COLLAPSE OF STRUCTURE(BUILDING),5,0,0,0,3,2,5
MADHYA PRADESH,2008,COLLAPSE OF STRUCTURE(DAM),2,0,0,0,2,0,2
MADHYA PRADESH,2008,COLLAPSE OF STRUCTURE(BRIDGE),2,0,0,0,1,1,2
MADHYA PRADESH,2008,COLLAPSE OF STRUCTURE(OTHERS),137,5,3,8,99,39,138
MADHYA PRADESH,2008,DROWNING(BOAT CAPSIZE),337,2,0,2,244,91,335
MADHYA PRADESH,2008,DROWNING(OTHER),3457,47,29,76,2271,1192,3463
MADHYA PRADESH,2008,ELECTROCUTION,1195,39,5,44,992,186,1178
MADHYA PRADESH,2008,EXPLOSION(BOMB EXPLOSION),13,2,0,2,13,0,13
MADHYA PRADESH,2008,EXPLOSION(OTHER EXPLOSION LIKE BOIL,36,12,6,18,23,13,36
MADHYA PRADESH,2008,FALLS(FALL FROM HEIGHT),768,35,5,40,626,134,760
MADHYA PRADESH,2008,FALL INTO PIT/MANHOLE,142,8,3,11,93,44,137
MADHYA PRADESH,2008,FACTORY/MACHINE ACCIDENTS,79,4,2,6,63,12,75
MADHYA PRADESH,2008,FIRE(FIREWORKS/CRACKERS),120,4,0,4,41,20,61
MADHYA PRADESH,2008,FIRE(SHORT-CIRCUIT),75,23,12,35,30,11,41
MADHYA PRADESH,2008,GAS CYLINDER/STOVE BURST,167,13,27,40,36,119,155
MADHYA PRADESH,2008,OTHER FIRE ACCIDENTS,2563,50,62,112,890,1626,2516
MADHYA PRADESH,2008,FIRE-ARMS,81,12,2,14,73,8,81
MADHYA PRADESH,2008,SUDDEN DEATHS(HEART ATTACKS),948,0,0,0,771,177,948
MADHYA PRADESH,2008,EPILEPTIC FITS/GIDDINESS,270,0,0,0,208,62,270
MADHYA PRADESH,2008,ABORTIONS/CHILD BIRTH,143,0,0,0,0,143,143
MADHYA PRADESH,2008,INFLUENCE OF ALCOHOL,362,0,0,0,355,7,362
MADHYA PRADESH,2008,KILLED BY ANIMALS,50,0,0,0,35,15,50
MADHYA PRADESH,2008,MINES OR QUARY DISASTER,134,2,5,7,78,56,134
MADHYA PRADESH,2008,FOOD POISIONING/ACCIDENTAL INTAKE OF INSECTICIDES ETC.,2112,41,15,56,1136,957,2093
MADHYA PRADESH,2008,SPURIOUS/POISIONOUS LIQUOR,26,0,0,0,24,2,26
MADHYA PRADESH,2008,LEAKAGE OF POISINOUS GASES ETC.,25,0,0,0,18,7,25
MADHYA PRADESH,2008,SNAKE BITE/ANIMAL BITE,2033,7,5,12,1167,866,2033
MADHYA PRADESH,2008,OTHER,489,0,0,0,281,223,504
MADHYA PRADESH,2008,STAMPEDE,0,0,0,0,0,0,0
MADHYA PRADESH,2008,SUFFOCATION,556,2,0,2,382,174,556
MADHYA PRADESH,2008,TRAFFIC ACCIDENTS(ROAD ACCIDENTS),34316,30569,5524,36093,6446,1068,7514
MADHYA PRADESH,2008,TRAFFIC ACCIDENTS(RAIL-ROAD ACCIDENTS),32,0,0,0,26,7,33
MADHYA PRADESH,2008,OTHER RAILWAY ACCIDENTS,1599,0,0,0,1343,256,1599
MADHYA PRADESH,2008,OTHER,3112,124,13,137,2353,879,3232
MADHYA PRADESH,2008,CAUSES NOT KNOWN,2162,21,3,24,1488,623,2111
MADHYA PRADESH,2008,TOTAL,57654,31032,5726,36758,21682,9054,30736
MADHYA PRADESH,2008,TOTAL COLLAPSE,252,15,8,23,176,76,252
MADHYA PRADESH,2008,TOTAL DROWNING,3794,49,29,78,2515,1283,3798
MADHYA PRADESH,2008,TOTAL EXPLOSION,49,14,6,20,36,13,49
MADHYA PRADESH,2008,TOTAL FALLS,910,43,8,51,719,178,897
MADHYA PRADESH,2008,TOTAL FIRE,2925,90,101,191,997,1776,2773
MADHYA PRADESH,2008,TOTAL SUDDEN DEATHS,1723,0,0,0,1334,389,1723
MADHYA PRADESH,2008,TOTAL POISONING,4685,48,20,68,2626,2055,4681
MADHYA PRADESH,2008,TOTAL TRAFFIC ACCIDENTS,35947,30569,5524,36093,7815,1331,9146
MADHYA PRADESH,2009,AIR-CRASH,0,0,0,0,0,0,0
MADHYA PRADESH,2009,COLLAPSE OF STRUCTURE(HOUSE),152,32,11,43,100,54,154
MADHYA PRADESH,2009,COLLAPSE OF STRUCTURE(BUILDING),2,0,0,0,2,0,2
MADHYA PRADESH,2009,COLLAPSE OF STRUCTURE(DAM),0,0,0,0,0,0,0
MADHYA PRADESH,2009,COLLAPSE OF STRUCTURE(BRIDGE),0,0,0,0,0,0,0
MADHYA PRADESH,2009,COLLAPSE OF STRUCTURE(OTHERS),190,22,2,24,170,69,239
MADHYA PRADESH,2009,DROWNING(BOAT CAPSIZE),319,4,1,5,230,93,323
MADHYA PRADESH,2009,DROWNING(OTHER),3545,2,2,4,2454,1112,3566
MADHYA PRADESH,2009,ELECTROCUTION,1140,19,2,21,934,215,1149
MADHYA PRADESH,2009,EXPLOSION(BOMB EXPLOSION),8,0,0,0,8,0,8
MADHYA PRADESH,2009,EXPLOSION(OTHER EXPLOSION LIKE BOIL,34,0,0,0,25,9,34
MADHYA PRADESH,2009,FALLS(FALL FROM HEIGHT),770,6,1,7,610,167,777
MADHYA PRADESH,2009,FALL INTO PIT/MANHOLE,157,4,0,4,125,34,159
MADHYA PRADESH,2009,FACTORY/MACHINE ACCIDENTS,140,4,2,6,104,30,134
MADHYA PRADESH,2009,FIRE(FIREWORKS/CRACKERS),194,19,28,47,26,109,135
MADHYA PRADESH,2009,FIRE(SHORT-CIRCUIT),78,0,0,0,63,12,75
MADHYA PRADESH,2009,GAS CYLINDER/STOVE BURST,152,4,14,18,45,111,156
MADHYA PRADESH,2009,OTHER FIRE ACCIDENTS,2515,10,18,28,707,1827,2534
MADHYA PRADESH,2009,FIRE-ARMS,135,22,4,26,115,19,134
MADHYA PRADESH,2009,SUDDEN DEATHS(HEART ATTACKS),808,7,1,8,723,109,832
MADHYA PRADESH,2009,EPILEPTIC FITS/GIDDINESS,155,2,0,2,119,37,156
MADHYA PRADESH,2009,ABORTIONS/CHILD BIRTH,177,0,0,0,0,176,176
MADHYA PRADESH,2009,INFLUENCE OF ALCOHOL,410,4,0,4,403,8,411
MADHYA PRADESH,2009,KILLED BY ANIMALS,69,0,0,0,49,20,69
MADHYA PRADESH,2009,MINES OR QUARY DISASTER,142,10,1,11,84,57,141
MADHYA PRADESH,2009,FOOD POISIONING/ACCIDENTAL INTAKE OF INSECTICIDES ETC.,2056,20,14,34,1245,835,2080
MADHYA PRADESH,2009,SPURIOUS/POISIONOUS LIQUOR,70,2,0,2,43,25,68
MADHYA PRADESH,2009,LEAKAGE OF POISINOUS GASES ETC.,30,4,0,4,27,4,31
MADHYA PRADESH,2009,SNAKE BITE/ANIMAL BITE,2048,22,6,28,1222,836,2058
MADHYA PRADESH,2009,OTHER,613,1,0,1,378,247,625
MADHYA PRADESH,2009,STAMPEDE,37,0,0,0,24,13,37
MADHYA PRADESH,2009,SUFFOCATION,164,3,0,3,116,51,167
MADHYA PRADESH,2009,TRAFFIC ACCIDENTS(ROAD ACCIDENTS),32332,30691,5428,36119,6798,1242,8040
MADHYA PRADESH,2009,TRAFFIC ACCIDENTS(RAIL-ROAD ACCIDENTS),115,0,0,0,88,28,116
MADHYA PRADESH,2009,OTHER RAILWAY ACCIDENTS,1514,0,0,0,1269,247,1516
MADHYA PRADESH,2009,OTHER,4621,1409,174,1583,3190,1261,4451
MADHYA PRADESH,2009,CAUSES NOT KNOWN,2476,89,45,134,1819,586,2405
MADHYA PRADESH,2009,TOTAL,57368,32412,5754,38166,23315,9643,32958
MADHYA PRADESH,2009,TOTAL COLLAPSE,344,54,13,67,272,123,395
MADHYA PRADESH,2009,TOTAL DROWNING,3864,6,3,9,2684,1205,3889
MADHYA PRADESH,2009,TOTAL EXPLOSION,42,0,0,0,33,9,42
MADHYA PRADESH,2009,TOTAL FALLS,927,10,1,11,735,201,936
MADHYA PRADESH,2009,TOTAL FIRE,2939,33,60,93,841,2059,2900
MADHYA PRADESH,2009,TOTAL SUDDEN DEATHS,1550,13,1,14,1245,330,1575
MADHYA PRADESH,2009,TOTAL POISONING,4817,49,20,69,2915,1947,4862
MADHYA PRADESH,2009,TOTAL TRAFFIC ACCIDENTS,33961,30691,5428,36119,8155,1517,9672
MADHYA PRADESH,2010,AIR-CRASH,1,0,0,0,2,0,2
MADHYA PRADESH,2010,COLLAPSE OF STRUCTURE(HOUSE),103,7,3,10,61,39,100
MADHYA PRADESH,2010,COLLAPSE OF STRUCTURE(BUILDING),7,1,0,1,4,2,6
MADHYA PRADESH,2010,COLLAPSE OF STRUCTURE(DAM),0,0,0,0,0,0,0
MADHYA PRADESH,2010,COLLAPSE OF STRUCTURE(BRIDGE),1,0,0,0,1,0,1
MADHYA PRADESH,2010,COLLAPSE OF STRUCTURE(OTHERS),101,0,0,0,68,33,101
MADHYA PRADESH,2010,DROWNING(BOAT CAPSIZE),28,0,0,0,17,13,30
MADHYA PRADESH,2010,DROWNING(OTHER),4447,18,10,28,3030,1399,4429
MADHYA PRADESH,2010,ELECTROCUTION,1265,3,1,4,1008,265,1273
MADHYA PRADESH,2010,EXPLOSION(BOMB EXPLOSION),1,0,0,0,1,1,2
MADHYA PRADESH,2010,EXPLOSION(OTHER EXPLOSION LIKE BOIL,34,3,6,9,15,13,28
MADHYA PRADESH,2010,FALLS(FALL FROM HEIGHT),723,11,4,15,546,167,713
MADHYA PRADESH,2010,FALL INTO PIT/MANHOLE,149,5,5,10,108,31,139
MADHYA PRADESH,2010,FACTORY/MACHINE ACCIDENTS,102,2,0,2,89,12,101
MADHYA PRADESH,2010,FIRE(FIREWORKS/CRACKERS),20,0,0,0,14,6,20
MADHYA PRADESH,2010,FIRE(SHORT-CIRCUIT),54,0,0,0,45,10,55
MADHYA PRADESH,2010,GAS CYLINDER/STOVE BURST,130,9,8,17,40,82,122
MADHYA PRADESH,2010,OTHER FIRE ACCIDENTS,2934,38,22,60,905,2113,3018
MADHYA PRADESH,2010,FIRE-ARMS,181,43,6,49,130,11,141
MADHYA PRADESH,2010,SUDDEN DEATHS(HEART ATTACKS),804,0,0,0,682,122,804
MADHYA PRADESH,2010,EPILEPTIC FITS/GIDDINESS,167,0,0,0,119,48,167
MADHYA PRADESH,2010,ABORTIONS/CHILD BIRTH,168,0,0,0,0,164,164
MADHYA PRADESH,2010,INFLUENCE OF ALCOHOL,480,0,0,0,463,17,480
MADHYA PRADESH,2010,KILLED BY ANIMALS,74,0,0,0,58,16,74
MADHYA PRADESH,2010,MINES OR QUARY DISASTER,110,0,0,0,73,37,110
MADHYA PRADESH,2010,FOOD POISIONING/ACCIDENTAL INTAKE OF INSECTICIDES ETC.,2568,29,16,45,1518,1054,2572
MADHYA PRADESH,2010,SPURIOUS/POISIONOUS LIQUOR,97,8,4,12,45,0,45
MADHYA PRADESH,2010,LEAKAGE OF POISINOUS GASES ETC.,25,0,0,0,22,3,25
MADHYA PRADESH,2010,SNAKE BITE/ANIMAL BITE,2346,0,0,0,1251,1095,2346
MADHYA PRADESH,2010,OTHER,440,0,0,0,242,198,440
MADHYA PRADESH,2010,STAMPEDE,0,0,0,0,0,0,0
MADHYA PRADESH,2010,SUFFOCATION,311,0,0,0,214,100,314
MADHYA PRADESH,2010,TRAFFIC ACCIDENTS(ROAD ACCIDENTS),30127,26821,5236,32057,7384,1155,8539
MADHYA PRADESH,2010,TRAFFIC ACCIDENTS(RAIL-ROAD ACCIDENTS),62,2,0,2,54,9,63
MADHYA PRADESH,2010,OTHER RAILWAY ACCIDENTS,1797,0,0,0,1477,321,1798
MADHYA PRADESH,2010,OTHER,3975,16,0,16,2990,989,3979
MADHYA PRADESH,2010,CAUSES NOT KNOWN,2704,118,52,170,2008,725,2733
MADHYA PRADESH,2010,TOTAL,56536,27134,5373,32507,24684,10250,34934
MADHYA PRADESH,2010,TOTAL COLLAPSE,212,8,3,11,134,74,208
MADHYA PRADESH,2010,TOTAL DROWNING,4475,18,10,28,3047,1412,4459
MADHYA PRADESH,2010,TOTAL EXPLOSION,35,3,6,9,16,14,30
MADHYA PRADESH,2010,TOTAL FALLS,872,16,9,25,654,198,852
MADHYA PRADESH,2010,TOTAL FIRE,3138,47,30,77,1004,2211,3215
MADHYA PRADESH,2010,TOTAL SUDDEN DEATHS,1619,0,0,0,1264,351,1615
MADHYA PRADESH,2010,TOTAL POISONING,5476,37,20,57,3078,2350,5428
MADHYA PRADESH,2010,TOTAL TRAFFIC ACCIDENTS,31986,26823,5236,32059,8915,1485,10400
MADHYA PRADESH,2011,AIR-CRASH,0,0,0,0,0,0,0
MADHYA PRADESH,2011,COLLAPSE OF STRUCTURE(HOUSE),95,5,3,8,63,31,94
MADHYA PRADESH,2011,COLLAPSE OF STRUCTURE(BUILDING),16,7,1,8,11,5,16
MADHYA PRADESH,2011,COLLAPSE OF STRUCTURE(DAM),2,1,0,1,1,1,2
MADHYA PRADESH,2011,COLLAPSE OF STRUCTURE(BRIDGE),13,0,0,0,11,2,13
MADHYA PRADESH,2011,COLLAPSE OF STRUCTURE(OTHERS),139,13,4,17,82,40,122
MADHYA PRADESH,2011,DROWNING(BOAT CAPSIZE),48,0,0,0,35,21,56
MADHYA PRADESH,2011,DROWNING(OTHER),4861,21,13,34,3363,1494,4857
MADHYA PRADESH,2011,ELECTROCUTION,1352,12,15,27,1147,201,1348
MADHYA PRADESH,2011,EXPLOSION(BOMB EXPLOSION),8,3,0,3,11,3,14
MADHYA PRADESH,2011,EXPLOSION(OTHER EXPLOSION LIKE BOIL,22,0,0,0,11,11,22
MADHYA PRADESH,2011,FALLS(FALL FROM HEIGHT),680,7,1,8,545,132,677
MADHYA PRADESH,2011,FALL INTO PIT/MANHOLE,251,0,0,0,200,51,251
MADHYA PRADESH,2011,FACTORY/MACHINE ACCIDENTS,80,2,0,2,63,15,78
MADHYA PRADESH,2011,FIRE(FIREWORKS/CRACKERS),13,1,0,1,10,3,13
MADHYA PRADESH,2011,FIRE(SHORT-CIRCUIT),44,0,1,1,41,4,45
MADHYA PRADESH,2011,GAS CYLINDER/STOVE BURST,187,2,3,5,35,152,187
MADHYA PRADESH,2011,OTHER FIRE ACCIDENTS,3139,19,11,30,974,2176,3150
MADHYA PRADESH,2011,FIRE-ARMS,220,37,4,41,157,22,179
MADHYA PRADESH,2011,SUDDEN DEATHS(HEART ATTACKS),852,0,0,0,730,122,852
MADHYA PRADESH,2011,EPILEPTIC FITS/GIDDINESS,164,2,2,4,126,40,166
MADHYA PRADESH,2011,ABORTIONS/CHILD BIRTH,196,0,0,0,0,195,195
MADHYA PRADESH,2011,INFLUENCE OF ALCOHOL,488,0,0,0,471,15,486
MADHYA PRADESH,2011,KILLED BY ANIMALS,86,1,0,1,61,24,85
MADHYA PRADESH,2011,MINES OR QUARY DISASTER,116,1,2,3,80,39,119
MADHYA PRADESH,2011,FOOD POISIONING/ACCIDENTAL INTAKE OF INSECTICIDES ETC.,2410,15,7,22,1548,902,2450
MADHYA PRADESH,2011,SPURIOUS/POISIONOUS LIQUOR,15,0,0,0,13,2,15
MADHYA PRADESH,2011,LEAKAGE OF POISINOUS GASES ETC.,6,0,0,0,6,0,6
MADHYA PRADESH,2011,SNAKE BITE/ANIMAL BITE,2136,7,2,9,1164,995,2159
MADHYA PRADESH,2011,OTHER,576,0,0,0,324,251,575
MADHYA PRADESH,2011,STAMPEDE,9,0,0,0,6,3,9
MADHYA PRADESH,2011,SUFFOCATION,617,0,0,0,437,180,617
MADHYA PRADESH,2011,TRAFFIC ACCIDENTS(ROAD ACCIDENTS),30573,26424,5660,32084,7028,1228,8256
MADHYA PRADESH,2011,TRAFFIC ACCIDENTS(RAIL-ROAD ACCIDENTS),55,0,0,0,50,5,55
MADHYA PRADESH,2011,OTHER RAILWAY ACCIDENTS,1615,7,3,10,1388,236,1624
MADHYA PRADESH,2011,OTHER,4049,128,12,140,3011,1051,4062
MADHYA PRADESH,2011,CAUSES NOT KNOWN,2887,5,2,7,1977,914,2891
MADHYA PRADESH,2011,TOTAL,58020,26720,5746,32466,25180,10566,35746
MADHYA PRADESH,2011,TOTAL COLLAPSE,265,26,8,34,168,79,247
MADHYA PRADESH,2011,TOTAL DROWNING,4909,21,13,34,3398,1515,4913
MADHYA PRADESH,2011,TOTAL EXPLOSION,30,3,0,3,22,14,36
MADHYA PRADESH,2011,TOTAL FALLS,931,7,1,8,745,183,928
MADHYA PRADESH,2011,TOTAL FIRE,3383,22,15,37,1060,2335,3395
MADHYA PRADESH,2011,TOTAL SUDDEN DEATHS,1700,2,2,4,1327,372,1699
MADHYA PRADESH,2011,TOTAL POISONING,5143,22,9,31,3055,2150,5205
MADHYA PRADESH,2011,TOTAL TRAFFIC ACCIDENTS,32243,26431,5663,32094,8466,1469,9935
MADHYA PRADESH,2012,AIR-CRASH,0,0,0,0,0,0,0
MADHYA PRADESH,2012,COLLAPSE OF STRUCTURE(HOUSE),135,4,5,9,94,41,135
MADHYA PRADESH,2012,COLLAPSE OF STRUCTURE(BUILDING),3,0,0,0,2,1,3
MADHYA PRADESH,2012,COLLAPSE OF STRUCTURE(DAM),13,0,0,0,8,5,13
MADHYA PRADESH,2012,COLLAPSE OF STRUCTURE(BRIDGE),1,0,0,0,0,1,1
MADHYA PRADESH,2012,COLLAPSE OF STRUCTURE(OTHERS),135,17,7,24,94,38,132
MADHYA PRADESH,2012,DROWNING(BOAT CAPSIZE),107,6,2,8,92,20,112
MADHYA PRADESH,2012,DROWNING(OTHER),4357,5,4,9,2979,1410,4389
MADHYA PRADESH,2012,ELECTROCUTION,1492,3,0,3,1258,241,1499
MADHYA PRADESH,2012,EXPLOSION(BOMB EXPLOSION),9,0,0,0,8,1,9
MADHYA PRADESH,2012,EXPLOSION(OTHER EXPLOSION LIKE BOIL,17,3,0,3,12,5,17
MADHYA PRADESH,2012,FALLS(FALL FROM HEIGHT),762,0,0,0,606,156,762
MADHYA PRADESH,2012,FALL INTO PIT/MANHOLE,206,1,0,1,149,57,206
MADHYA PRADESH,2012,FACTORY/MACHINE ACCIDENTS,75,2,0,2,57,16,73
MADHYA PRADESH,2012,FIRE(FIREWORKS/CRACKERS),7,0,0,0,6,1,7
MADHYA PRADESH,2012,FIRE(SHORT-CIRCUIT),74,2,0,2,59,13,72
MADHYA PRADESH,2012,GAS CYLINDER/STOVE BURST,189,0,0,0,34,155,189
MADHYA PRADESH,2012,OTHER FIRE ACCIDENTS,2760,9,8,17,856,1920,2776
MADHYA PRADESH,2012,FIRE-ARMS,205,86,10,96,136,11,147
MADHYA PRADESH,2012,SUDDEN DEATHS(HEART ATTACKS),839,0,0,0,710,133,843
MADHYA PRADESH,2012,EPILEPTIC FITS/GIDDINESS,112,1,1,2,80,32,112
MADHYA PRADESH,2012,ABORTIONS/CHILD BIRTH,152,0,1,1,0,151,151
MADHYA PRADESH,2012,INFLUENCE OF ALCOHOL,564,3,0,3,548,16,564
MADHYA PRADESH,2012,KILLED BY ANIMALS,102,0,0,0,82,20,102
MADHYA PRADESH,2012,MINES OR QUARY DISASTER,91,0,0,0,52,46,98
MADHYA PRADESH,2012,FOOD POISIONING/ACCIDENTAL INTAKE OF INSECTICIDES ETC.,2004,24,24,48,1172,864,2036
MADHYA PRADESH,2012,SPURIOUS/POISIONOUS LIQUOR,15,0,0,0,15,0,15
MADHYA PRADESH,2012,LEAKAGE OF POISINOUS GASES ETC.,4,0,0,0,6,0,6
MADHYA PRADESH,2012,SNAKE BITE/ANIMAL BITE,2465,0,5,5,1318,1159,2477
MADHYA PRADESH,2012,OTHER,387,0,0,0,247,143,390
MADHYA PRADESH,2012,STAMPEDE,14,0,0,0,12,3,15
MADHYA PRADESH,2012,SUFFOCATION,611,0,0,0,439,182,621
MADHYA PRADESH,2012,TRAFFIC ACCIDENTS(ROAD ACCIDENTS),29173,23795,4256,28051,7270,1236,8506
MADHYA PRADESH,2012,TRAFFIC ACCIDENTS(RAIL-ROAD ACCIDENTS),289,2,0,2,249,40,289
MADHYA PRADESH,2012,OTHER RAILWAY ACCIDENTS,1974,0,0,0,1751,225,1976
MADHYA PRADESH,2012,OTHER,3562,0,0,0,2689,937,3626
MADHYA PRADESH,2012,CAUSES NOT KNOWN,2927,1,1,2,2280,654,2934
MADHYA PRADESH,2012,TOTAL,55832,23964,4324,28288,25370,9933,35303
MADHYA PRADESH,2012,TOTAL COLLAPSE,287,21,12,33,198,86,284
MADHYA PRADESH,2012,TOTAL DROWNING,4464,11,6,17,3071,1430,4501
MADHYA PRADESH,2012,TOTAL EXPLOSION,26,3,0,3,20,6,26
MADHYA PRADESH,2012,TOTAL FALLS,968,1,0,1,755,213,968
MADHYA PRADESH,2012,TOTAL FIRE,3030,11,8,19,955,2089,3044
MADHYA PRADESH,2012,TOTAL SUDDEN DEATHS,1667,4,2,6,1338,332,1670
MADHYA PRADESH,2012,TOTAL POISONING,4875,24,29,53,2758,2166,4924
MADHYA PRADESH,2012,TOTAL TRAFFIC ACCIDENTS,31436,23797,4256,28053,9270,1501,10771
MAHARASHTRA,2001,AIR-CRASH,1,2,4,6,0,0,0
MAHARASHTRA,2001,COLLAPSE OF STRUCTURE(HOUSE),146,34,51,85,62,34,96
MAHARASHTRA,2001,COLLAPSE OF STRUCTURE(BUILDING),18,24,16,40,14,4,18
MAHARASHTRA,2001,COLLAPSE OF STRUCTURE(DAM),1,0,0,0,1,0,1
MAHARASHTRA,2001,COLLAPSE OF STRUCTURE(BRIDGE),2,0,0,0,2,0,2
MAHARASHTRA,2001,COLLAPSE OF STRUCTURE(OTHERS),216,84,42,126,95,31,126
MAHARASHTRA,2001,DROWNING(BOAT CAPSIZE),17,0,0,0,21,2,23
MAHARASHTRA,2001,DROWNING(OTHER),4812,27,40,67,3251,1601,4852
MAHARASHTRA,2001,ELECTROCUTION,887,26,9,35,723,140,863
MAHARASHTRA,2001,EXPLOSION(BOMB EXPLOSION),1,1,1,2,1,1,2
MAHARASHTRA,2001,EXPLOSION(OTHER EXPLOSION LIKE BOILERS,,59,24,3,27,74,2,76
MAHARASHTRA,2001,FALLS(FALL FROM HEIGHT),1557,257,43,300,1048,218,1266
MAHARASHTRA,2001,FALL INTO PIT/MANHOLE,269,51,16,67,186,29,215
MAHARASHTRA,2001,FACTORY/MACHINE ACCIDENTS,120,46,7,53,68,11,79
MAHARASHTRA,2001,FIRE(FIREWORKS/CRACKERS),82,32,18,50,22,20,42
MAHARASHTRA,2001,FIRE(SHORT-CIRCUIT),221,36,20,56,135,40,175
MAHARASHTRA,2001,GAS CYLINDER/STOVE BURST,186,9,11,20,41,149,190
MAHARASHTRA,2001,OTHER FIRE ACCIDENTS,5954,278,359,637,1584,4050,5634
MAHARASHTRA,2001,FIRE-ARMS,75,0,0,0,99,0,99
MAHARASHTRA,2001,SUDDEN DEATHS(HEART ATTACKS),3348,20,9,29,2700,619,3319
MAHARASHTRA,2001,EPILEPTIC FITS/GIDDINESS,1219,154,56,210,768,241,1009
MAHARASHTRA,2001,ABORTIONS/CHILD BIRTH,239,0,0,0,0,239,239
MAHARASHTRA,2001,INFLUENCE OF ALCOHOL,1137,46,0,46,1060,32,1092
MAHARASHTRA,2001,KILLED BY ANIMALS,150,52,18,70,62,22,84
MAHARASHTRA,2001,MINES OR QUARY DISASTER,46,2,0,2,46,10,56
MAHARASHTRA,2001,FOOD POISIONING/ACCIDENTAL INTAKE OF INSECTICIDES ETC.,2328,949,589,1538,1355,758,2113
MAHARASHTRA,2001,SPURIOUS/POISIONOUS LIQUOR,42,0,0,0,34,8,42
MAHARASHTRA,2001,LEAKAGE OF POISINOUS GASES ETC.,4,7,0,7,3,0,3
MAHARASHTRA,2001,SNAKE BITE/ANIMAL BITE,1189,130,90,220,762,400,1162
MAHARASHTRA,2001,OTHER,531,34,22,56,323,165,488
MAHARASHTRA,2001,STAMPEDE,0,0,0,0,0,0,0
MAHARASHTRA,2001,SUFFOCATION,99,0,0,0,80,31,111
MAHARASHTRA,2001,TRAFFIC ACCIDENTS(ROAD ACCIDENTS),37269,29898,5989,35887,8686,1736,10422
MAHARASHTRA,2001,TRAFFIC ACCIDENTS(RAIL-ROAD ACCIDENTS),29,1,1,2,31,7,38
MAHARASHTRA,2001,OTHER RAILWAY ACCIDENTS,7451,2406,314,2720,4164,600,4764
MAHARASHTRA,2001,OTHER,1027,320,57,377,509,144,653
MAHARASHTRA,2001,CAUSES NOT KNOWN,3879,19,7,26,3006,987,3993
MAHARASHTRA,2001,TOTAL,74611,34969,7792,42761,31016,12331,43347
MAHARASHTRA,2001,TOTAL COLLAPSE,383,142,109,251,174,69,243
MAHARASHTRA,2001,TOTAL DROWNING,4829,27,40,67,3272,1603,4875
MAHARASHTRA,2001,TOTAL EXPLOSION,60,25,4,29,75,3,78
MAHARASHTRA,2001,TOTAL FALLS,1826,308,59,367,1234,247,1481
MAHARASHTRA,2001,TOTAL FIRE,6443,355,408,763,1782,4259,6041
MAHARASHTRA,2001,TOTAL SUDDEN DEATHS,5943,220,65,285,4528,1131,5659
MAHARASHTRA,2001,TOTAL POISONING,4094,1120,701,1821,2477,1331,3808
MAHARASHTRA,2001,TOTAL TRAFFIC ACCIDENTS,44749,32305,6304,38609,12881,2343,15224
MAHARASHTRA,2002,AIR-CRASH,1,0,0,0,5,0,5
MAHARASHTRA,2002,COLLAPSE OF STRUCTURE(HOUSE),109,6,10,16,65,40,105
MAHARASHTRA,2002,COLLAPSE OF STRUCTURE(BUILDING),12,15,8,23,9,3,12
MAHARASHTRA,2002,COLLAPSE OF STRUCTURE(DAM),2,0,0,0,2,0,2
MAHARASHTRA,2002,COLLAPSE OF STRUCTURE(BRIDGE),0,0,0,0,0,0,0
MAHARASHTRA,2002,COLLAPSE OF STRUCTURE(OTHERS),135,8,2,10,114,25,139
MAHARASHTRA,2002,DROWNING(BOAT CAPSIZE),9,0,0,0,9,0,9
MAHARASHTRA,2002,DROWNING(OTHER),4964,16,4,20,3367,1673,5040
MAHARASHTRA,2002,ELECTROCUTION,990,33,8,41,814,144,958
MAHARASHTRA,2002,EXPLOSION(BOMB EXPLOSION),3,89,16,105,2,0,2
MAHARASHTRA,2002,EXPLOSION(OTHER EXPLOSION LIKE BOILERS, GAS CYLINDER ETC.),32,16,0,16,30,9,39
MAHARASHTRA,2002,FALLS(FALL FROM HEIGHT),1601,144,36,180,1214,210,1424
MAHARASHTRA,2002,FALL INTO PIT/MANHOLE,328,18,0,18,263,52,315
MAHARASHTRA,2002,FACTORY/MACHINE ACCIDENTS,138,46,12,58,80,5,85
MAHARASHTRA,2002,FIRE(FIREWORKS/CRACKERS),25,8,6,14,5,6,11
MAHARASHTRA,2002,FIRE(SHORT-CIRCUIT),154,3,5,8,119,27,146
MAHARASHTRA,2002,GAS CYLINDER/STOVE BURST,80,4,7,11,21,51,72
MAHARASHTRA,2002,OTHER FIRE ACCIDENTS,5932,210,269,479,1546,3973,5519
MAHARASHTRA,2002,FIRE-ARMS,39,3,0,3,49,0,49
MAHARASHTRA,2002,SUDDEN DEATHS(HEART ATTACKS),3577,42,25,67,2961,549,3510
MAHARASHTRA,2002,EPILEPTIC FITS/GIDDINESS,1449,193,74,267,910,272,1182
MAHARASHTRA,2002,ABORTIONS/CHILD BIRTH,268,0,1,1,0,267,267
MAHARASHTRA,2002,INFLUENCE OF ALCOHOL,1283,45,5,50,1190,43,1233
MAHARASHTRA,2002,KILLED BY ANIMALS,204,53,18,71,92,42,134
MAHARASHTRA,2002,MINES OR QUARY DISASTER,22,0,0,0,21,4,25
MAHARASHTRA,2002,FOOD POISIONING/ACCIDENTAL INTAKE OF INSECTICIDES ETC.,1935,393,218,611,990,554,1544
MAHARASHTRA,2002,SPURIOUS/POISIONOUS LIQUOR,95,7,0,7,83,23,106
MAHARASHTRA,2002,LEAKAGE OF POISINOUS GASES ETC.,3,0,0,0,3,1,4
MAHARASHTRA,2002,SNAKE BITE/ANIMAL BITE,1374,160,97,257,736,385,1121
MAHARASHTRA,2002,OTHER,111,37,17,54,38,19,57
MAHARASHTRA,2002,STAMPEDE,0,0,0,0,0,0,0
MAHARASHTRA,2002,SUFFOCATION,76,5,0,5,54,22,76
MAHARASHTRA,2002,TRAFFIC ACCIDENTS(ROAD ACCIDENTS),39561,29855,5837,35692,8779,1483,10262
MAHARASHTRA,2002,TRAFFIC ACCIDENTS(RAIL-ROAD ACCIDENTS),66,1,0,1,58,9,67
MAHARASHTRA,2002,OTHER RAILWAY ACCIDENTS,7297,2280,285,2565,4153,599,4752
MAHARASHTRA,2002,OTHER,11598,277,70,347,8621,2648,11269
MAHARASHTRA,2002,CAUSES NOT KNOWN,2610,2,4,6,1998,607,2605
MAHARASHTRA,2002,TOTAL,86083,33969,7034,41003,38401,13745,52146
MAHARASHTRA,2002,TOTAL COLLAPSE,258,29,20,49,190,68,258
MAHARASHTRA,2002,TOTAL DROWNING,4973,16,4,20,3376,1673,5049
MAHARASHTRA,2002,TOTAL EXPLOSION,35,105,16,121,32,9,41
MAHARASHTRA,2002,TOTAL FALLS,1929,162,36,198,1477,262,1739
MAHARASHTRA,2002,TOTAL FIRE,6191,225,287,512,1691,4057,5748
MAHARASHTRA,2002,TOTAL SUDDEN DEATHS,6577,280,105,385,5061,1131,6192
MAHARASHTRA,2002,TOTAL POISONING,3518,597,332,929,1850,982,2832
MAHARASHTRA,2002,TOTAL TRAFFIC ACCIDENTS,46924,32136,6122,38258,12990,2091,15081
MAHARASHTRA,2003,AIR-CRASH,1,0,0,0,26,0,26
MAHARASHTRA,2003,COLLAPSE OF STRUCTURE(HOUSE),94,12,2,14,57,38,95
MAHARASHTRA,2003,COLLAPSE OF STRUCTURE(BUILDING),28,0,0,0,27,8,35
MAHARASHTRA,2003,COLLAPSE OF STRUCTURE(DAM),0,0,0,0,0,0,0
MAHARASHTRA,2003,COLLAPSE OF STRUCTURE(BRIDGE),3,0,0,0,3,0,3
MAHARASHTRA,2003,COLLAPSE OF STRUCTURE(OTHERS),136,0,2,2,111,31,142
MAHARASHTRA,2003,DROWNING(BOAT CAPSIZE),16,0,0,0,19,5,24
MAHARASHTRA,2003,DROWNING(OTHER),4581,33,11,44,3307,1430,4737
MAHARASHTRA,2003,ELECTROCUTION,1040,56,26,82,815,161,976
MAHARASHTRA,2003,EXPLOSION(BOMB EXPLOSION),5,272,52,324,56,11,67
MAHARASHTRA,2003,EXPLOSION(OTHER EXPLOSION LIKE BOILERS,,26,2,1,3,26,6,32
MAHARASHTRA,2003,FALLS(FALL FROM HEIGHT),1668,137,31,168,1348,156,1504
MAHARASHTRA,2003,FALL INTO PIT/MANHOLE,447,59,17,76,308,64,372
MAHARASHTRA,2003,FACTORY/MACHINE ACCIDENTS,131,41,4,45,88,4,92
MAHARASHTRA,2003,FIRE(FIREWORKS/CRACKERS),8,1,0,1,5,2,7
MAHARASHTRA,2003,FIRE(SHORT-CIRCUIT),100,5,0,5,84,17,101
MAHARASHTRA,2003,GAS CYLINDER/STOVE BURST,358,3,9,12,62,297,359
MAHARASHTRA,2003,OTHER FIRE ACCIDENTS,5288,325,388,713,1253,3498,4751
MAHARASHTRA,2003,FIRE-ARMS,31,1,0,1,43,0,43
MAHARASHTRA,2003,SUDDEN DEATHS(HEART ATTACKS),4128,44,16,60,3475,591,4066
MAHARASHTRA,2003,EPILEPTIC FITS/GIDDINESS,1385,185,69,254,880,253,1133
MAHARASHTRA,2003,ABORTIONS/CHILD BIRTH,278,0,0,0,0,278,278
MAHARASHTRA,2003,INFLUENCE OF ALCOHOL,1138,35,0,35,1083,21,1104
MAHARASHTRA,2003,KILLED BY ANIMALS,195,58,21,79,78,38,116
MAHARASHTRA,2003,MINES OR QUARY DISASTER,17,0,0,0,15,2,17
MAHARASHTRA,2003,FOOD POISIONING/ACCIDENTAL INTAKE OF INSECTICIDES ETC.,2941,1009,1009,2018,1203,594,1797
MAHARASHTRA,2003,SPURIOUS/POISIONOUS LIQUOR,21,0,0,0,19,5,24
MAHARASHTRA,2003,LEAKAGE OF POISINOUS GASES ETC.,2,0,0,0,2,0,2
MAHARASHTRA,2003,SNAKE BITE/ANIMAL BITE,1812,471,298,769,664,387,1051
MAHARASHTRA,2003,OTHER,61,2,0,2,48,11,59
MAHARASHTRA,2003,STAMPEDE,1,55,63,118,3,26,29
MAHARASHTRA,2003,SUFFOCATION,53,3,2,5,46,6,52
MAHARASHTRA,2003,TRAFFIC ACCIDENTS(ROAD ACCIDENTS),43022,33906,6749,40655,8872,1372,10244
MAHARASHTRA,2003,TRAFFIC ACCIDENTS(RAIL-ROAD ACCIDENTS),55,1,0,1,49,7,56
MAHARASHTRA,2003,OTHER RAILWAY ACCIDENTS,7630,2421,335,2756,4473,563,5036
MAHARASHTRA,2003,OTHER,12332,259,72,331,9266,2913,12179
MAHARASHTRA,2003,CAUSES NOT KNOWN,1093,0,0,0,874,219,1093
MAHARASHTRA,2003,TOTAL,90125,39396,9177,48573,38688,13014,51702
MAHARASHTRA,2003,TOTAL COLLAPSE,261,12,4,16,198,77,275
MAHARASHTRA,2003,TOTAL DROWNING,4597,33,11,44,3326,1435,4761
MAHARASHTRA,2003,TOTAL EXPLOSION,31,274,53,327,82,17,99
MAHARASHTRA,2003,TOTAL FALLS,2115,196,48,244,1656,220,1876
MAHARASHTRA,2003,TOTAL FIRE,5754,334,397,731,1404,3814,5218
MAHARASHTRA,2003,TOTAL SUDDEN DEATHS,6929,264,85,349,5438,1143,6581
MAHARASHTRA,2003,TOTAL POISONING,4837,1482,1307,2789,1936,997,2933
MAHARASHTRA,2003,TOTAL TRAFFIC ACCIDENTS,50707,36328,7084,43412,13394,1942,15336
MAHARASHTRA,2004,AIR-CRASH,0,0,0,0,0,0,0
MAHARASHTRA,2004,COLLAPSE OF STRUCTURE(HOUSE),121,10,4,14,75,41,116
MAHARASHTRA,2004,COLLAPSE OF STRUCTURE(BUILDING),39,6,6,12,27,4,31
MAHARASHTRA,2004,COLLAPSE OF STRUCTURE(DAM),0,0,0,0,0,0,0
MAHARASHTRA,2004,COLLAPSE OF STRUCTURE(BRIDGE),1,12,0,12,4,0,4
MAHARASHTRA,2004,COLLAPSE OF STRUCTURE(OTHERS),161,25,8,33,113,44,157
MAHARASHTRA,2004,DROWNING(BOAT CAPSIZE),6,4,1,5,8,4,12
MAHARASHTRA,2004,DROWNING(OTHER),4638,20,11,31,3297,1410,4707
MAHARASHTRA,2004,ELECTROCUTION,1047,60,23,83,853,122,975
MAHARASHTRA,2004,EXPLOSION(BOMB EXPLOSION),1,20,0,20,0,0,0
MAHARASHTRA,2004,EXPLOSION(OTHER EXPLOSION LIKE BOILERS,,16,27,2,29,19,1,20
MAHARASHTRA,2004,FALLS(FALL FROM HEIGHT),1914,240,64,304,1377,238,1615
MAHARASHTRA,2004,FALL INTO PIT/MANHOLE,675,218,102,320,326,64,390
MAHARASHTRA,2004,FACTORY/MACHINE ACCIDENTS,148,67,3,70,94,7,101
MAHARASHTRA,2004,FIRE(FIREWORKS/CRACKERS),14,8,4,12,2,1,3
MAHARASHTRA,2004,FIRE(SHORT-CIRCUIT),153,19,7,26,106,24,130
MAHARASHTRA,2004,GAS CYLINDER/STOVE BURST,157,12,1,13,28,122,150
MAHARASHTRA,2004,OTHER FIRE ACCIDENTS,5337,472,641,1113,1181,3215,4396
MAHARASHTRA,2004,FIRE-ARMS,16,2,0,2,17,0,17
MAHARASHTRA,2004,SUDDEN DEATHS(HEART ATTACKS),4428,120,28,148,3629,651,4280
MAHARASHTRA,2004,EPILEPTIC FITS/GIDDINESS,1413,217,78,295,864,254,1118
MAHARASHTRA,2004,ABORTIONS/CHILD BIRTH,267,0,1,1,0,266,266
MAHARASHTRA,2004,INFLUENCE OF ALCOHOL,1211,83,5,88,1104,19,1123
MAHARASHTRA,2004,KILLED BY ANIMALS,186,43,20,63,105,22,127
MAHARASHTRA,2004,MINES OR QUARY DISASTER,34,4,0,4,26,5,31
MAHARASHTRA,2004,FOOD POISIONING/ACCIDENTAL INTAKE OF INSECTICIDES ETC.,2842,843,680,1523,1021,466,1487
MAHARASHTRA,2004,SPURIOUS/POISIONOUS LIQUOR,90,0,0,0,88,2,90
MAHARASHTRA,2004,LEAKAGE OF POISINOUS GASES ETC.,0,0,0,0,0,0,0
MAHARASHTRA,2004,SNAKE BITE/ANIMAL BITE,1572,331,225,556,684,341,1025
MAHARASHTRA,2004,OTHER,37,13,5,18,17,8,25
MAHARASHTRA,2004,STAMPEDE,1,0,0,0,1,0,1
MAHARASHTRA,2004,SUFFOCATION,51,0,0,0,45,13,58
MAHARASHTRA,2004,TRAFFIC ACCIDENTS(ROAD ACCIDENTS),44539,37789,7826,45615,9191,1414,10605
MAHARASHTRA,2004,TRAFFIC ACCIDENTS(RAIL-ROAD ACCIDENTS),46,4,4,8,29,9,38
MAHARASHTRA,2004,OTHER RAILWAY ACCIDENTS,7696,2487,321,2808,4367,533,4900
MAHARASHTRA,2004,OTHER,12668,214,53,267,9746,2913,12659
MAHARASHTRA,2004,CAUSES NOT KNOWN,293,2,0,2,236,56,292
MAHARASHTRA,2004,TOTAL,91818,43372,10123,53495,38680,12269,50949
MAHARASHTRA,2004,TOTAL COLLAPSE,322,53,18,71,219,89,308
MAHARASHTRA,2004,TOTAL DROWNING,4644,24,12,36,3305,1414,4719
MAHARASHTRA,2004,TOTAL EXPLOSION,17,47,2,49,19,1,20
MAHARASHTRA,2004,TOTAL FALLS,2589,458,166,624,1703,302,2005
MAHARASHTRA,2004,TOTAL FIRE,5661,511,653,1164,1317,3362,4679
MAHARASHTRA,2004,TOTAL SUDDEN DEATHS,7319,420,112,532,5597,1190,6787
MAHARASHTRA,2004,TOTAL POISONING,4541,1187,910,2097,1810,817,2627
MAHARASHTRA,2004,TOTAL TRAFFIC ACCIDENTS,52281,40280,8151,48431,13587,1956,15543
MAHARASHTRA,2005,AIR-CRASH,0,0,0,0,0,0,0
MAHARASHTRA,2005,COLLAPSE OF STRUCTURE(HOUSE),130,20,10,30,67,57,124
MAHARASHTRA,2005,COLLAPSE OF STRUCTURE(BUILDING),52,5,1,6,41,19,60
MAHARASHTRA,2005,COLLAPSE OF STRUCTURE(DAM),1,0,0,0,1,0,1
MAHARASHTRA,2005,COLLAPSE OF STRUCTURE(BRIDGE),1,0,0,0,1,0,1
MAHARASHTRA,2005,COLLAPSE OF STRUCTURE(OTHERS),192,26,13,39,139,37,176
MAHARASHTRA,2005,DROWNING(BOAT CAPSIZE),28,0,0,0,29,14,43
MAHARASHTRA,2005,DROWNING(OTHER),5092,42,38,80,3635,1479,5114
MAHARASHTRA,2005,ELECTROCUTION,1140,65,22,87,919,138,1057
MAHARASHTRA,2005,EXPLOSION(BOMB EXPLOSION),0,0,0,0,0,0,0
MAHARASHTRA,2005,EXPLOSION(OTHER EXPLOSION LIKE BOILERS,,33,29,4,33,25,7,32
MAHARASHTRA,2005,FALLS(FALL FROM HEIGHT),1856,299,91,390,1287,184,1471
MAHARASHTRA,2005,FALL INTO PIT/MANHOLE,670,227,75,302,283,87,370
MAHARASHTRA,2005,FACTORY/MACHINE ACCIDENTS,155,84,2,86,65,8,73
MAHARASHTRA,2005,FIRE(FIREWORKS/CRACKERS),12,12,1,13,3,1,4
MAHARASHTRA,2005,FIRE(SHORT-CIRCUIT),118,14,4,18,84,18,102
MAHARASHTRA,2005,GAS CYLINDER/STOVE BURST,177,13,16,29,27,130,157
MAHARASHTRA,2005,OTHER FIRE ACCIDENTS,5586,436,740,1176,1142,3368,4510
MAHARASHTRA,2005,FIRE-ARMS,17,1,0,1,17,0,17
MAHARASHTRA,2005,SUDDEN DEATHS(HEART ATTACKS),5403,712,417,1129,3661,613,4274
MAHARASHTRA,2005,EPILEPTIC FITS/GIDDINESS,1566,313,140,453,845,268,1113
MAHARASHTRA,2005,ABORTIONS/CHILD BIRTH,297,0,0,0,0,297,297
MAHARASHTRA,2005,INFLUENCE OF ALCOHOL,1252,269,0,269,974,11,985
MAHARASHTRA,2005,KILLED BY ANIMALS,256,135,49,184,59,13,72
MAHARASHTRA,2005,MINES OR QUARY DISASTER,17,0,0,0,12,6,18
MAHARASHTRA,2005,FOOD POISIONING/ACCIDENTAL INTAKE OF INSECTICIDES ETC.,2376,516,471,987,1032,420,1452
MAHARASHTRA,2005,SPURIOUS/POISIONOUS LIQUOR,1,0,0,0,4,2,6
MAHARASHTRA,2005,LEAKAGE OF POISINOUS GASES ETC.,5,0,0,0,7,0,7
MAHARASHTRA,2005,SNAKE BITE/ANIMAL BITE,1949,497,323,820,693,441,1134
MAHARASHTRA,2005,OTHER,661,317,279,596,50,18,68
MAHARASHTRA,2005,STAMPEDE,23,91,64,155,126,189,315
MAHARASHTRA,2005,SUFFOCATION,56,0,1,1,51,15,66
MAHARASHTRA,2005,TRAFFIC ACCIDENTS(ROAD ACCIDENTS),46586,38478,7531,46009,9170,1443,10613
MAHARASHTRA,2005,TRAFFIC ACCIDENTS(RAIL-ROAD ACCIDENTS),42,14,3,17,52,48,100
MAHARASHTRA,2005,OTHER RAILWAY ACCIDENTS,7495,2519,319,2838,4129,553,4682
MAHARASHTRA,2005,OTHER,14222,1229,510,1739,9550,3020,12570
MAHARASHTRA,2005,CAUSES NOT KNOWN,202,8,1,9,155,39,194
MAHARASHTRA,2005,TOTAL,97669,46371,11125,57496,38335,12943,51278
MAHARASHTRA,2005,TOTAL COLLAPSE,376,51,24,75,249,113,362
MAHARASHTRA,2005,TOTAL DROWNING,5120,42,38,80,3664,1493,5157
MAHARASHTRA,2005,TOTAL EXPLOSION,33,29,4,33,25,7,32
MAHARASHTRA,2005,TOTAL FALLS,2526,526,166,692,1570,271,1841
MAHARASHTRA,2005,TOTAL FIRE,5893,475,761,1236,1256,3517,4773
MAHARASHTRA,2005,TOTAL SUDDEN DEATHS,8518,1294,557,1851,5480,1189,6669
MAHARASHTRA,2005,TOTAL POISONING,4992,1330,1073,2403,1786,881,2667
MAHARASHTRA,2005,TOTAL TRAFFIC ACCIDENTS,54123,41011,7853,48864,13351,2044,15395
MAHARASHTRA,2006,AIR-CRASH,0,0,0,0,0,0,0
MAHARASHTRA,2006,COLLAPSE OF STRUCTURE(HOUSE),158,28,17,45,81,59,140
MAHARASHTRA,2006,COLLAPSE OF STRUCTURE(BUILDING),47,11,1,12,31,8,39
MAHARASHTRA,2006,COLLAPSE OF STRUCTURE(DAM),0,0,0,0,0,0,0
MAHARASHTRA,2006,COLLAPSE OF STRUCTURE(BRIDGE),2,0,0,0,5,1,6
MAHARASHTRA,2006,COLLAPSE OF STRUCTURE(OTHERS),196,51,21,72,99,43,142
MAHARASHTRA,2006,DROWNING(BOAT CAPSIZE),15,0,0,0,22,8,30
MAHARASHTRA,2006,DROWNING(OTHER),5466,125,39,164,3933,1515,5448
MAHARASHTRA,2006,ELECTROCUTION,1343,114,38,152,1022,176,1198
MAHARASHTRA,2006,EXPLOSION(BOMB EXPLOSION),12,803,38,841,195,7,202
MAHARASHTRA,2006,EXPLOSION(OTHER EXPLOSION LIKE BOIL,22,8,0,8,23,3,26
MAHARASHTRA,2006,FALLS(FALL FROM HEIGHT),1841,286,69,355,1303,196,1499
MAHARASHTRA,2006,FALL INTO PIT/MANHOLE,943,433,113,546,333,79,412
MAHARASHTRA,2006,FACTORY/MACHINE ACCIDENTS,270,179,2,181,87,8,95
MAHARASHTRA,2006,FIRE(FIREWORKS/CRACKERS),47,39,6,45,2,0,2
MAHARASHTRA,2006,FIRE(SHORT-CIRCUIT),155,54,18,72,70,15,85
MAHARASHTRA,2006,GAS CYLINDER/STOVE BURST,415,61,146,207,76,201,277
MAHARASHTRA,2006,OTHER FIRE ACCIDENTS,5577,551,550,1101,1222,3399,4621
MAHARASHTRA,2006,FIRE-ARMS,20,2,0,2,19,0,19
MAHARASHTRA,2006,SUDDEN DEATHS(HEART ATTACKS),5724,548,392,940,4084,700,4784
MAHARASHTRA,2006,EPILEPTIC FITS/GIDDINESS,1638,350,127,477,908,253,1161
MAHARASHTRA,2006,ABORTIONS/CHILD BIRTH,337,0,2,2,0,335,335
MAHARASHTRA,2006,INFLUENCE OF ALCOHOL,1294,166,2,168,1116,10,1126
MAHARASHTRA,2006,KILLED BY ANIMALS,345,162,61,223,97,27,124
MAHARASHTRA,2006,MINES OR QUARY DISASTER,34,2,0,2,30,5,35
MAHARASHTRA,2006,FOOD POISIONING/ACCIDENTAL INTAKE OF INSECTICIDES ETC.,4598,1580,1651,3231,980,430,1410
MAHARASHTRA,2006,SPURIOUS/POISIONOUS LIQUOR,0,0,0,0,0,0,0
MAHARASHTRA,2006,LEAKAGE OF POISINOUS GASES ETC.,3,0,0,0,3,0,3
MAHARASHTRA,2006,SNAKE BITE/ANIMAL BITE,3397,1416,739,2155,784,462,1246
MAHARASHTRA,2006,OTHER,24,0,0,0,17,7,24
MAHARASHTRA,2006,STAMPEDE,0,0,0,0,0,0,0
MAHARASHTRA,2006,SUFFOCATION,59,1,0,1,48,16,64
MAHARASHTRA,2006,TRAFFIC ACCIDENTS(ROAD ACCIDENTS),48887,40556,8068,48624,10360,1574,11934
MAHARASHTRA,2006,TRAFFIC ACCIDENTS(RAIL-ROAD ACCIDENTS),13,17,6,23,10,2,12
MAHARASHTRA,2006,OTHER RAILWAY ACCIDENTS,8210,2917,384,3301,4414,595,5009
MAHARASHTRA,2006,OTHER,16725,1842,707,2549,11027,3408,14435
MAHARASHTRA,2006,CAUSES NOT KNOWN,255,0,0,0,211,44,255
MAHARASHTRA,2006,TOTAL,108072,52302,13197,65499,42612,13586,56198
MAHARASHTRA,2006,TOTAL COLLAPSE,403,90,39,129,216,111,327
MAHARASHTRA,2006,TOTAL DROWNING,5481,125,39,164,3955,1523,5478
MAHARASHTRA,2006,TOTAL EXPLOSION,34,811,38,849,218,10,228
MAHARASHTRA,2006,TOTAL FALLS,2784,719,182,901,1636,275,1911
MAHARASHTRA,2006,TOTAL FIRE,6194,705,720,1425,1370,3615,4985
MAHARASHTRA,2006,TOTAL SUDDEN DEATHS,8993,1064,523,1587,6108,1298,7406
MAHARASHTRA,2006,TOTAL POISONING,8022,2996,2390,5386,1784,899,2683
MAHARASHTRA,2006,TOTAL TRAFFIC ACCIDENTS,57110,43490,8458,51948,14784,2171,16955
MAHARASHTRA,2007,AIR-CRASH,0,0,0,0,0,0,0
MAHARASHTRA,2007,COLLAPSE OF STRUCTURE(HOUSE),158,20,12,32,109,47,156
MAHARASHTRA,2007,COLLAPSE OF STRUCTURE(BUILDING),64,0,0,0,37,27,64
MAHARASHTRA,2007,COLLAPSE OF STRUCTURE(DAM),0,0,0,0,0,0,0
MAHARASHTRA,2007,COLLAPSE OF STRUCTURE(BRIDGE),0,0,0,0,0,0,0
MAHARASHTRA,2007,COLLAPSE OF STRUCTURE(OTHERS),202,56,18,74,105,31,136
MAHARASHTRA,2007,DROWNING(BOAT CAPSIZE),14,0,0,0,13,2,15
MAHARASHTRA,2007,DROWNING(OTHER),5244,134,63,197,3727,1403,5130
MAHARASHTRA,2007,ELECTROCUTION,1281,146,39,185,936,173,1109
MAHARASHTRA,2007,EXPLOSION(BOMB EXPLOSION),8,20,0,20,2,0,2
MAHARASHTRA,2007,EXPLOSION(OTHER EXPLOSION LIKE BOIL,31,9,11,20,36,5,41
MAHARASHTRA,2007,FALLS(FALL FROM HEIGHT),2202,391,146,537,1464,207,1671
MAHARASHTRA,2007,FALL INTO PIT/MANHOLE,1458,849,180,1029,341,97,438
MAHARASHTRA,2007,FACTORY/MACHINE ACCIDENTS,213,131,6,137,77,8,85
MAHARASHTRA,2007,FIRE(FIREWORKS/CRACKERS),10,6,0,6,4,0,4
MAHARASHTRA,2007,FIRE(SHORT-CIRCUIT),157,29,6,35,105,19,124
MAHARASHTRA,2007,GAS CYLINDER/STOVE BURST,223,2,2,4,39,181,220
MAHARASHTRA,2007,OTHER FIRE ACCIDENTS,6143,607,1015,1622,1265,3395,4660
MAHARASHTRA,2007,FIRE-ARMS,17,1,1,2,15,1,16
MAHARASHTRA,2007,SUDDEN DEATHS(HEART ATTACKS),8413,1959,1423,3382,4299,732,5031
MAHARASHTRA,2007,EPILEPTIC FITS/GIDDINESS,1822,326,157,483,1038,302,1340
MAHARASHTRA,2007,ABORTIONS/CHILD BIRTH,366,0,25,25,0,342,342
MAHARASHTRA,2007,INFLUENCE OF ALCOHOL,1504,245,4,249,1244,21,1265
MAHARASHTRA,2007,KILLED BY ANIMALS,236,83,31,114,105,21,126
MAHARASHTRA,2007,MINES OR QUARY DISASTER,29,5,5,10,18,4,22
MAHARASHTRA,2007,FOOD POISIONING/ACCIDENTAL INTAKE OF INSECTICIDES ETC.,2462,766,616,1382,772,338,1110
MAHARASHTRA,2007,SPURIOUS/POISIONOUS LIQUOR,0,0,0,0,0,0,0
MAHARASHTRA,2007,LEAKAGE OF POISINOUS GASES ETC.,4,0,0,0,4,0,4
MAHARASHTRA,2007,SNAKE BITE/ANIMAL BITE,2747,1102,554,1656,658,437,1095
MAHARASHTRA,2007,OTHER,650,447,308,755,74,16,90
MAHARASHTRA,2007,STAMPEDE,2,2,0,2,0,0,0
MAHARASHTRA,2007,SUFFOCATION,68,0,0,0,48,20,68
MAHARASHTRA,2007,TRAFFIC ACCIDENTS(ROAD ACCIDENTS),51975,40966,9380,50346,10932,1684,12616
MAHARASHTRA,2007,TRAFFIC ACCIDENTS(RAIL-ROAD ACCIDENTS),52,3,0,3,52,7,59
MAHARASHTRA,2007,OTHER RAILWAY ACCIDENTS,8521,2990,423,3413,4592,547,5139
MAHARASHTRA,2007,OTHER,17604,1956,539,2495,11806,3368,15174
MAHARASHTRA,2007,CAUSES NOT KNOWN,302,29,10,39,228,40,268
MAHARASHTRA,2007,TOTAL,114182,53280,14974,68254,44145,13475,57620
MAHARASHTRA,2007,TOTAL COLLAPSE,424,76,30,106,251,105,356
MAHARASHTRA,2007,TOTAL DROWNING,5258,134,63,197,3740,1405,5145
MAHARASHTRA,2007,TOTAL EXPLOSION,39,29,11,40,38,5,43
MAHARASHTRA,2007,TOTAL FALLS,3660,1240,326,1566,1805,304,2109
MAHARASHTRA,2007,TOTAL FIRE,6533,644,1023,1667,1413,3595,5008
MAHARASHTRA,2007,TOTAL SUDDEN DEATHS,12105,2530,1609,4139,6581,1397,7978
MAHARASHTRA,2007,TOTAL POISONING,5863,2315,1478,3793,1508,791,2299
MAHARASHTRA,2007,TOTAL TRAFFIC ACCIDENTS,60548,43959,9803,53762,15576,2238,17814
MAHARASHTRA,2008,AIR-CRASH,0,0,0,0,0,0,0
MAHARASHTRA,2008,COLLAPSE OF STRUCTURE(HOUSE),114,6,8,14,81,41,122
MAHARASHTRA,2008,COLLAPSE OF STRUCTURE(BUILDING),49,7,0,7,30,15,45
MAHARASHTRA,2008,COLLAPSE OF STRUCTURE(DAM),0,0,0,0,0,0,0
MAHARASHTRA,2008,COLLAPSE OF STRUCTURE(BRIDGE),1,0,0,0,1,0,1
MAHARASHTRA,2008,COLLAPSE OF STRUCTURE(OTHERS),450,244,77,321,117,20,137
MAHARASHTRA,2008,DROWNING(BOAT CAPSIZE),6,0,0,0,16,20,36
MAHARASHTRA,2008,DROWNING(OTHER),4982,53,26,79,3664,1352,5016
MAHARASHTRA,2008,ELECTROCUTION,1188,82,20,102,914,184,1098
MAHARASHTRA,2008,EXPLOSION(BOMB EXPLOSION),24,108,1,109,112,22,134
MAHARASHTRA,2008,EXPLOSION(OTHER EXPLOSION LIKE BOIL,18,0,0,0,16,10,26
MAHARASHTRA,2008,FALLS(FALL FROM HEIGHT),2131,357,107,464,1445,231,1676
MAHARASHTRA,2008,FALL INTO PIT/MANHOLE,1556,802,159,961,476,127,603
MAHARASHTRA,2008,FACTORY/MACHINE ACCIDENTS,291,189,23,212,79,19,98
MAHARASHTRA,2008,FIRE(FIREWORKS/CRACKERS),14,8,1,9,5,0,5
MAHARASHTRA,2008,FIRE(SHORT-CIRCUIT),187,50,24,74,91,29,120
MAHARASHTRA,2008,GAS CYLINDER/STOVE BURST,300,4,7,11,61,229,290
MAHARASHTRA,2008,OTHER FIRE ACCIDENTS,6521,541,988,1529,1233,3801,5034
MAHARASHTRA,2008,FIRE-ARMS,6,0,0,0,6,0,6
MAHARASHTRA,2008,SUDDEN DEATHS(HEART ATTACKS),8539,1925,1356,3281,4520,743,5263
MAHARASHTRA,2008,EPILEPTIC FITS/GIDDINESS,1714,249,117,366,1057,291,1348
MAHARASHTRA,2008,ABORTIONS/CHILD BIRTH,403,0,30,30,0,373,373
MAHARASHTRA,2008,INFLUENCE OF ALCOHOL,1649,296,2,298,1346,12,1358
MAHARASHTRA,2008,KILLED BY ANIMALS,207,61,26,87,99,30,129
MAHARASHTRA,2008,MINES OR QUARY DISASTER,15,2,1,3,8,4,12
MAHARASHTRA,2008,FOOD POISIONING/ACCIDENTAL INTAKE OF INSECTICIDES ETC.,3055,1059,762,1821,955,435,1390
MAHARASHTRA,2008,SPURIOUS/POISIONOUS LIQUOR,30,73,2,75,39,12,51
MAHARASHTRA,2008,LEAKAGE OF POISINOUS GASES ETC.,1,0,0,0,1,0,1
MAHARASHTRA,2008,SNAKE BITE/ANIMAL BITE,2512,897,466,1363,725,430,1155
MAHARASHTRA,2008,OTHER,54,9,8,17,28,10,38
MAHARASHTRA,2008,STAMPEDE,0,0,0,0,0,0,0
MAHARASHTRA,2008,SUFFOCATION,55,0,1,1,40,15,55
MAHARASHTRA,2008,TRAFFIC ACCIDENTS(ROAD ACCIDENTS),49679,41381,8375,49756,11138,1819,12957
MAHARASHTRA,2008,TRAFFIC ACCIDENTS(RAIL-ROAD ACCIDENTS),1,0,0,0,1,0,1
MAHARASHTRA,2008,OTHER RAILWAY ACCIDENTS,8420,2948,423,3371,4484,577,5061
MAHARASHTRA,2008,OTHER,16646,1807,640,2447,10991,3268,14259
MAHARASHTRA,2008,CAUSES NOT KNOWN,361,0,1,1,277,83,360
MAHARASHTRA,2008,TOTAL,111179,53158,13651,66809,44056,14202,58258
MAHARASHTRA,2008,TOTAL COLLAPSE,614,257,85,342,229,76,305
MAHARASHTRA,2008,TOTAL DROWNING,4988,53,26,79,3680,1372,5052
MAHARASHTRA,2008,TOTAL EXPLOSION,42,108,1,109,128,32,160
MAHARASHTRA,2008,TOTAL FALLS,3687,1159,266,1425,1921,358,2279
MAHARASHTRA,2008,TOTAL FIRE,7022,603,1020,1623,1390,4059,5449
MAHARASHTRA,2008,TOTAL SUDDEN DEATHS,12305,2470,1505,3975,6923,1419,8342
MAHARASHTRA,2008,TOTAL POISONING,5652,2038,1238,3276,1748,887,2635
MAHARASHTRA,2008,TOTAL TRAFFIC ACCIDENTS,58100,44329,8798,53127,15623,2396,18019
MAHARASHTRA,2009,AIR-CRASH,0,0,0,0,0,0,0
MAHARASHTRA,2009,COLLAPSE OF STRUCTURE(HOUSE),121,5,3,8,92,32,124
MAHARASHTRA,2009,COLLAPSE OF STRUCTURE(BUILDING),25,0,0,0,23,3,26
MAHARASHTRA,2009,COLLAPSE OF STRUCTURE(DAM),0,0,0,0,0,0,0
MAHARASHTRA,2009,COLLAPSE OF STRUCTURE(BRIDGE),4,13,2,15,5,1,6
MAHARASHTRA,2009,COLLAPSE OF STRUCTURE(OTHERS),138,17,13,30,92,25,117
MAHARASHTRA,2009,DROWNING(BOAT CAPSIZE),4,0,0,0,5,0,5
MAHARASHTRA,2009,DROWNING(OTHER),4806,70,41,111,3514,1279,4793
MAHARASHTRA,2009,ELECTROCUTION,1451,179,28,207,1055,201,1256
MAHARASHTRA,2009,EXPLOSION(BOMB EXPLOSION),0,0,0,0,0,0,0
MAHARASHTRA,2009,EXPLOSION(OTHER EXPLOSION LIKE BOIL,17,2,1,3,17,3,20
MAHARASHTRA,2009,FALLS(FALL FROM HEIGHT),2422,538,168,706,1489,229,1718
MAHARASHTRA,2009,FALL INTO PIT/MANHOLE,1805,1094,283,1377,371,88,459
MAHARASHTRA,2009,FACTORY/MACHINE ACCIDENTS,343,240,39,279,53,11,64
MAHARASHTRA,2009,FIRE(FIREWORKS/CRACKERS),43,30,5,35,6,2,8
MAHARASHTRA,2009,FIRE(SHORT-CIRCUIT),178,31,18,49,103,28,131
MAHARASHTRA,2009,GAS CYLINDER/STOVE BURST,378,2,6,8,74,300,374
MAHARASHTRA,2009,OTHER FIRE ACCIDENTS,6719,571,1179,1750,1336,3687,5023
MAHARASHTRA,2009,FIRE-ARMS,10,0,0,0,12,0,12
MAHARASHTRA,2009,SUDDEN DEATHS(HEART ATTACKS),9114,2080,1472,3552,4786,776,5562
MAHARASHTRA,2009,EPILEPTIC FITS/GIDDINESS,1992,317,149,466,1209,317,1526
MAHARASHTRA,2009,ABORTIONS/CHILD BIRTH,354,0,31,31,0,323,323
MAHARASHTRA,2009,INFLUENCE OF ALCOHOL,1542,363,0,363,1161,20,1181
MAHARASHTRA,2009,KILLED BY ANIMALS,231,83,52,135,79,21,100
MAHARASHTRA,2009,MINES OR QUARY DISASTER,22,9,2,11,11,0,11
MAHARASHTRA,2009,FOOD POISIONING/ACCIDENTAL INTAKE OF INSECTICIDES ETC.,2414,705,657,1362,686,368,1054
MAHARASHTRA,2009,SPURIOUS/POISIONOUS LIQUOR,20,0,0,0,17,3,20
MAHARASHTRA,2009,LEAKAGE OF POISINOUS GASES ETC.,4,0,0,0,4,0,4
MAHARASHTRA,2009,SNAKE BITE/ANIMAL BITE,2655,974,563,1537,642,484,1126
MAHARASHTRA,2009,OTHER,1325,725,513,1238,81,28,109
MAHARASHTRA,2009,STAMPEDE,2,0,0,0,2,0,2
MAHARASHTRA,2009,SUFFOCATION,82,1,0,1,74,14,88
MAHARASHTRA,2009,TRAFFIC ACCIDENTS(ROAD ACCIDENTS),48865,38768,8120,46888,11339,1695,13034
MAHARASHTRA,2009,TRAFFIC ACCIDENTS(RAIL-ROAD ACCIDENTS),16,2,0,2,13,1,14
MAHARASHTRA,2009,OTHER RAILWAY ACCIDENTS,8226,2839,435,3274,4407,563,4970
MAHARASHTRA,2009,OTHER,15857,1136,464,1600,11248,3078,14326
MAHARASHTRA,2009,CAUSES NOT KNOWN,1674,575,136,711,804,163,967
MAHARASHTRA,2009,TOTAL,112859,51369,14380,65749,44810,13743,58553
MAHARASHTRA,2009,TOTAL COLLAPSE,288,35,18,53,212,61,273
MAHARASHTRA,2009,TOTAL DROWNING,4810,70,41,111,3519,1279,4798
MAHARASHTRA,2009,TOTAL EXPLOSION,17,2,1,3,17,3,20
MAHARASHTRA,2009,TOTAL FALLS,4227,1632,451,2083,1860,317,2177
MAHARASHTRA,2009,TOTAL FIRE,7318,634,1208,1842,1519,4017,5536
MAHARASHTRA,2009,TOTAL SUDDEN DEATHS,13002,2760,1652,4412,7156,1436,8592
MAHARASHTRA,2009,TOTAL POISONING,6418,2404,1733,4137,1430,883,2313
MAHARASHTRA,2009,TOTAL TRAFFIC ACCIDENTS,57107,41609,8555,50164,15759,2259,18018
MAHARASHTRA,2010,AIR-CRASH,0,0,0,0,0,0,0
MAHARASHTRA,2010,COLLAPSE OF STRUCTURE(HOUSE),128,25,18,43,66,42,108
MAHARASHTRA,2010,COLLAPSE OF STRUCTURE(BUILDING),60,23,11,34,43,11,54
MAHARASHTRA,2010,COLLAPSE OF STRUCTURE(DAM),0,0,0,0,0,0,0
MAHARASHTRA,2010,COLLAPSE OF STRUCTURE(BRIDGE),1,0,0,0,1,0,1
MAHARASHTRA,2010,COLLAPSE OF STRUCTURE(OTHERS),209,61,16,77,121,25,146
MAHARASHTRA,2010,DROWNING(BOAT CAPSIZE),7,1,1,2,19,7,26
MAHARASHTRA,2010,DROWNING(OTHER),5414,86,94,180,4030,1332,5362
MAHARASHTRA,2010,ELECTROCUTION,1505,167,34,201,1117,196,1313
MAHARASHTRA,2010,EXPLOSION(BOMB EXPLOSION),1,43,13,56,11,6,17
MAHARASHTRA,2010,EXPLOSION(OTHER EXPLOSION LIKE BOIL,18,6,0,6,17,7,24
MAHARASHTRA,2010,FALLS(FALL FROM HEIGHT),2836,693,291,984,1601,258,1859
MAHARASHTRA,2010,FALL INTO PIT/MANHOLE,1293,608,237,845,385,65,450
MAHARASHTRA,2010,FACTORY/MACHINE ACCIDENTS,556,378,45,423,117,18,135
MAHARASHTRA,2010,FIRE(FIREWORKS/CRACKERS),35,18,9,27,5,6,11
MAHARASHTRA,2010,FIRE(SHORT-CIRCUIT),199,28,12,40,121,31,152
MAHARASHTRA,2010,GAS CYLINDER/STOVE BURST,609,31,25,56,117,479,596
MAHARASHTRA,2010,OTHER FIRE ACCIDENTS,6494,611,1182,1793,1205,3572,4777
MAHARASHTRA,2010,FIRE-ARMS,13,2,0,2,11,0,11
MAHARASHTRA,2010,SUDDEN DEATHS(HEART ATTACKS),10018,2296,1530,3826,5367,829,6196
MAHARASHTRA,2010,EPILEPTIC FITS/GIDDINESS,2321,283,147,430,1516,380,1896
MAHARASHTRA,2010,ABORTIONS/CHILD BIRTH,382,0,54,54,0,328,328
MAHARASHTRA,2010,INFLUENCE OF ALCOHOL,1798,359,3,362,1408,29,1437
MAHARASHTRA,2010,KILLED BY ANIMALS,294,128,43,171,101,26,127
MAHARASHTRA,2010,MINES OR QUARY DISASTER,27,4,1,5,20,3,23
MAHARASHTRA,2010,FOOD POISIONING/ACCIDENTAL INTAKE OF INSECTICIDES ETC.,2529,709,625,1334,817,437,1254
MAHARASHTRA,2010,SPURIOUS/POISIONOUS LIQUOR,8,0,0,0,7,1,8
MAHARASHTRA,2010,LEAKAGE OF POISINOUS GASES ETC.,10,0,0,0,14,2,16
MAHARASHTRA,2010,SNAKE BITE/ANIMAL BITE,4774,2103,1617,3720,654,413,1067
MAHARASHTRA,2010,OTHER,1463,747,598,1345,101,38,139
MAHARASHTRA,2010,STAMPEDE,1,0,0,0,1,0,1
MAHARASHTRA,2010,SUFFOCATION,80,8,7,15,54,19,73
MAHARASHTRA,2010,TRAFFIC ACCIDENTS(ROAD ACCIDENTS),50619,40259,8094,48353,12290,1773,14063
MAHARASHTRA,2010,TRAFFIC ACCIDENTS(RAIL-ROAD ACCIDENTS),25,12,0,12,17,2,19
MAHARASHTRA,2010,OTHER RAILWAY ACCIDENTS,8369,2911,459,3370,4409,596,5005
MAHARASHTRA,2010,OTHER,18879,1811,997,2808,12728,3408,16136
MAHARASHTRA,2010,CAUSES NOT KNOWN,1723,823,247,1070,551,101,652
MAHARASHTRA,2010,TOTAL,122698,55234,16410,71644,49042,14440,63482
MAHARASHTRA,2010,TOTAL COLLAPSE,398,109,45,154,231,78,309
MAHARASHTRA,2010,TOTAL DROWNING,5421,87,95,182,4049,1339,5388
MAHARASHTRA,2010,TOTAL EXPLOSION,19,49,13,62,28,13,41
MAHARASHTRA,2010,TOTAL FALLS,4129,1301,528,1829,1986,323,2309
MAHARASHTRA,2010,TOTAL FIRE,7337,688,1228,1916,1448,4088,5536
MAHARASHTRA,2010,TOTAL SUDDEN DEATHS,14519,2938,1734,4672,8291,1566,9857
MAHARASHTRA,2010,TOTAL POISONING,8784,3559,2840,6399,1593,891,2484
MAHARASHTRA,2010,TOTAL TRAFFIC ACCIDENTS,59013,43182,8553,51735,16716,2371,19087
MAHARASHTRA,2011,AIR-CRASH,1,0,0,0,2,0,2
MAHARASHTRA,2011,COLLAPSE OF STRUCTURE(HOUSE),96,10,7,17,67,35,102
MAHARASHTRA,2011,COLLAPSE OF STRUCTURE(BUILDING),41,12,2,14,28,7,35
MAHARASHTRA,2011,COLLAPSE OF STRUCTURE(DAM),2,0,0,0,2,0,2
MAHARASHTRA,2011,COLLAPSE OF STRUCTURE(BRIDGE),1,0,0,0,1,0,1
MAHARASHTRA,2011,COLLAPSE OF STRUCTURE(OTHERS),112,17,6,23,74,22,96
MAHARASHTRA,2011,DROWNING(BOAT CAPSIZE),16,0,1,1,23,6,29
MAHARASHTRA,2011,DROWNING(OTHER),4910,53,33,86,3647,1273,4920
MAHARASHTRA,2011,ELECTROCUTION,1425,134,33,167,1088,181,1269
MAHARASHTRA,2011,EXPLOSION(BOMB EXPLOSION),3,117,6,123,27,0,27
MAHARASHTRA,2011,EXPLOSION(OTHER EXPLOSION LIKE BOIL,9,0,0,0,8,1,9
MAHARASHTRA,2011,FALLS(FALL FROM HEIGHT),2428,449,142,591,1570,264,1834
MAHARASHTRA,2011,FALL INTO PIT/MANHOLE,1197,670,141,811,311,90,401
MAHARASHTRA,2011,FACTORY/MACHINE ACCIDENTS,446,310,32,342,94,12,106
MAHARASHTRA,2011,FIRE(FIREWORKS/CRACKERS),27,16,8,24,2,1,3
MAHARASHTRA,2011,FIRE(SHORT-CIRCUIT),331,50,20,70,211,52,263
MAHARASHTRA,2011,GAS CYLINDER/STOVE BURST,560,11,12,23,114,427,541
MAHARASHTRA,2011,OTHER FIRE ACCIDENTS,6674,625,1316,1941,1196,3609,4805
MAHARASHTRA,2011,FIRE-ARMS,2,2,0,2,0,0,0
MAHARASHTRA,2011,SUDDEN DEATHS(HEART ATTACKS),9926,2453,1710,4163,4994,777,5771
MAHARASHTRA,2011,EPILEPTIC FITS/GIDDINESS,2376,317,103,420,1541,417,1958
MAHARASHTRA,2011,ABORTIONS/CHILD BIRTH,384,0,40,40,0,345,345
MAHARASHTRA,2011,INFLUENCE OF ALCOHOL,1544,358,1,359,1167,18,1185
MAHARASHTRA,2011,KILLED BY ANIMALS,278,88,41,129,117,41,158
MAHARASHTRA,2011,MINES OR QUARY DISASTER,14,0,0,0,13,2,15
MAHARASHTRA,2011,FOOD POISIONING/ACCIDENTAL INTAKE OF INSECTICIDES ETC.,2787,1162,993,2155,574,230,804
MAHARASHTRA,2011,SPURIOUS/POISIONOUS LIQUOR,2,0,0,0,0,2,2
MAHARASHTRA,2011,LEAKAGE OF POISINOUS GASES ETC.,5,0,0,0,6,1,7
MAHARASHTRA,2011,SNAKE BITE/ANIMAL BITE,5686,2527,2099,4626,637,424,1061
MAHARASHTRA,2011,OTHER,1655,603,545,1148,323,196,519
MAHARASHTRA,2011,STAMPEDE,0,0,0,0,0,0,0
MAHARASHTRA,2011,SUFFOCATION,83,2,1,3,56,26,82
MAHARASHTRA,2011,TRAFFIC ACCIDENTS(ROAD ACCIDENTS),47120,37138,8236,45374,11825,1855,13680
MAHARASHTRA,2011,TRAFFIC ACCIDENTS(RAIL-ROAD ACCIDENTS),53,7,3,10,37,6,43
MAHARASHTRA,2011,OTHER RAILWAY ACCIDENTS,8584,3128,487,3615,4429,552,4981
MAHARASHTRA,2011,OTHER,18844,2847,1337,4184,11051,3399,14450
MAHARASHTRA,2011,CAUSES NOT KNOWN,544,15,3,18,434,105,539
MAHARASHTRA,2011,TOTAL,118166,53121,17358,70479,45669,14376,60045
MAHARASHTRA,2011,TOTAL COLLAPSE,252,39,15,54,172,64,236
MAHARASHTRA,2011,TOTAL DROWNING,4926,53,34,87,3670,1279,4949
MAHARASHTRA,2011,TOTAL EXPLOSION,12,117,6,123,35,1,36
MAHARASHTRA,2011,TOTAL FALLS,3625,1119,283,1402,1881,354,2235
MAHARASHTRA,2011,TOTAL FIRE,7592,702,1356,2058,1523,4089,5612
MAHARASHTRA,2011,TOTAL SUDDEN DEATHS,14230,3128,1854,4982,7702,1557,9259
MAHARASHTRA,2011,TOTAL POISONING,10135,4292,3637,7929,1540,853,2393
MAHARASHTRA,2011,TOTAL TRAFFIC ACCIDENTS,55757,40273,8726,48999,16291,2413,18704
MAHARASHTRA,2012,AIR-CRASH,0,0,0,0,0,0,0
MAHARASHTRA,2012,COLLAPSE OF STRUCTURE(HOUSE),93,19,9,28,55,25,80
MAHARASHTRA,2012,COLLAPSE OF STRUCTURE(BUILDING),43,21,9,30,33,3,36
MAHARASHTRA,2012,COLLAPSE OF STRUCTURE(DAM),0,0,0,0,0,0,0
MAHARASHTRA,2012,COLLAPSE OF STRUCTURE(BRIDGE),0,0,0,0,0,0,0
MAHARASHTRA,2012,COLLAPSE OF STRUCTURE(OTHERS),301,160,41,201,83,21,104
MAHARASHTRA,2012,DROWNING(BOAT CAPSIZE),19,0,0,0,17,3,20
MAHARASHTRA,2012,DROWNING(OTHER),4711,81,66,147,3538,1144,4682
MAHARASHTRA,2012,ELECTROCUTION,1456,181,65,246,1023,212,1235
MAHARASHTRA,2012,EXPLOSION(BOMB EXPLOSION),2,1,0,1,1,0,1
MAHARASHTRA,2012,EXPLOSION(OTHER EXPLOSION LIKE BOIL,22,28,4,32,18,5,23
MAHARASHTRA,2012,FALLS(FALL FROM HEIGHT),2454,338,99,437,1789,230,2019
MAHARASHTRA,2012,FALL INTO PIT/MANHOLE,1150,564,164,728,347,82,429
MAHARASHTRA,2012,FACTORY/MACHINE ACCIDENTS,450,304,33,337,117,5,122
MAHARASHTRA,2012,FIRE(FIREWORKS/CRACKERS),27,15,9,24,2,3,5
MAHARASHTRA,2012,FIRE(SHORT-CIRCUIT),200,35,14,49,129,25,154
MAHARASHTRA,2012,GAS CYLINDER/STOVE BURST,453,20,20,40,90,344,434
MAHARASHTRA,2012,OTHER FIRE ACCIDENTS,6143,628,1231,1859,1075,3267,4342
MAHARASHTRA,2012,FIRE-ARMS,5,1,0,1,4,0,4
MAHARASHTRA,2012,SUDDEN DEATHS(HEART ATTACKS),10684,2494,1735,4229,5566,900,6466
MAHARASHTRA,2012,EPILEPTIC FITS/GIDDINESS,1843,181,80,261,1249,334,1583
MAHARASHTRA,2012,ABORTIONS/CHILD BIRTH,475,0,23,23,0,452,452
MAHARASHTRA,2012,INFLUENCE OF ALCOHOL,1897,370,13,383,1492,22,1514
MAHARASHTRA,2012,KILLED BY ANIMALS,258,99,36,135,109,19,128
MAHARASHTRA,2012,MINES OR QUARY DISASTER,17,3,0,3,17,1,18
MAHARASHTRA,2012,FOOD POISIONING/ACCIDENTAL INTAKE OF INSECTICIDES ETC.,3514,1492,1165,2657,620,282,902
MAHARASHTRA,2012,SPURIOUS/POISIONOUS LIQUOR,22,0,0,0,14,8,22
MAHARASHTRA,2012,LEAKAGE OF POISINOUS GASES ETC.,3,0,0,0,3,1,4
MAHARASHTRA,2012,SNAKE BITE/ANIMAL BITE,5739,2575,2110,4685,631,444,1075
MAHARASHTRA,2012,OTHER,1236,470,357,827,317,122,439
MAHARASHTRA,2012,STAMPEDE,1,0,0,0,1,0,1
MAHARASHTRA,2012,SUFFOCATION,90,6,1,7,54,31,85
MAHARASHTRA,2012,TRAFFIC ACCIDENTS(ROAD ACCIDENTS),45247,35071,8687,43758,12120,1816,13936
MAHARASHTRA,2012,TRAFFIC ACCIDENTS(RAIL-ROAD ACCIDENTS),38,0,0,0,32,6,38
MAHARASHTRA,2012,OTHER RAILWAY ACCIDENTS,8564,2982,470,3452,4574,544,5118
MAHARASHTRA,2012,OTHER,21251,4111,1621,5732,12154,3466,15620
MAHARASHTRA,2012,CAUSES NOT KNOWN,631,1,2,3,501,122,623
MAHARASHTRA,2012,TOTAL,119039,52251,18064,70315,47775,13939,61714
MAHARASHTRA,2012,TOTAL COLLAPSE,437,200,59,259,171,49,220
MAHARASHTRA,2012,TOTAL DROWNING,4730,81,66,147,3555,1147,4702
MAHARASHTRA,2012,TOTAL EXPLOSION,24,29,4,33,19,5,24
MAHARASHTRA,2012,TOTAL FALLS,3604,902,263,1165,2136,312,2448
MAHARASHTRA,2012,TOTAL FIRE,6823,698,1274,1972,1296,3639,4935
MAHARASHTRA,2012,TOTAL SUDDEN DEATHS,14899,3045,1851,4896,8307,1708,10015
MAHARASHTRA,2012,TOTAL POISONING,10514,4537,3632,8169,1585,857,2442
MAHARASHTRA,2012,TOTAL TRAFFIC ACCIDENTS,53849,38053,9157,47210,16726,2366,19092
MANIPUR,2001,AIR-CRASH,0,0,0,0,0,0,0
MANIPUR,2001,COLLAPSE OF STRUCTURE(HOUSE),0,0,0,0,0,0,0
MANIPUR,2001,COLLAPSE OF STRUCTURE(BUILDING),0,0,0,0,0,0,0
MANIPUR,2001,COLLAPSE OF STRUCTURE(DAM),0,0,0,0,0,0,0
MANIPUR,2001,COLLAPSE OF STRUCTURE(BRIDGE),0,0,0,0,0,0,0
MANIPUR,2001,COLLAPSE OF STRUCTURE(OTHERS),4,0,1,1,3,1,4
MANIPUR,2001,DROWNING(BOAT CAPSIZE),0,0,0,0,0,0,0
MANIPUR,2001,DROWNING(OTHER),6,0,0,0,5,1,6
MANIPUR,2001,ELECTROCUTION,15,0,0,0,14,1,15
MANIPUR,2001,EXPLOSION(BOMB EXPLOSION),12,9,0,9,2,0,2
MANIPUR,2001,EXPLOSION(OTHER EXPLOSION LIKE BOILERS,,0,0,0,0,0,0,0
MANIPUR,2001,FALLS(FALL FROM HEIGHT),4,0,0,0,4,0,4
MANIPUR,2001,FALL INTO PIT/MANHOLE,1,0,0,0,1,0,1
MANIPUR,2001,FACTORY/MACHINE ACCIDENTS,0,0,0,0,0,0,0
MANIPUR,2001,FIRE(FIREWORKS/CRACKERS),0,0,0,0,0,0,0
MANIPUR,2001,FIRE(SHORT-CIRCUIT),0,0,0,0,0,0,0
MANIPUR,2001,GAS CYLINDER/STOVE BURST,0,0,0,0,0,0,0
MANIPUR,2001,OTHER FIRE ACCIDENTS,6,3,1,4,1,2,3
MANIPUR,2001,FIRE-ARMS,1,0,0,0,1,0,1
MANIPUR,2001,SUDDEN DEATHS(HEART ATTACKS),9,0,0,0,9,0,9
MANIPUR,2001,EPILEPTIC FITS/GIDDINESS,0,0,0,0,0,0,0
MANIPUR,2001,ABORTIONS/CHILD BIRTH,0,0,0,0,0,0,0
MANIPUR,2001,INFLUENCE OF ALCOHOL,0,0,0,0,0,0,0
MANIPUR,2001,KILLED BY ANIMALS,1,0,0,0,1,0,1
MANIPUR,2001,MINES OR QUARY DISASTER,2,0,0,0,2,0,2
MANIPUR,2001,FOOD POISIONING/ACCIDENTAL INTAKE OF INSECTICIDES ETC.,0,0,0,0,0,0,0
MANIPUR,2001,SPURIOUS/POISIONOUS LIQUOR,0,0,0,0,0,0,0
MANIPUR,2001,LEAKAGE OF POISINOUS GASES ETC.,0,0,0,0,0,0,0
MANIPUR,2001,SNAKE BITE/ANIMAL BITE,0,0,0,0,0,0,0
MANIPUR,2001,OTHER,3,0,0,0,3,0,3
MANIPUR,2001,STAMPEDE,0,0,0,0,0,0,0
MANIPUR,2001,SUFFOCATION,0,0,0,0,0,0,0
MANIPUR,2001,TRAFFIC ACCIDENTS(ROAD ACCIDENTS),410,633,209,842,71,17,88
MANIPUR,2001,TRAFFIC ACCIDENTS(RAIL-ROAD ACCIDENTS),0,0,0,0,0,0,0
MANIPUR,2001,OTHER RAILWAY ACCIDENTS,0,0,0,0,0,0,0
MANIPUR,2001,OTHER,3,0,0,0,4,0,4
MANIPUR,2001,CAUSES NOT KNOWN,31,0,0,0,30,1,31
MANIPUR,2001,TOTAL,508,645,211,856,151,23,174
MANIPUR,2001,TOTAL COLLAPSE,4,0,1,1,3,1,4
MANIPUR,2001,TOTAL DROWNING,6,0,0,0,5,1,6
MANIPUR,2001,TOTAL EXPLOSION,12,9,0,9,2,0,2
MANIPUR,2001,TOTAL FALLS,5,0,0,0,5,0,5
MANIPUR,2001,TOTAL FIRE,6,3,1,4,1,2,3
MANIPUR,2001,TOTAL SUDDEN DEATHS,9,0,0,0,9,0,9
MANIPUR,2001,TOTAL POISONING,3,0,0,0,3,0,3
MANIPUR,2001,TOTAL TRAFFIC ACCIDENTS,410,633,209,842,71,17,88
MANIPUR,2002,AIR-CRASH,0,0,0,0,0,0,0
MANIPUR,2002,COLLAPSE OF STRUCTURE(HOUSE),0,0,0,0,0,0,0
MANIPUR,2002,COLLAPSE OF STRUCTURE(BUILDING),0,0,0,0,0,0,0
MANIPUR,2002,COLLAPSE OF STRUCTURE(DAM),0,0,0,0,0,0,0
MANIPUR,2002,COLLAPSE OF STRUCTURE(BRIDGE),0,0,0,0,0,0,0
MANIPUR,2002,COLLAPSE OF STRUCTURE(OTHERS),2,0,0,0,1,1,2
MANIPUR,2002,DROWNING(BOAT CAPSIZE),0,0,0,0,0,0,0
MANIPUR,2002,DROWNING(OTHER),11,0,0,0,10,1,11
MANIPUR,2002,ELECTROCUTION,5,0,0,0,6,0,6
MANIPUR,2002,EXPLOSION(BOMB EXPLOSION),2,8,0,8,3,1,4
MANIPUR,2002,EXPLOSION(OTHER EXPLOSION LIKE BOILERS, GAS CYLINDER ETC.),0,0,0,0,0,0,0
MANIPUR,2002,FALLS(FALL FROM HEIGHT),1,0,0,0,1,0,1
MANIPUR,2002,FALL INTO PIT/MANHOLE,2,0,0,0,2,0,2
MANIPUR,2002,FACTORY/MACHINE ACCIDENTS,0,0,0,0,0,0,0
MANIPUR,2002,FIRE(FIREWORKS/CRACKERS),0,0,0,0,0,0,0
MANIPUR,2002,FIRE(SHORT-CIRCUIT),0,0,0,0,0,0,0
MANIPUR,2002,GAS CYLINDER/STOVE BURST,1,0,0,0,1,0,1
MANIPUR,2002,OTHER FIRE ACCIDENTS,0,0,0,0,0,0,0
MANIPUR,2002,FIRE-ARMS,6,0,0,0,6,0,6
MANIPUR,2002,SUDDEN DEATHS(HEART ATTACKS),9,0,0,0,8,1,9
MANIPUR,2002,EPILEPTIC FITS/GIDDINESS,2,0,0,0,1,1,2
MANIPUR,2002,ABORTIONS/CHILD BIRTH,0,0,0,0,0,0,0
MANIPUR,2002,INFLUENCE OF ALCOHOL,2,0,0,0,2,0,2
MANIPUR,2002,KILLED BY ANIMALS,0,0,0,0,0,0,0
MANIPUR,2002,MINES OR QUARY DISASTER,0,0,0,0,0,0,0
MANIPUR,2002,FOOD POISIONING/ACCIDENTAL INTAKE OF INSECTICIDES ETC.,0,0,0,0,0,0,0
MANIPUR,2002,SPURIOUS/POISIONOUS LIQUOR,0,0,0,0,0,0,0
MANIPUR,2002,LEAKAGE OF POISINOUS GASES ETC.,0,0,0,0,0,0,0
MANIPUR,2002,SNAKE BITE/ANIMAL BITE,0,0,0,0,0,0,0
MANIPUR,2002,OTHER,5,0,0,0,5,0,5
MANIPUR,2002,STAMPEDE,0,0,0,0,0,0,0
MANIPUR,2002,SUFFOCATION,1,0,0,0,1,0,1
MANIPUR,2002,TRAFFIC ACCIDENTS(ROAD ACCIDENTS),520,723,183,906,92,28,120
MANIPUR,2002,TRAFFIC ACCIDENTS(RAIL-ROAD ACCIDENTS),0,0,0,0,0,0,0
MANIPUR,2002,OTHER RAILWAY ACCIDENTS,0,0,0,0,0,0,0
MANIPUR,2002,OTHER,10,0,0,0,9,1,10
MANIPUR,2002,CAUSES NOT KNOWN,48,0,0,0,42,6,48
MANIPUR,2002,TOTAL,627,731,183,914,190,40,230
MANIPUR,2002,TOTAL COLLAPSE,2,0,0,0,1,1,2
MANIPUR,2002,TOTAL DROWNING,11,0,0,0,10,1,11
MANIPUR,2002,TOTAL EXPLOSION,2,8,0,8,3,1,4
MANIPUR,2002,TOTAL FALLS,3,0,0,0,3,0,3
MANIPUR,2002,TOTAL FIRE,1,0,0,0,1,0,1
MANIPUR,2002,TOTAL SUDDEN DEATHS,13,0,0,0,11,2,13
MANIPUR,2002,TOTAL POISONING,5,0,0,0,5,0,5
MANIPUR,2002,TOTAL TRAFFIC ACCIDENTS,520,723,183,906,92,28,120
MANIPUR,2003,AIR-CRASH,0,0,0,0,0,0,0
MANIPUR,2003,COLLAPSE OF STRUCTURE(HOUSE),0,0,0,0,0,0,0
MANIPUR,2003,COLLAPSE OF STRUCTURE(BUILDING),0,0,0,0,0,0,0
MANIPUR,2003,COLLAPSE OF STRUCTURE(DAM),0,0,0,0,0,0,0
MANIPUR,2003,COLLAPSE OF STRUCTURE(BRIDGE),0,0,0,0,0,0,0
MANIPUR,2003,COLLAPSE OF STRUCTURE(OTHERS),0,0,0,0,0,0,0
MANIPUR,2003,DROWNING(BOAT CAPSIZE),0,0,0,0,0,0,0
MANIPUR,2003,DROWNING(OTHER),15,0,0,0,14,1,15
MANIPUR,2003,ELECTROCUTION,5,5,0,5,3,2,5
MANIPUR,2003,EXPLOSION(BOMB EXPLOSION),7,12,7,19,4,4,8
MANIPUR,2003,EXPLOSION(OTHER EXPLOSION LIKE BOILERS,,1,0,0,0,1,0,1
MANIPUR,2003,FALLS(FALL FROM HEIGHT),4,0,0,0,4,0,4
MANIPUR,2003,FALL INTO PIT/MANHOLE,1,0,0,0,1,0,1
MANIPUR,2003,FACTORY/MACHINE ACCIDENTS,0,0,0,0,0,0,0
MANIPUR,2003,FIRE(FIREWORKS/CRACKERS),0,0,0,0,0,0,0
MANIPUR,2003,FIRE(SHORT-CIRCUIT),0,0,0,0,0,0,0
MANIPUR,2003,GAS CYLINDER/STOVE BURST,0,0,0,0,0,0,0
MANIPUR,2003,OTHER FIRE ACCIDENTS,1,0,0,0,1,0,1
MANIPUR,2003,FIRE-ARMS,1,0,0,0,1,0,1
MANIPUR,2003,SUDDEN DEATHS(HEART ATTACKS),8,0,0,0,7,1,8
MANIPUR,2003,EPILEPTIC FITS/GIDDINESS,1,0,0,0,1,0,1
MANIPUR,2003,ABORTIONS/CHILD BIRTH,0,0,0,0,0,0,0
MANIPUR,2003,INFLUENCE OF ALCOHOL,0,0,0,0,0,0,0
MANIPUR,2003,KILLED BY ANIMALS,0,0,0,0,0,0,0
MANIPUR,2003,MINES OR QUARY DISASTER,1,0,0,0,1,0,1
MANIPUR,2003,FOOD POISIONING/ACCIDENTAL INTAKE OF INSECTICIDES ETC.,0,0,0,0,0,0,0
MANIPUR,2003,SPURIOUS/POISIONOUS LIQUOR,0,0,0,0,0,0,0
MANIPUR,2003,LEAKAGE OF POISINOUS GASES ETC.,0,0,0,0,0,0,0
MANIPUR,2003,SNAKE BITE/ANIMAL BITE,0,0,0,0,0,0,0
MANIPUR,2003,OTHER,7,0,0,0,7,0,7
MANIPUR,2003,STAMPEDE,0,0,0,0,0,0,0
MANIPUR,2003,SUFFOCATION,1,0,0,0,1,0,1
MANIPUR,2003,TRAFFIC ACCIDENTS(ROAD ACCIDENTS),523,810,201,1011,100,24,124
MANIPUR,2003,TRAFFIC ACCIDENTS(RAIL-ROAD ACCIDENTS),0,0,0,0,0,0,0
MANIPUR,2003,OTHER RAILWAY ACCIDENTS,0,0,0,0,0,0,0
MANIPUR,2003,OTHER,9,0,0,0,9,0,9
MANIPUR,2003,CAUSES NOT KNOWN,31,0,0,0,29,2,31
MANIPUR,2003,TOTAL,616,827,208,1035,184,34,218
MANIPUR,2003,TOTAL COLLAPSE,0,0,0,0,0,0,0
MANIPUR,2003,TOTAL DROWNING,15,0,0,0,14,1,15
MANIPUR,2003,TOTAL EXPLOSION,8,12,7,19,5,4,9
MANIPUR,2003,TOTAL FALLS,5,0,0,0,5,0,5
MANIPUR,2003,TOTAL FIRE,1,0,0,0,1,0,1
MANIPUR,2003,TOTAL SUDDEN DEATHS,9,0,0,0,8,1,9
MANIPUR,2003,TOTAL POISONING,7,0,0,0,7,0,7
MANIPUR,2003,TOTAL TRAFFIC ACCIDENTS,523,810,201,1011,100,24,124
MANIPUR,2004,AIR-CRASH,0,0,0,0,0,0,0
MANIPUR,2004,COLLAPSE OF STRUCTURE(HOUSE),0,0,0,0,0,0,0
MANIPUR,2004,COLLAPSE OF STRUCTURE(BUILDING),0,0,0,0,0,0,0
MANIPUR,2004,COLLAPSE OF STRUCTURE(DAM),0,0,0,0,0,0,0
MANIPUR,2004,COLLAPSE OF STRUCTURE(BRIDGE),0,0,0,0,0,0,0
MANIPUR,2004,COLLAPSE OF STRUCTURE(OTHERS),1,0,0,0,1,0,1
MANIPUR,2004,DROWNING(BOAT CAPSIZE),0,0,0,0,0,0,0
MANIPUR,2004,DROWNING(OTHER),16,0,0,0,14,2,16
MANIPUR,2004,ELECTROCUTION,10,0,0,0,10,1,11
MANIPUR,2004,EXPLOSION(BOMB EXPLOSION),3,2,1,3,4,0,4
MANIPUR,2004,EXPLOSION(OTHER EXPLOSION LIKE BOILERS,,0,0,0,0,0,0,0
MANIPUR,2004,FALLS(FALL FROM HEIGHT),2,0,0,0,2,0,2
MANIPUR,2004,FALL INTO PIT/MANHOLE,0,0,0,0,0,0,0
MANIPUR,2004,FACTORY/MACHINE ACCIDENTS,2,0,0,0,2,0,2
MANIPUR,2004,FIRE(FIREWORKS/CRACKERS),0,0,0,0,0,0,0
MANIPUR,2004,FIRE(SHORT-CIRCUIT),0,0,0,0,0,0,0
MANIPUR,2004,GAS CYLINDER/STOVE BURST,0,0,0,0,0,0,0
MANIPUR,2004,OTHER FIRE ACCIDENTS,3,0,0,0,0,3,3
MANIPUR,2004,FIRE-ARMS,1,1,0,1,1,0,1
MANIPUR,2004,SUDDEN DEATHS(HEART ATTACKS),10,0,0,0,9,1,10
MANIPUR,2004,EPILEPTIC FITS/GIDDINESS,0,0,0,0,0,0,0
MANIPUR,2004,ABORTIONS/CHILD BIRTH,0,0,0,0,0,0,0
MANIPUR,2004,INFLUENCE OF ALCOHOL,0,0,0,0,0,0,0
MANIPUR,2004,KILLED BY ANIMALS,0,0,0,0,0,0,0
MANIPUR,2004,MINES OR QUARY DISASTER,0,0,0,0,0,0,0
MANIPUR,2004,FOOD POISIONING/ACCIDENTAL INTAKE OF INSECTICIDES ETC.,0,0,0,0,0,0,0
MANIPUR,2004,SPURIOUS/POISIONOUS LIQUOR,0,0,0,0,0,0,0
MANIPUR,2004,LEAKAGE OF POISINOUS GASES ETC.,0,0,0,0,0,0,0
MANIPUR,2004,SNAKE BITE/ANIMAL BITE,0,0,0,0,0,0,0
MANIPUR,2004,OTHER,15,0,0,0,14,1,15
MANIPUR,2004,STAMPEDE,0,0,0,0,0,0,0
MANIPUR,2004,SUFFOCATION,0,0,0,0,0,0,0
MANIPUR,2004,TRAFFIC ACCIDENTS(ROAD ACCIDENTS),468,755,315,1070,102,17,119
MANIPUR,2004,TRAFFIC ACCIDENTS(RAIL-ROAD ACCIDENTS),0,0,0,0,0,0,0
MANIPUR,2004,OTHER RAILWAY ACCIDENTS,0,0,0,0,0,0,0
MANIPUR,2004,OTHER,1,0,0,0,1,0,1
MANIPUR,2004,CAUSES NOT KNOWN,27,0,0,0,26,1,27
MANIPUR,2004,TOTAL,559,758,316,1074,186,26,212
MANIPUR,2004,TOTAL COLLAPSE,1,0,0,0,1,0,1
MANIPUR,2004,TOTAL DROWNING,16,0,0,0,14,2,16
MANIPUR,2004,TOTAL EXPLOSION,3,2,1,3,4,0,4
MANIPUR,2004,TOTAL FALLS,2,0,0,0,2,0,2
MANIPUR,2004,TOTAL FIRE,3,0,0,0,0,3,3
MANIPUR,2004,TOTAL SUDDEN DEATHS,10,0,0,0,9,1,10
MANIPUR,2004,TOTAL POISONING,15,0,0,0,14,1,15
MANIPUR,2004,TOTAL TRAFFIC ACCIDENTS,468,755,315,1070,102,17,119
MANIPUR,2005,AIR-CRASH,0,0,0,0,0,0,0
MANIPUR,2005,COLLAPSE OF STRUCTURE(HOUSE),0,0,0,0,0,0,0
MANIPUR,2005,COLLAPSE OF STRUCTURE(BUILDING),0,0,0,0,0,0,0
MANIPUR,2005,COLLAPSE OF STRUCTURE(DAM),0,0,0,0,0,0,0
MANIPUR,2005,COLLAPSE OF STRUCTURE(BRIDGE),0,0,0,0,0,0,0
MANIPUR,2005,COLLAPSE OF STRUCTURE(OTHERS),0,0,0,0,0,0,0
MANIPUR,2005,DROWNING(BOAT CAPSIZE),0,0,0,0,0,0,0
MANIPUR,2005,DROWNING(OTHER),6,0,0,0,6,3,9
MANIPUR,2005,ELECTROCUTION,10,0,0,0,10,0,10
MANIPUR,2005,EXPLOSION(BOMB EXPLOSION),80,93,21,114,21,3,24
MANIPUR,2005,EXPLOSION(OTHER EXPLOSION LIKE BOILERS,,0,0,0,0,0,0,0
MANIPUR,2005,FALLS(FALL FROM HEIGHT),2,0,0,0,2,0,2
MANIPUR,2005,FALL INTO PIT/MANHOLE,0,0,0,0,0,0,0
MANIPUR,2005,FACTORY/MACHINE ACCIDENTS,0,0,0,0,0,0,0
MANIPUR,2005,FIRE(FIREWORKS/CRACKERS),0,0,0,0,0,0,0
MANIPUR,2005,FIRE(SHORT-CIRCUIT),0,0,0,0,0,0,0
MANIPUR,2005,GAS CYLINDER/STOVE BURST,0,0,0,0,0,0,0
MANIPUR,2005,OTHER FIRE ACCIDENTS,2,0,0,0,2,1,3
MANIPUR,2005,FIRE-ARMS,2,0,0,0,2,0,2
MANIPUR,2005,SUDDEN DEATHS(HEART ATTACKS),16,0,0,0,16,0,16
MANIPUR,2005,EPILEPTIC FITS/GIDDINESS,1,0,0,0,1,0,1
MANIPUR,2005,ABORTIONS/CHILD BIRTH,0,0,0,0,0,0,0
MANIPUR,2005,INFLUENCE OF ALCOHOL,0,0,0,0,0,0,0
MANIPUR,2005,KILLED BY ANIMALS,0,0,0,0,0,0,0
MANIPUR,2005,MINES OR QUARY DISASTER,0,0,0,0,0,0,0
MANIPUR,2005,FOOD POISIONING/ACCIDENTAL INTAKE OF INSECTICIDES ETC.,1,0,0,0,0,1,1
MANIPUR,2005,SPURIOUS/POISIONOUS LIQUOR,0,0,0,0,0,0,0
MANIPUR,2005,LEAKAGE OF POISINOUS GASES ETC.,0,0,0,0,0,0,0
MANIPUR,2005,SNAKE BITE/ANIMAL BITE,0,0,0,0,0,0,0
MANIPUR,2005,OTHER,2,0,0,0,2,0,2
MANIPUR,2005,STAMPEDE,0,0,0,0,0,0,0
MANIPUR,2005,SUFFOCATION,1,0,0,0,3,1,4
MANIPUR,2005,TRAFFIC ACCIDENTS(ROAD ACCIDENTS),600,953,382,1335,109,29,138
MANIPUR,2005,TRAFFIC ACCIDENTS(RAIL-ROAD ACCIDENTS),0,0,0,0,0,0,0
MANIPUR,2005,OTHER RAILWAY ACCIDENTS,0,0,0,0,0,0,0
MANIPUR,2005,OTHER,12,0,0,0,11,1,12
MANIPUR,2005,CAUSES NOT KNOWN,32,0,0,0,31,2,33
MANIPUR,2005,TOTAL,767,1046,403,1449,216,41,257
MANIPUR,2005,TOTAL COLLAPSE,0,0,0,0,0,0,0
MANIPUR,2005,TOTAL DROWNING,6,0,0,0,6,3,9
MANIPUR,2005,TOTAL EXPLOSION,80,93,21,114,21,3,24
MANIPUR,2005,TOTAL FALLS,2,0,0,0,2,0,2
MANIPUR,2005,TOTAL FIRE,2,0,0,0,2,1,3
MANIPUR,2005,TOTAL SUDDEN DEATHS,17,0,0,0,17,0,17
MANIPUR,2005,TOTAL POISONING,3,0,0,0,2,1,3
MANIPUR,2005,TOTAL TRAFFIC ACCIDENTS,600,953,382,1335,109,29,138
MANIPUR,2006,AIR-CRASH,0,0,0,0,0,0,0
MANIPUR,2006,COLLAPSE OF STRUCTURE(HOUSE),0,0,0,0,0,0,0
MANIPUR,2006,COLLAPSE OF STRUCTURE(BUILDING),1,16,0,16,7,0,7
MANIPUR,2006,COLLAPSE OF STRUCTURE(DAM),0,0,0,0,0,0,0
MANIPUR,2006,COLLAPSE OF STRUCTURE(BRIDGE),0,0,0,0,0,0,0
MANIPUR,2006,COLLAPSE OF STRUCTURE(OTHERS),0,0,0,0,0,0,0
MANIPUR,2006,DROWNING(BOAT CAPSIZE),1,0,0,0,4,0,4
MANIPUR,2006,DROWNING(OTHER),5,0,0,0,6,0,6
MANIPUR,2006,ELECTROCUTION,4,0,0,0,4,0,4
MANIPUR,2006,EXPLOSION(BOMB EXPLOSION),24,38,36,74,14,2,16
MANIPUR,2006,EXPLOSION(OTHER EXPLOSION LIKE BOIL,0,0,0,0,0,0,0
MANIPUR,2006,FALLS(FALL FROM HEIGHT),2,0,0,0,2,0,2
MANIPUR,2006,FALL INTO PIT/MANHOLE,1,0,0,0,1,0,1
MANIPUR,2006,FACTORY/MACHINE ACCIDENTS,0,0,0,0,0,0,0
MANIPUR,2006,FIRE(FIREWORKS/CRACKERS),0,0,0,0,0,0,0
MANIPUR,2006,FIRE(SHORT-CIRCUIT),0,0,0,0,0,0,0
MANIPUR,2006,GAS CYLINDER/STOVE BURST,0,0,0,0,0,0,0
MANIPUR,2006,OTHER FIRE ACCIDENTS,3,1,1,2,1,2,3
MANIPUR,2006,FIRE-ARMS,5,0,0,0,5,0,5
MANIPUR,2006,SUDDEN DEATHS(HEART ATTACKS),8,0,0,0,7,1,8
MANIPUR,2006,EPILEPTIC FITS/GIDDINESS,0,0,0,0,0,0,0
MANIPUR,2006,ABORTIONS/CHILD BIRTH,0,0,0,0,0,0,0
MANIPUR,2006,INFLUENCE OF ALCOHOL,2,1,0,1,2,0,2
MANIPUR,2006,KILLED BY ANIMALS,0,0,0,0,0,0,0
MANIPUR,2006,MINES OR QUARY DISASTER,0,0,0,0,0,0,0
MANIPUR,2006,FOOD POISIONING/ACCIDENTAL INTAKE OF INSECTICIDES ETC.,0,0,0,0,0,0,0
MANIPUR,2006,SPURIOUS/POISIONOUS LIQUOR,0,0,0,0,0,0,0
MANIPUR,2006,LEAKAGE OF POISINOUS GASES ETC.,0,0,0,0,0,0,0
MANIPUR,2006,SNAKE BITE/ANIMAL BITE,0,0,0,0,0,0,0
MANIPUR,2006,OTHER,3,0,0,0,3,1,4
MANIPUR,2006,STAMPEDE,0,0,0,0,0,0,0
MANIPUR,2006,SUFFOCATION,1,0,0,0,1,0,1
MANIPUR,2006,TRAFFIC ACCIDENTS(ROAD ACCIDENTS),521,801,219,1020,118,39,157
MANIPUR,2006,TRAFFIC ACCIDENTS(RAIL-ROAD ACCIDENTS),0,0,0,0,0,0,0
MANIPUR,2006,OTHER RAILWAY ACCIDENTS,0,0,0,0,0,0,0
MANIPUR,2006,OTHER,2,0,0,0,1,1,2
MANIPUR,2006,CAUSES NOT KNOWN,26,0,0,0,25,1,26
MANIPUR,2006,TOTAL,609,857,256,1113,201,47,248
MANIPUR,2006,TOTAL COLLAPSE,1,16,0,16,7,0,7
MANIPUR,2006,TOTAL DROWNING,6,0,0,0,10,0,10
MANIPUR,2006,TOTAL EXPLOSION,24,38,36,74,14,2,16
MANIPUR,2006,TOTAL FALLS,3,0,0,0,3,0,3
MANIPUR,2006,TOTAL FIRE,3,1,1,2,1,2,3
MANIPUR,2006,TOTAL SUDDEN DEATHS,10,1,0,1,9,1,10
MANIPUR,2006,TOTAL POISONING,3,0,0,0,3,1,4
MANIPUR,2006,TOTAL TRAFFIC ACCIDENTS,521,801,219,1020,118,39,157
MANIPUR,2007,AIR-CRASH,0,0,0,0,0,0,0
MANIPUR,2007,COLLAPSE OF STRUCTURE(HOUSE),0,0,0,0,0,0,0
MANIPUR,2007,COLLAPSE OF STRUCTURE(BUILDING),0,0,0,0,0,0,0
MANIPUR,2007,COLLAPSE OF STRUCTURE(DAM),0,0,0,0,0,0,0
MANIPUR,2007,COLLAPSE OF STRUCTURE(BRIDGE),0,0,0,0,0,0,0
MANIPUR,2007,COLLAPSE OF STRUCTURE(OTHERS),2,0,0,0,2,0,2
MANIPUR,2007,DROWNING(BOAT CAPSIZE),2,0,0,0,5,1,6
MANIPUR,2007,DROWNING(OTHER),9,0,0,0,7,3,10
MANIPUR,2007,ELECTROCUTION,11,0,0,0,10,1,11
MANIPUR,2007,EXPLOSION(BOMB EXPLOSION),37,30,2,32,7,0,7
MANIPUR,2007,EXPLOSION(OTHER EXPLOSION LIKE BOIL,0,0,0,0,0,0,0
MANIPUR,2007,FALLS(FALL FROM HEIGHT),2,0,0,0,2,0,2
MANIPUR,2007,FALL INTO PIT/MANHOLE,0,0,0,0,0,0,0
MANIPUR,2007,FACTORY/MACHINE ACCIDENTS,1,0,0,0,1,0,1
MANIPUR,2007,FIRE(FIREWORKS/CRACKERS),0,0,0,0,0,0,0
MANIPUR,2007,FIRE(SHORT-CIRCUIT),0,0,0,0,0,0,0
MANIPUR,2007,GAS CYLINDER/STOVE BURST,0,0,0,0,0,0,0
MANIPUR,2007,OTHER FIRE ACCIDENTS,1,0,0,0,0,1,1
MANIPUR,2007,FIRE-ARMS,0,0,0,0,0,0,0
MANIPUR,2007,SUDDEN DEATHS(HEART ATTACKS),9,0,0,0,9,0,9
MANIPUR,2007,EPILEPTIC FITS/GIDDINESS,0,0,0,0,0,0,0
MANIPUR,2007,ABORTIONS/CHILD BIRTH,6,0,0,0,0,6,6
MANIPUR,2007,INFLUENCE OF ALCOHOL,0,0,0,0,0,0,0
MANIPUR,2007,KILLED BY ANIMALS,0,0,0,0,0,0,0
MANIPUR,2007,MINES OR QUARY DISASTER,0,0,0,0,0,0,0
MANIPUR,2007,FOOD POISIONING/ACCIDENTAL INTAKE OF INSECTICIDES ETC.,0,0,0,0,0,0,0
MANIPUR,2007,SPURIOUS/POISIONOUS LIQUOR,0,0,0,0,0,0,0
MANIPUR,2007,LEAKAGE OF POISINOUS GASES ETC.,0,0,0,0,0,0,0
MANIPUR,2007,SNAKE BITE/ANIMAL BITE,0,0,0,0,0,0,0
MANIPUR,2007,OTHER,3,0,0,0,3,0,3
MANIPUR,2007,STAMPEDE,0,0,0,0,0,0,0
MANIPUR,2007,SUFFOCATION,2,0,0,0,4,0,4
MANIPUR,2007,TRAFFIC ACCIDENTS(ROAD ACCIDENTS),538,821,218,1039,92,22,114
MANIPUR,2007,TRAFFIC ACCIDENTS(RAIL-ROAD ACCIDENTS),0,0,0,0,0,0,0
MANIPUR,2007,OTHER RAILWAY ACCIDENTS,0,0,0,0,0,0,0
MANIPUR,2007,OTHER,18,0,0,0,18,0,18
MANIPUR,2007,CAUSES NOT KNOWN,35,0,0,0,33,2,35
MANIPUR,2007,TOTAL,676,851,220,1071,193,36,229
MANIPUR,2007,TOTAL COLLAPSE,2,0,0,0,2,0,2
MANIPUR,2007,TOTAL DROWNING,11,0,0,0,12,4,16
MANIPUR,2007,TOTAL EXPLOSION,37,30,2,32,7,0,7
MANIPUR,2007,TOTAL FALLS,2,0,0,0,2,0,2
MANIPUR,2007,TOTAL FIRE,1,0,0,0,0,1,1
MANIPUR,2007,TOTAL SUDDEN DEATHS,15,0,0,0,9,6,15
MANIPUR,2007,TOTAL POISONING,3,0,0,0,3,0,3
MANIPUR,2007,TOTAL TRAFFIC ACCIDENTS,538,821,218,1039,92,22,114
MANIPUR,2008,AIR-CRASH,0,0,0,0,0,0,0
MANIPUR,2008,COLLAPSE OF STRUCTURE(HOUSE),0,0,0,0,0,0,0
MANIPUR,2008,COLLAPSE OF STRUCTURE(BUILDING),0,0,0,0,0,0,0
MANIPUR,2008,COLLAPSE OF STRUCTURE(DAM),0,0,0,0,0,0,0
MANIPUR,2008,COLLAPSE OF STRUCTURE(BRIDGE),0,0,0,0,0,0,0
MANIPUR,2008,COLLAPSE OF STRUCTURE(OTHERS),2,0,0,0,5,0,5
MANIPUR,2008,DROWNING(BOAT CAPSIZE),0,0,0,0,0,0,0
MANIPUR,2008,DROWNING(OTHER),8,0,0,0,7,1,8
MANIPUR,2008,ELECTROCUTION,8,0,0,0,7,2,9
MANIPUR,2008,EXPLOSION(BOMB EXPLOSION),51,49,1,50,22,7,29
MANIPUR,2008,EXPLOSION(OTHER EXPLOSION LIKE BOIL,0,0,0,0,0,0,0
MANIPUR,2008,FALLS(FALL FROM HEIGHT),8,0,0,0,7,1,8
MANIPUR,2008,FALL INTO PIT/MANHOLE,1,0,0,0,1,0,1
MANIPUR,2008,FACTORY/MACHINE ACCIDENTS,0,0,0,0,0,0,0
MANIPUR,2008,FIRE(FIREWORKS/CRACKERS),0,0,0,0,0,0,0
MANIPUR,2008,FIRE(SHORT-CIRCUIT),0,0,0,0,0,0,0
MANIPUR,2008,GAS CYLINDER/STOVE BURST,0,0,0,0,0,0,0
MANIPUR,2008,OTHER FIRE ACCIDENTS,2,0,0,0,1,2,3
MANIPUR,2008,FIRE-ARMS,3,0,0,0,3,0,3
MANIPUR,2008,SUDDEN DEATHS(HEART ATTACKS),14,0,0,0,13,1,14
MANIPUR,2008,EPILEPTIC FITS/GIDDINESS,0,0,0,0,0,0,0
MANIPUR,2008,ABORTIONS/CHILD BIRTH,1,0,0,0,0,1,1
MANIPUR,2008,INFLUENCE OF ALCOHOL,0,0,0,0,0,0,0
MANIPUR,2008,KILLED BY ANIMALS,0,0,0,0,0,0,0
MANIPUR,2008,MINES OR QUARY DISASTER,0,0,0,0,0,0,0
MANIPUR,2008,FOOD POISIONING/ACCIDENTAL INTAKE OF INSECTICIDES ETC.,0,0,0,0,0,0,0
MANIPUR,2008,SPURIOUS/POISIONOUS LIQUOR,0,0,0,0,0,0,0
MANIPUR,2008,LEAKAGE OF POISINOUS GASES ETC.,0,0,0,0,0,0,0
MANIPUR,2008,SNAKE BITE/ANIMAL BITE,0,0,0,0,0,0,0
MANIPUR,2008,OTHER,3,0,0,0,2,1,3
MANIPUR,2008,STAMPEDE,0,0,0,0,0,0,0
MANIPUR,2008,SUFFOCATION,0,0,0,0,0,0,0
MANIPUR,2008,TRAFFIC ACCIDENTS(ROAD ACCIDENTS),502,847,179,1026,100,33,133
MANIPUR,2008,TRAFFIC ACCIDENTS(RAIL-ROAD ACCIDENTS),0,0,0,0,0,0,0
MANIPUR,2008,OTHER RAILWAY ACCIDENTS,0,0,0,0,0,0,0
MANIPUR,2008,OTHER,8,0,0,0,8,0,8
MANIPUR,2008,CAUSES NOT KNOWN,34,0,0,0,30,4,34
MANIPUR,2008,TOTAL,645,896,180,1076,206,53,259
MANIPUR,2008,TOTAL COLLAPSE,2,0,0,0,5,0,5
MANIPUR,2008,TOTAL DROWNING,8,0,0,0,7,1,8
MANIPUR,2008,TOTAL EXPLOSION,51,49,1,50,22,7,29
MANIPUR,2008,TOTAL FALLS,9,0,0,0,8,1,9
MANIPUR,2008,TOTAL FIRE,2,0,0,0,1,2,3
MANIPUR,2008,TOTAL SUDDEN DEATHS,15,0,0,0,13,2,15
MANIPUR,2008,TOTAL POISONING,3,0,0,0,2,1,3
MANIPUR,2008,TOTAL TRAFFIC ACCIDENTS,502,847,179,1026,100,33,133
MANIPUR,2009,AIR-CRASH,0,0,0,0,0,0,0
MANIPUR,2009,COLLAPSE OF STRUCTURE(HOUSE),0,0,0,0,0,0,0
MANIPUR,2009,COLLAPSE OF STRUCTURE(BUILDING),0,0,0,0,0,0,0
MANIPUR,2009,COLLAPSE OF STRUCTURE(DAM),0,0,0,0,0,0,0
MANIPUR,2009,COLLAPSE OF STRUCTURE(BRIDGE),0,0,0,0,0,0,0
MANIPUR,2009,COLLAPSE OF STRUCTURE(OTHERS),7,0,2,2,4,4,8
MANIPUR,2009,DROWNING(BOAT CAPSIZE),0,0,0,0,0,0,0
MANIPUR,2009,DROWNING(OTHER),6,0,0,0,2,4,6
MANIPUR,2009,ELECTROCUTION,5,0,0,0,4,1,5
MANIPUR,2009,EXPLOSION(BOMB EXPLOSION),80,47,18,65,5,0,5
MANIPUR,2009,EXPLOSION(OTHER EXPLOSION LIKE BOIL,1,0,1,1,1,2,3
MANIPUR,2009,FALLS(FALL FROM HEIGHT),4,0,0,0,4,0,4
MANIPUR,2009,FALL INTO PIT/MANHOLE,0,0,0,0,0,0,0
MANIPUR,2009,FACTORY/MACHINE ACCIDENTS,0,0,0,0,0,0,0
MANIPUR,2009,FIRE(FIREWORKS/CRACKERS),0,0,0,0,0,0,0
MANIPUR,2009,FIRE(SHORT-CIRCUIT),0,0,0,0,0,0,0
MANIPUR,2009,GAS CYLINDER/STOVE BURST,0,0,0,0,0,0,0
MANIPUR,2009,OTHER FIRE ACCIDENTS,1,0,0,0,0,1,1
MANIPUR,2009,FIRE-ARMS,9,0,0,0,9,0,9
MANIPUR,2009,SUDDEN DEATHS(HEART ATTACKS),1,0,0,0,1,0,1
MANIPUR,2009,EPILEPTIC FITS/GIDDINESS,0,0,0,0,0,0,0
MANIPUR,2009,ABORTIONS/CHILD BIRTH,0,0,0,0,0,0,0
MANIPUR,2009,INFLUENCE OF ALCOHOL,0,0,0,0,0,0,0
MANIPUR,2009,KILLED BY ANIMALS,0,0,0,0,0,0,0
MANIPUR,2009,MINES OR QUARY DISASTER,0,0,0,0,0,0,0
MANIPUR,2009,FOOD POISIONING/ACCIDENTAL INTAKE OF INSECTICIDES ETC.,0,0,0,0,0,0,0
MANIPUR,2009,SPURIOUS/POISIONOUS LIQUOR,0,0,0,0,0,0,0
MANIPUR,2009,LEAKAGE OF POISINOUS GASES ETC.,0,0,0,0,0,0,0
MANIPUR,2009,SNAKE BITE/ANIMAL BITE,0,0,0,0,0,0,0
MANIPUR,2009,OTHER,10,0,0,0,7,3,10
MANIPUR,2009,STAMPEDE,0,0,0,0,0,0,0
MANIPUR,2009,SUFFOCATION,1,0,0,0,1,0,1
MANIPUR,2009,TRAFFIC ACCIDENTS(ROAD ACCIDENTS),578,968,221,1189,95,30,125
MANIPUR,2009,TRAFFIC ACCIDENTS(RAIL-ROAD ACCIDENTS),0,0,0,0,0,0,0
MANIPUR,2009,OTHER RAILWAY ACCIDENTS,0,0,0,0,0,0,0
MANIPUR,2009,OTHER,6,0,0,0,4,2,6
MANIPUR,2009,CAUSES NOT KNOWN,44,0,0,0,37,7,44
MANIPUR,2009,TOTAL,753,1015,242,1257,174,54,228
MANIPUR,2009,TOTAL COLLAPSE,7,0,2,2,4,4,8
MANIPUR,2009,TOTAL DROWNING,6,0,0,0,2,4,6
MANIPUR,2009,TOTAL EXPLOSION,81,47,19,66,6,2,8
MANIPUR,2009,TOTAL FALLS,4,0,0,0,4,0,4
MANIPUR,2009,TOTAL FIRE,1,0,0,0,0,1,1
MANIPUR,2009,TOTAL SUDDEN DEATHS,1,0,0,0,1,0,1
MANIPUR,2009,TOTAL POISONING,10,0,0,0,7,3,10
MANIPUR,2009,TOTAL TRAFFIC ACCIDENTS,578,968,221,1189,95,30,125
MANIPUR,2010,AIR-CRASH,0,0,0,0,0,0,0
MANIPUR,2010,COLLAPSE OF STRUCTURE(HOUSE),0,0,0,0,0,0,0
MANIPUR,2010,COLLAPSE OF STRUCTURE(BUILDING),0,0,0,0,0,0,0
MANIPUR,2010,COLLAPSE OF STRUCTURE(DAM),0,0,0,0,0,0,0
MANIPUR,2010,COLLAPSE OF STRUCTURE(BRIDGE),0,0,0,0,0,0,0
MANIPUR,2010,COLLAPSE OF STRUCTURE(OTHERS),9,0,0,0,8,1,9
MANIPUR,2010,DROWNING(BOAT CAPSIZE),0,0,0,0,0,0,0
MANIPUR,2010,DROWNING(OTHER),13,0,0,0,12,1,13
MANIPUR,2010,ELECTROCUTION,9,0,0,0,8,1,9
MANIPUR,2010,EXPLOSION(BOMB EXPLOSION),51,29,6,35,4,0,4
MANIPUR,2010,EXPLOSION(OTHER EXPLOSION LIKE BOIL,0,0,0,0,0,0,0
MANIPUR,2010,FALLS(FALL FROM HEIGHT),6,0,0,0,6,0,6
MANIPUR,2010,FALL INTO PIT/MANHOLE,0,0,0,0,0,0,0
MANIPUR,2010,FACTORY/MACHINE ACCIDENTS,0,0,0,0,0,0,0
MANIPUR,2010,FIRE(FIREWORKS/CRACKERS),0,0,0,0,0,0,0
MANIPUR,2010,FIRE(SHORT-CIRCUIT),2,0,0,0,3,0,3
MANIPUR,2010,GAS CYLINDER/STOVE BURST,0,0,0,0,0,0,0
MANIPUR,2010,OTHER FIRE ACCIDENTS,2,0,0,0,1,1,2
MANIPUR,2010,FIRE-ARMS,0,0,0,0,0,0,0
MANIPUR,2010,SUDDEN DEATHS(HEART ATTACKS),5,0,0,0,5,0,5
MANIPUR,2010,EPILEPTIC FITS/GIDDINESS,0,0,0,0,0,0,0
MANIPUR,2010,ABORTIONS/CHILD BIRTH,0,0,0,0,0,0,0
MANIPUR,2010,INFLUENCE OF ALCOHOL,1,0,0,0,1,0,1
MANIPUR,2010,KILLED BY ANIMALS,0,0,0,0,0,0,0
MANIPUR,2010,MINES OR QUARY DISASTER,0,0,0,0,0,0,0
MANIPUR,2010,FOOD POISIONING/ACCIDENTAL INTAKE OF INSECTICIDES ETC.,1,0,0,0,1,0,1
MANIPUR,2010,SPURIOUS/POISIONOUS LIQUOR,0,0,0,0,0,0,0
MANIPUR,2010,LEAKAGE OF POISINOUS GASES ETC.,0,0,0,0,0,0,0
MANIPUR,2010,SNAKE BITE/ANIMAL BITE,0,0,0,0,0,0,0
MANIPUR,2010,OTHER,0,0,0,0,0,0,0
MANIPUR,2010,STAMPEDE,0,0,0,0,0,0,0
MANIPUR,2010,SUFFOCATION,0,0,0,0,0,0,0
MANIPUR,2010,TRAFFIC ACCIDENTS(ROAD ACCIDENTS),602,890,249,1139,120,33,153
MANIPUR,2010,TRAFFIC ACCIDENTS(RAIL-ROAD ACCIDENTS),0,0,0,0,0,0,0
MANIPUR,2010,OTHER RAILWAY ACCIDENTS,0,0,0,0,0,0,0
MANIPUR,2010,OTHER,8,0,0,0,8,0,8
MANIPUR,2010,CAUSES NOT KNOWN,44,0,0,0,42,2,44
MANIPUR,2010,TOTAL,753,919,255,1174,219,39,258
MANIPUR,2010,TOTAL COLLAPSE,9,0,0,0,8,1,9
MANIPUR,2010,TOTAL DROWNING,13,0,0,0,12,1,13
MANIPUR,2010,TOTAL EXPLOSION,51,29,6,35,4,0,4
MANIPUR,2010,TOTAL FALLS,6,0,0,0,6,0,6
MANIPUR,2010,TOTAL FIRE,4,0,0,0,4,1,5
MANIPUR,2010,TOTAL SUDDEN DEATHS,6,0,0,0,6,0,6
MANIPUR,2010,TOTAL POISONING,1,0,0,0,1,0,1
MANIPUR,2010,TOTAL TRAFFIC ACCIDENTS,602,890,249,1139,120,33,153
MANIPUR,2011,AIR-CRASH,0,0,0,0,0,0,0
MANIPUR,2011,COLLAPSE OF STRUCTURE(HOUSE),0,0,0,0,0,0,0
MANIPUR,2011,COLLAPSE OF STRUCTURE(BUILDING),0,0,0,0,0,0,0
MANIPUR,2011,COLLAPSE OF STRUCTURE(DAM),0,0,0,0,0,0,0
MANIPUR,2011,COLLAPSE OF STRUCTURE(BRIDGE),0,0,0,0,0,0,0
MANIPUR,2011,COLLAPSE OF STRUCTURE(OTHERS),11,0,0,0,11,0,11
MANIPUR,2011,DROWNING(BOAT CAPSIZE),1,0,0,0,1,0,1
MANIPUR,2011,DROWNING(OTHER),12,0,0,0,10,2,12
MANIPUR,2011,ELECTROCUTION,12,0,0,0,9,3,12
MANIPUR,2011,EXPLOSION(BOMB EXPLOSION),40,40,12,52,8,0,8
MANIPUR,2011,EXPLOSION(OTHER EXPLOSION LIKE BOIL,0,0,0,0,0,0,0
MANIPUR,2011,FALLS(FALL FROM HEIGHT),4,0,0,0,3,1,4
MANIPUR,2011,FALL INTO PIT/MANHOLE,0,0,0,0,0,0,0
MANIPUR,2011,FACTORY/MACHINE ACCIDENTS,0,0,0,0,0,0,0
MANIPUR,2011,FIRE(FIREWORKS/CRACKERS),0,0,0,0,0,0,0
MANIPUR,2011,FIRE(SHORT-CIRCUIT),0,0,0,0,0,0,0
MANIPUR,2011,GAS CYLINDER/STOVE BURST,0,0,0,0,0,0,0
MANIPUR,2011,OTHER FIRE ACCIDENTS,2,0,0,0,3,1,4
MANIPUR,2011,FIRE-ARMS,4,0,0,0,4,0,4
MANIPUR,2011,SUDDEN DEATHS(HEART ATTACKS),2,0,0,0,2,0,2
MANIPUR,2011,EPILEPTIC FITS/GIDDINESS,0,0,0,0,0,0,0
MANIPUR,2011,ABORTIONS/CHILD BIRTH,2,0,0,0,0,2,2
MANIPUR,2011,INFLUENCE OF ALCOHOL,0,0,0,0,0,0,0
MANIPUR,2011,KILLED BY ANIMALS,0,0,0,0,0,0,0
MANIPUR,2011,MINES OR QUARY DISASTER,1,0,0,0,1,0,1
MANIPUR,2011,FOOD POISIONING/ACCIDENTAL INTAKE OF INSECTICIDES ETC.,5,0,0,0,0,5,5
MANIPUR,2011,SPURIOUS/POISIONOUS LIQUOR,0,0,0,0,0,0,0
MANIPUR,2011,LEAKAGE OF POISINOUS GASES ETC.,0,0,0,0,0,0,0
MANIPUR,2011,SNAKE BITE/ANIMAL BITE,0,0,0,0,0,0,0
MANIPUR,2011,OTHER,4,0,0,0,1,3,4
MANIPUR,2011,STAMPEDE,0,0,0,0,0,0,0
MANIPUR,2011,SUFFOCATION,3,0,0,0,3,0,3
MANIPUR,2011,TRAFFIC ACCIDENTS(ROAD ACCIDENTS),691,964,140,1104,137,19,156
MANIPUR,2011,TRAFFIC ACCIDENTS(RAIL-ROAD ACCIDENTS),0,0,0,0,0,0,0
MANIPUR,2011,OTHER RAILWAY ACCIDENTS,0,0,0,0,0,0,0
MANIPUR,2011,OTHER,46,0,0,0,36,10,46
MANIPUR,2011,CAUSES NOT KNOWN,46,0,0,0,43,3,46
MANIPUR,2011,TOTAL,886,1004,152,1156,272,49,321
MANIPUR,2011,TOTAL COLLAPSE,11,0,0,0,11,0,11
MANIPUR,2011,TOTAL DROWNING,13,0,0,0,11,2,13
MANIPUR,2011,TOTAL EXPLOSION,40,40,12,52,8,0,8
MANIPUR,2011,TOTAL FALLS,4,0,0,0,3,1,4
MANIPUR,2011,TOTAL FIRE,2,0,0,0,3,1,4
MANIPUR,2011,TOTAL SUDDEN DEATHS,4,0,0,0,2,2,4
MANIPUR,2011,TOTAL POISONING,9,0,0,0,1,8,9
MANIPUR,2011,TOTAL TRAFFIC ACCIDENTS,691,964,140,1104,137,19,156
MANIPUR,2012,AIR-CRASH,0,0,0,0,0,0,0
MANIPUR,2012,COLLAPSE OF STRUCTURE(HOUSE),0,0,0,0,0,0,0
MANIPUR,2012,COLLAPSE OF STRUCTURE(BUILDING),0,0,0,0,0,0,0
MANIPUR,2012,COLLAPSE OF STRUCTURE(DAM),0,0,0,0,0,0,0
MANIPUR,2012,COLLAPSE OF STRUCTURE(BRIDGE),0,0,0,0,0,0,0
MANIPUR,2012,COLLAPSE OF STRUCTURE(OTHERS),13,0,0,0,12,1,13
MANIPUR,2012,DROWNING(BOAT CAPSIZE),0,0,0,0,0,0,0
MANIPUR,2012,DROWNING(OTHER),17,0,0,0,14,3,17
MANIPUR,2012,ELECTROCUTION,6,0,0,0,5,1,6
MANIPUR,2012,EXPLOSION(BOMB EXPLOSION),135,74,18,92,11,0,11
MANIPUR,2012,EXPLOSION(OTHER EXPLOSION LIKE BOIL,0,0,0,0,0,0,0
MANIPUR,2012,FALLS(FALL FROM HEIGHT),11,0,0,0,12,0,12
MANIPUR,2012,FALL INTO PIT/MANHOLE,0,0,0,0,0,0,0
MANIPUR,2012,FACTORY/MACHINE ACCIDENTS,0,0,0,0,0,0,0
MANIPUR,2012,FIRE(FIREWORKS/CRACKERS),0,0,0,0,0,0,0
MANIPUR,2012,FIRE(SHORT-CIRCUIT),0,0,0,0,0,0,0
MANIPUR,2012,GAS CYLINDER/STOVE BURST,1,0,0,0,0,1,1
MANIPUR,2012,OTHER FIRE ACCIDENTS,3,0,0,0,2,1,3
MANIPUR,2012,FIRE-ARMS,4,0,0,0,4,0,4
MANIPUR,2012,SUDDEN DEATHS(HEART ATTACKS),6,0,0,0,6,0,6
MANIPUR,2012,EPILEPTIC FITS/GIDDINESS,1,0,0,0,1,0,1
MANIPUR,2012,ABORTIONS/CHILD BIRTH,0,0,0,0,0,0,0
MANIPUR,2012,INFLUENCE OF ALCOHOL,0,0,0,0,0,0,0
MANIPUR,2012,KILLED BY ANIMALS,0,0,0,0,0,0,0
MANIPUR,2012,MINES OR QUARY DISASTER,0,0,0,0,0,0,0
MANIPUR,2012,FOOD POISIONING/ACCIDENTAL INTAKE OF INSECTICIDES ETC.,0,0,0,0,0,0,0
MANIPUR,2012,SPURIOUS/POISIONOUS LIQUOR,0,0,0,0,0,0,0
MANIPUR,2012,LEAKAGE OF POISINOUS GASES ETC.,0,0,0,0,0,0,0
MANIPUR,2012,SNAKE BITE/ANIMAL BITE,0,0,0,0,0,0,0
MANIPUR,2012,OTHER,2,0,0,0,0,2,2
MANIPUR,2012,STAMPEDE,0,0,0,0,0,0,0
MANIPUR,2012,SUFFOCATION,0,0,0,0,0,0,0
MANIPUR,2012,TRAFFIC ACCIDENTS(ROAD ACCIDENTS),771,1195,196,1391,130,28,158
MANIPUR,2012,TRAFFIC ACCIDENTS(RAIL-ROAD ACCIDENTS),0,0,0,0,0,0,0
MANIPUR,2012,OTHER RAILWAY ACCIDENTS,0,0,0,0,0,0,0
MANIPUR,2012,OTHER,52,0,0,0,36,16,52
MANIPUR,2012,CAUSES NOT KNOWN,54,0,0,0,47,8,55
MANIPUR,2012,TOTAL,1076,1269,214,1483,280,61,341
MANIPUR,2012,TOTAL COLLAPSE,13,0,0,0,12,1,13
MANIPUR,2012,TOTAL DROWNING,17,0,0,0,14,3,17
MANIPUR,2012,TOTAL EXPLOSION,135,74,18,92,11,0,11
MANIPUR,2012,TOTAL FALLS,11,0,0,0,12,0,12
MANIPUR,2012,TOTAL FIRE,4,0,0,0,2,2,4
MANIPUR,2012,TOTAL SUDDEN DEATHS,7,0,0,0,7,0,7
MANIPUR,2012,TOTAL POISONING,2,0,0,0,0,2,2
MANIPUR,2012,TOTAL TRAFFIC ACCIDENTS,771,1195,196,1391,130,28,158
MEGHALAYA,2001,AIR-CRASH,0,0,0,0,0,0,0
MEGHALAYA,2001,COLLAPSE OF STRUCTURE(HOUSE),0,0,0,0,0,0,0
MEGHALAYA,2001,COLLAPSE OF STRUCTURE(BUILDING),0,0,0,0,0,0,0
MEGHALAYA,2001,COLLAPSE OF STRUCTURE(DAM),0,0,0,0,0,0,0
MEGHALAYA,2001,COLLAPSE OF STRUCTURE(BRIDGE),0,0,0,0,0,0,0
MEGHALAYA,2001,COLLAPSE OF STRUCTURE(OTHERS),1,0,0,0,3,0,3
MEGHALAYA,2001,DROWNING(BOAT CAPSIZE),7,0,0,0,5,2,7
MEGHALAYA,2001,DROWNING(OTHER),5,3,0,3,7,1,8
MEGHALAYA,2001,ELECTROCUTION,5,1,1,2,3,1,4
MEGHALAYA,2001,EXPLOSION(BOMB EXPLOSION),1,0,0,0,1,0,1
MEGHALAYA,2001,EXPLOSION(OTHER EXPLOSION LIKE BOILERS,,0,0,0,0,0,0,0
MEGHALAYA,2001,FALLS(FALL FROM HEIGHT),3,1,0,1,2,0,2
MEGHALAYA,2001,FALL INTO PIT/MANHOLE,0,0,0,0,0,0,0
MEGHALAYA,2001,FACTORY/MACHINE ACCIDENTS,0,0,0,0,0,0,0
MEGHALAYA,2001,FIRE(FIREWORKS/CRACKERS),0,0,0,0,0,0,0
MEGHALAYA,2001,FIRE(SHORT-CIRCUIT),0,0,0,0,0,0,0
MEGHALAYA,2001,GAS CYLINDER/STOVE BURST,1,0,0,0,0,2,2
MEGHALAYA,2001,OTHER FIRE ACCIDENTS,1,0,1,1,0,0,0
MEGHALAYA,2001,FIRE-ARMS,3,0,0,0,3,0,3
MEGHALAYA,2001,SUDDEN DEATHS(HEART ATTACKS),3,0,0,0,3,0,3
MEGHALAYA,2001,EPILEPTIC FITS/GIDDINESS,1,0,0,0,1,0,1
MEGHALAYA,2001,ABORTIONS/CHILD BIRTH,0,0,0,0,0,0,0
MEGHALAYA,2001,INFLUENCE OF ALCOHOL,0,0,0,0,0,0,0
MEGHALAYA,2001,KILLED BY ANIMALS,2,0,0,0,1,2,3
MEGHALAYA,2001,MINES OR QUARY DISASTER,0,0,0,0,0,0,0
MEGHALAYA,2001,FOOD POISIONING/ACCIDENTAL INTAKE OF INSECTICIDES ETC.,0,0,0,0,0,0,0
MEGHALAYA,2001,SPURIOUS/POISIONOUS LIQUOR,0,0,0,0,0,0,0
MEGHALAYA,2001,LEAKAGE OF POISINOUS GASES ETC.,0,0,0,0,0,0,0
MEGHALAYA,2001,SNAKE BITE/ANIMAL BITE,0,0,0,0,0,0,0
MEGHALAYA,2001,OTHER,0,0,0,0,0,0,0
MEGHALAYA,2001,STAMPEDE,0,0,0,0,0,0,0
MEGHALAYA,2001,SUFFOCATION,0,0,0,0,0,0,0
MEGHALAYA,2001,TRAFFIC ACCIDENTS(ROAD ACCIDENTS),161,280,46,326,125,13,138
MEGHALAYA,2001,TRAFFIC ACCIDENTS(RAIL-ROAD ACCIDENTS),0,0,0,0,0,0,0
MEGHALAYA,2001,OTHER RAILWAY ACCIDENTS,0,0,0,0,0,0,0
MEGHALAYA,2001,OTHER,9,0,0,0,9,0,9
MEGHALAYA,2001,CAUSES NOT KNOWN,26,0,0,0,32,1,33
MEGHALAYA,2001,TOTAL,229,285,48,333,195,22,217
MEGHALAYA,2001,TOTAL COLLAPSE,1,0,0,0,3,0,3
MEGHALAYA,2001,TOTAL DROWNING,12,3,0,3,12,3,15
MEGHALAYA,2001,TOTAL EXPLOSION,1,0,0,0,1,0,1
MEGHALAYA,2001,TOTAL FALLS,3,1,0,1,2,0,2
MEGHALAYA,2001,TOTAL FIRE,2,0,1,1,0,2,2
MEGHALAYA,2001,TOTAL SUDDEN DEATHS,4,0,0,0,4,0,4
MEGHALAYA,2001,TOTAL POISONING,0,0,0,0,0,0,0
MEGHALAYA,2001,TOTAL TRAFFIC ACCIDENTS,161,280,46,326,125,13,138
MEGHALAYA,2002,AIR-CRASH,0,0,0,0,0,0,0
MEGHALAYA,2002,COLLAPSE OF STRUCTURE(HOUSE),0,0,0,0,0,0,0
MEGHALAYA,2002,COLLAPSE OF STRUCTURE(BUILDING),2,0,0,0,0,2,2
MEGHALAYA,2002,COLLAPSE OF STRUCTURE(DAM),0,0,0,0,0,0,0
MEGHALAYA,2002,COLLAPSE OF STRUCTURE(BRIDGE),0,0,0,0,0,0,0
MEGHALAYA,2002,COLLAPSE OF STRUCTURE(OTHERS),4,0,0,0,6,0,6
MEGHALAYA,2002,DROWNING(BOAT CAPSIZE),0,0,0,0,0,0,0
MEGHALAYA,2002,DROWNING(OTHER),30,2,1,3,19,8,27
MEGHALAYA,2002,ELECTROCUTION,5,0,0,0,5,0,5
MEGHALAYA,2002,EXPLOSION(BOMB EXPLOSION),1,0,0,0,1,0,1
MEGHALAYA,2002,EXPLOSION(OTHER EXPLOSION LIKE BOILERS, GAS CYLINDER ETC.),0,0,0,0,0,0,0
MEGHALAYA,2002,FALLS(FALL FROM HEIGHT),9,0,0,0,9,1,10
MEGHALAYA,2002,FALL INTO PIT/MANHOLE,0,0,0,0,0,0,0
MEGHALAYA,2002,FACTORY/MACHINE ACCIDENTS,0,0,0,0,0,0,0
MEGHALAYA,2002,FIRE(FIREWORKS/CRACKERS),0,0,0,0,0,0,0
MEGHALAYA,2002,FIRE(SHORT-CIRCUIT),0,0,0,0,0,0,0
MEGHALAYA,2002,GAS CYLINDER/STOVE BURST,1,0,0,0,0,1,1
MEGHALAYA,2002,OTHER FIRE ACCIDENTS,9,0,0,0,5,4,9
MEGHALAYA,2002,FIRE-ARMS,2,0,0,0,2,0,2
MEGHALAYA,2002,SUDDEN DEATHS(HEART ATTACKS),5,0,0,0,5,0,5
MEGHALAYA,2002,EPILEPTIC FITS/GIDDINESS,2,0,0,0,2,0,2
MEGHALAYA,2002,ABORTIONS/CHILD BIRTH,0,0,0,0,0,0,0
MEGHALAYA,2002,INFLUENCE OF ALCOHOL,3,0,0,0,3,0,3
MEGHALAYA,2002,KILLED BY ANIMALS,4,0,0,0,4,0,4
MEGHALAYA,2002,MINES OR QUARY DISASTER,1,0,0,0,1,0,1
MEGHALAYA,2002,FOOD POISIONING/ACCIDENTAL INTAKE OF INSECTICIDES ETC.,0,0,0,0,0,0,0
MEGHALAYA,2002,SPURIOUS/POISIONOUS LIQUOR,0,0,0,0,0,0,0
MEGHALAYA,2002,LEAKAGE OF POISINOUS GASES ETC.,0,0,0,0,0,0,0
MEGHALAYA,2002,SNAKE BITE/ANIMAL BITE,0,0,0,0,0,0,0
MEGHALAYA,2002,OTHER,0,0,0,0,0,0,0
MEGHALAYA,2002,STAMPEDE,0,0,0,0,0,0,0
MEGHALAYA,2002,SUFFOCATION,0,0,0,0,0,0,0
MEGHALAYA,2002,TRAFFIC ACCIDENTS(ROAD ACCIDENTS),465,267,59,326,113,12,125
MEGHALAYA,2002,TRAFFIC ACCIDENTS(RAIL-ROAD ACCIDENTS),0,0,0,0,0,0,0
MEGHALAYA,2002,OTHER RAILWAY ACCIDENTS,0,0,0,0,0,0,0
MEGHALAYA,2002,OTHER,1,0,0,0,1,0,1
MEGHALAYA,2002,CAUSES NOT KNOWN,35,0,0,0,35,1,36
MEGHALAYA,2002,TOTAL,579,269,60,329,211,29,240
MEGHALAYA,2002,TOTAL COLLAPSE,6,0,0,0,6,2,8
MEGHALAYA,2002,TOTAL DROWNING,30,2,1,3,19,8,27
MEGHALAYA,2002,TOTAL EXPLOSION,1,0,0,0,1,0,1
MEGHALAYA,2002,TOTAL FALLS,9,0,0,0,9,1,10
MEGHALAYA,2002,TOTAL FIRE,10,0,0,0,5,5,10
MEGHALAYA,2002,TOTAL SUDDEN DEATHS,10,0,0,0,10,0,10
MEGHALAYA,2002,TOTAL POISONING,0,0,0,0,0,0,0
MEGHALAYA,2002,TOTAL TRAFFIC ACCIDENTS,465,267,59,326,113,12,125
MEGHALAYA,2003,AIR-CRASH,0,0,0,0,0,0,0
MEGHALAYA,2003,COLLAPSE OF STRUCTURE(HOUSE),1,0,0,0,0,2,2
MEGHALAYA,2003,COLLAPSE OF STRUCTURE(BUILDING),0,0,0,0,0,0,0
MEGHALAYA,2003,COLLAPSE OF STRUCTURE(DAM),0,0,0,0,0,0,0
MEGHALAYA,2003,COLLAPSE OF STRUCTURE(BRIDGE),0,0,0,0,0,0,0
MEGHALAYA,2003,COLLAPSE OF STRUCTURE(OTHERS),0,0,0,0,0,0,0
MEGHALAYA,2003,DROWNING(BOAT CAPSIZE),2,0,0,0,2,0,2
MEGHALAYA,2003,DROWNING(OTHER),8,0,0,0,7,1,8
MEGHALAYA,2003,ELECTROCUTION,4,3,0,3,1,0,1
MEGHALAYA,2003,EXPLOSION(BOMB EXPLOSION),1,1,0,1,1,0,1
MEGHALAYA,2003,EXPLOSION(OTHER EXPLOSION LIKE BOILERS,,0,0,0,0,0,0,0
MEGHALAYA,2003,FALLS(FALL FROM HEIGHT),2,0,0,0,2,0,2
MEGHALAYA,2003,FALL INTO PIT/MANHOLE,0,0,0,0,0,0,0
MEGHALAYA,2003,FACTORY/MACHINE ACCIDENTS,1,0,0,0,1,0,1
MEGHALAYA,2003,FIRE(FIREWORKS/CRACKERS),0,0,0,0,0,0,0
MEGHALAYA,2003,FIRE(SHORT-CIRCUIT),1,0,0,0,1,0,1
MEGHALAYA,2003,GAS CYLINDER/STOVE BURST,2,0,0,0,0,2,2
MEGHALAYA,2003,OTHER FIRE ACCIDENTS,8,2,0,2,5,3,8
MEGHALAYA,2003,FIRE-ARMS,0,0,0,0,0,0,0
MEGHALAYA,2003,SUDDEN DEATHS(HEART ATTACKS),3,0,0,0,3,0,3
MEGHALAYA,2003,EPILEPTIC FITS/GIDDINESS,2,0,0,0,2,0,2
MEGHALAYA,2003,ABORTIONS/CHILD BIRTH,0,0,0,0,0,0,0
MEGHALAYA,2003,INFLUENCE OF ALCOHOL,7,1,0,1,5,1,6
MEGHALAYA,2003,KILLED BY ANIMALS,4,0,0,0,3,1,4
MEGHALAYA,2003,MINES OR QUARY DISASTER,3,0,0,0,9,0,9
MEGHALAYA,2003,FOOD POISIONING/ACCIDENTAL INTAKE OF INSECTICIDES ETC.,0,0,0,0,0,0,0
MEGHALAYA,2003,SPURIOUS/POISIONOUS LIQUOR,0,0,0,0,0,0,0
MEGHALAYA,2003,LEAKAGE OF POISINOUS GASES ETC.,0,0,0,0,0,0,0
MEGHALAYA,2003,SNAKE BITE/ANIMAL BITE,0,0,0,0,0,0,0
MEGHALAYA,2003,OTHER,0,0,0,0,0,0,0
MEGHALAYA,2003,STAMPEDE,0,0,0,0,0,0,0
MEGHALAYA,2003,SUFFOCATION,0,0,0,0,0,0,0
MEGHALAYA,2003,TRAFFIC ACCIDENTS(ROAD ACCIDENTS),373,282,139,421,102,16,118
MEGHALAYA,2003,TRAFFIC ACCIDENTS(RAIL-ROAD ACCIDENTS),0,0,0,0,0,0,0
MEGHALAYA,2003,OTHER RAILWAY ACCIDENTS,0,0,0,0,0,0,0
MEGHALAYA,2003,OTHER,7,0,0,0,6,1,7
MEGHALAYA,2003,CAUSES NOT KNOWN,7,0,0,0,7,0,7
MEGHALAYA,2003,TOTAL,436,289,139,428,157,27,184
MEGHALAYA,2003,TOTAL COLLAPSE,1,0,0,0,0,2,2
MEGHALAYA,2003,TOTAL DROWNING,10,0,0,0,9,1,10
MEGHALAYA,2003,TOTAL EXPLOSION,1,1,0,1,1,0,1
MEGHALAYA,2003,TOTAL FALLS,2,0,0,0,2,0,2
MEGHALAYA,2003,TOTAL FIRE,11,2,0,2,6,5,11
MEGHALAYA,2003,TOTAL SUDDEN DEATHS,12,1,0,1,10,1,11
MEGHALAYA,2003,TOTAL POISONING,0,0,0,0,0,0,0
MEGHALAYA,2003,TOTAL TRAFFIC ACCIDENTS,373,282,139,421,102,16,118
MEGHALAYA,2004,AIR-CRASH,1,0,0,0,10,0,10
MEGHALAYA,2004,COLLAPSE OF STRUCTURE(HOUSE),0,0,0,0,0,0,0
MEGHALAYA,2004,COLLAPSE OF STRUCTURE(BUILDING),0,0,0,0,0,0,0
MEGHALAYA,2004,COLLAPSE OF STRUCTURE(DAM),0,0,0,0,0,0,0
MEGHALAYA,2004,COLLAPSE OF STRUCTURE(BRIDGE),0,0,0,0,0,0,0
MEGHALAYA,2004,COLLAPSE OF STRUCTURE(OTHERS),2,0,0,0,2,0,2
MEGHALAYA,2004,DROWNING(BOAT CAPSIZE),0,0,0,0,0,0,0
MEGHALAYA,2004,DROWNING(OTHER),18,4,0,4,17,1,18
MEGHALAYA,2004,ELECTROCUTION,9,0,0,0,8,1,9
MEGHALAYA,2004,EXPLOSION(BOMB EXPLOSION),0,0,0,0,0,0,0
MEGHALAYA,2004,EXPLOSION(OTHER EXPLOSION LIKE BOILERS,,0,0,0,0,0,0,0
MEGHALAYA,2004,FALLS(FALL FROM HEIGHT),11,0,0,0,10,1,11
MEGHALAYA,2004,FALL INTO PIT/MANHOLE,2,0,0,0,2,0,2
MEGHALAYA,2004,FACTORY/MACHINE ACCIDENTS,1,0,0,0,1,0,1
MEGHALAYA,2004,FIRE(FIREWORKS/CRACKERS),0,0,0,0,0,0,0
MEGHALAYA,2004,FIRE(SHORT-CIRCUIT),3,0,0,0,1,2,3
MEGHALAYA,2004,GAS CYLINDER/STOVE BURST,1,1,0,1,1,0,1
MEGHALAYA,2004,OTHER FIRE ACCIDENTS,6,0,0,0,3,3,6
MEGHALAYA,2004,FIRE-ARMS,10,0,0,0,10,0,10
MEGHALAYA,2004,SUDDEN DEATHS(HEART ATTACKS),5,0,0,0,5,0,5
MEGHALAYA,2004,EPILEPTIC FITS/GIDDINESS,10,0,0,0,9,1,10
MEGHALAYA,2004,ABORTIONS/CHILD BIRTH,0,0,0,0,0,0,0
MEGHALAYA,2004,INFLUENCE OF ALCOHOL,3,0,0,0,3,0,3
MEGHALAYA,2004,KILLED BY ANIMALS,1,0,0,0,1,0,1
MEGHALAYA,2004,MINES OR QUARY DISASTER,0,0,0,0,0,0,0
MEGHALAYA,2004,FOOD POISIONING/ACCIDENTAL INTAKE OF INSECTICIDES ETC.,0,0,0,0,0,0,0
MEGHALAYA,2004,SPURIOUS/POISIONOUS LIQUOR,0,0,0,0,0,0,0
MEGHALAYA,2004,LEAKAGE OF POISINOUS GASES ETC.,0,0,0,0,0,0,0
MEGHALAYA,2004,SNAKE BITE/ANIMAL BITE,0,0,0,0,0,0,0
MEGHALAYA,2004,OTHER,0,0,0,0,0,0,0
MEGHALAYA,2004,STAMPEDE,0,0,0,0,0,0,0
MEGHALAYA,2004,SUFFOCATION,1,0,0,0,1,0,1
MEGHALAYA,2004,TRAFFIC ACCIDENTS(ROAD ACCIDENTS),328,219,96,315,107,21,128
MEGHALAYA,2004,TRAFFIC ACCIDENTS(RAIL-ROAD ACCIDENTS),0,0,0,0,0,0,0
MEGHALAYA,2004,OTHER RAILWAY ACCIDENTS,0,0,0,0,0,0,0
MEGHALAYA,2004,OTHER,3,0,0,0,3,0,3
MEGHALAYA,2004,CAUSES NOT KNOWN,10,0,0,0,9,1,10
MEGHALAYA,2004,TOTAL,425,224,96,320,203,31,234
MEGHALAYA,2004,TOTAL COLLAPSE,2,0,0,0,2,0,2
MEGHALAYA,2004,TOTAL DROWNING,18,4,0,4,17,1,18
MEGHALAYA,2004,TOTAL EXPLOSION,0,0,0,0,0,0,0
MEGHALAYA,2004,TOTAL FALLS,13,0,0,0,12,1,13
MEGHALAYA,2004,TOTAL FIRE,10,1,0,1,5,5,10
MEGHALAYA,2004,TOTAL SUDDEN DEATHS,18,0,0,0,17,1,18
MEGHALAYA,2004,TOTAL POISONING,0,0,0,0,0,0,0
MEGHALAYA,2004,TOTAL TRAFFIC ACCIDENTS,328,219,96,315,107,21,128
MEGHALAYA,2005,AIR-CRASH,0,0,0,0,0,0,0
MEGHALAYA,2005,COLLAPSE OF STRUCTURE(HOUSE),0,0,0,0,0,0,0
MEGHALAYA,2005,COLLAPSE OF STRUCTURE(BUILDING),1,0,0,0,1,0,1
MEGHALAYA,2005,COLLAPSE OF STRUCTURE(DAM),0,0,0,0,0,0,0
MEGHALAYA,2005,COLLAPSE OF STRUCTURE(BRIDGE),0,0,0,0,0,0,0
MEGHALAYA,2005,COLLAPSE OF STRUCTURE(OTHERS),0,0,0,0,0,0,0
MEGHALAYA,2005,DROWNING(BOAT CAPSIZE),0,0,0,0,0,0,0
MEGHALAYA,2005,DROWNING(OTHER),22,0,0,0,17,5,22
MEGHALAYA,2005,ELECTROCUTION,8,0,0,0,7,1,8
MEGHALAYA,2005,EXPLOSION(BOMB EXPLOSION),0,0,0,0,0,0,0
MEGHALAYA,2005,EXPLOSION(OTHER EXPLOSION LIKE BOILERS,,0,0,0,0,0,0,0
MEGHALAYA,2005,FALLS(FALL FROM HEIGHT),14,0,0,0,14,0,14
MEGHALAYA,2005,FALL INTO PIT/MANHOLE,3,0,0,0,3,0,3
MEGHALAYA,2005,FACTORY/MACHINE ACCIDENTS,0,0,0,0,0,0,0
MEGHALAYA,2005,FIRE(FIREWORKS/CRACKERS),0,0,0,0,0,0,0
MEGHALAYA,2005,FIRE(SHORT-CIRCUIT),0,0,0,0,0,0,0
MEGHALAYA,2005,GAS CYLINDER/STOVE BURST,4,0,0,0,1,3,4
MEGHALAYA,2005,OTHER FIRE ACCIDENTS,5,0,0,0,3,2,5
MEGHALAYA,2005,FIRE-ARMS,4,0,0,0,6,0,6
MEGHALAYA,2005,SUDDEN DEATHS(HEART ATTACKS),9,0,0,0,9,0,9
MEGHALAYA,2005,EPILEPTIC FITS/GIDDINESS,19,0,0,0,18,1,19
MEGHALAYA,2005,ABORTIONS/CHILD BIRTH,0,0,0,0,0,0,0
MEGHALAYA,2005,INFLUENCE OF ALCOHOL,2,0,0,0,2,0,2
MEGHALAYA,2005,KILLED BY ANIMALS,5,0,0,0,3,2,5
MEGHALAYA,2005,MINES OR QUARY DISASTER,1,0,0,0,1,0,1
MEGHALAYA,2005,FOOD POISIONING/ACCIDENTAL INTAKE OF INSECTICIDES ETC.,2,0,0,0,1,1,2
MEGHALAYA,2005,SPURIOUS/POISIONOUS LIQUOR,0,0,0,0,0,0,0
MEGHALAYA,2005,LEAKAGE OF POISINOUS GASES ETC.,0,0,0,0,0,0,0
MEGHALAYA,2005,SNAKE BITE/ANIMAL BITE,0,0,0,0,0,0,0
MEGHALAYA,2005,OTHER,0,0,0,0,0,0,0
MEGHALAYA,2005,STAMPEDE,0,0,0,0,0,0,0
MEGHALAYA,2005,SUFFOCATION,0,0,0,0,0,0,0
MEGHALAYA,2005,TRAFFIC ACCIDENTS(ROAD ACCIDENTS),330,362,91,453,97,25,122
MEGHALAYA,2005,TRAFFIC ACCIDENTS(RAIL-ROAD ACCIDENTS),0,0,0,0,0,0,0
MEGHALAYA,2005,OTHER RAILWAY ACCIDENTS,0,0,0,0,0,0,0
MEGHALAYA,2005,OTHER,2,0,0,0,2,0,2
MEGHALAYA,2005,CAUSES NOT KNOWN,22,0,0,0,20,2,22
MEGHALAYA,2005,TOTAL,453,362,91,453,205,42,247
MEGHALAYA,2005,TOTAL COLLAPSE,1,0,0,0,1,0,1
MEGHALAYA,2005,TOTAL DROWNING,22,0,0,0,17,5,22
MEGHALAYA,2005,TOTAL EXPLOSION,0,0,0,0,0,0,0
MEGHALAYA,2005,TOTAL FALLS,17,0,0,0,17,0,17
MEGHALAYA,2005,TOTAL FIRE,9,0,0,0,4,5,9
MEGHALAYA,2005,TOTAL SUDDEN DEATHS,30,0,0,0,29,1,30
MEGHALAYA,2005,TOTAL POISONING,2,0,0,0,1,1,2
MEGHALAYA,2005,TOTAL TRAFFIC ACCIDENTS,330,362,91,453,97,25,122
MEGHALAYA,2006,AIR-CRASH,0,0,0,0,0,0,0
MEGHALAYA,2006,COLLAPSE OF STRUCTURE(HOUSE),0,0,0,0,0,0,0
MEGHALAYA,2006,COLLAPSE OF STRUCTURE(BUILDING),0,0,0,0,0,0,0
MEGHALAYA,2006,COLLAPSE OF STRUCTURE(DAM),0,0,0,0,0,0,0
MEGHALAYA,2006,COLLAPSE OF STRUCTURE(BRIDGE),1,0,0,0,1,0,1
MEGHALAYA,2006,COLLAPSE OF STRUCTURE(OTHERS),3,0,0,0,2,1,3
MEGHALAYA,2006,DROWNING(BOAT CAPSIZE),0,0,0,0,0,0,0
MEGHALAYA,2006,DROWNING(OTHER),27,0,0,0,25,2,27
MEGHALAYA,2006,ELECTROCUTION,14,0,0,0,11,3,14
MEGHALAYA,2006,EXPLOSION(BOMB EXPLOSION),1,0,0,0,1,0,1
MEGHALAYA,2006,EXPLOSION(OTHER EXPLOSION LIKE BOIL,2,0,0,0,2,0,2
MEGHALAYA,2006,FALLS(FALL FROM HEIGHT),14,0,0,0,12,2,14
MEGHALAYA,2006,FALL INTO PIT/MANHOLE,0,0,0,0,0,0,0
MEGHALAYA,2006,FACTORY/MACHINE ACCIDENTS,1,0,0,0,1,0,1
MEGHALAYA,2006,FIRE(FIREWORKS/CRACKERS),0,0,0,0,0,0,0
MEGHALAYA,2006,FIRE(SHORT-CIRCUIT),0,0,0,0,0,0,0
MEGHALAYA,2006,GAS CYLINDER/STOVE BURST,1,0,0,0,1,0,1
MEGHALAYA,2006,OTHER FIRE ACCIDENTS,7,0,0,0,4,4,8
MEGHALAYA,2006,FIRE-ARMS,6,0,0,0,6,0,6
MEGHALAYA,2006,SUDDEN DEATHS(HEART ATTACKS),3,0,0,0,3,0,3
MEGHALAYA,2006,EPILEPTIC FITS/GIDDINESS,0,0,0,0,0,0,0
MEGHALAYA,2006,ABORTIONS/CHILD BIRTH,0,0,0,0,0,0,0
MEGHALAYA,2006,INFLUENCE OF ALCOHOL,7,0,0,0,7,0,7
MEGHALAYA,2006,KILLED BY ANIMALS,1,0,0,0,1,0,1
MEGHALAYA,2006,MINES OR QUARY DISASTER,5,1,0,1,5,0,5
MEGHALAYA,2006,FOOD POISIONING/ACCIDENTAL INTAKE OF INSECTICIDES ETC.,0,0,0,0,0,0,0
MEGHALAYA,2006,SPURIOUS/POISIONOUS LIQUOR,0,0,0,0,0,0,0
MEGHALAYA,2006,LEAKAGE OF POISINOUS GASES ETC.,0,0,0,0,0,0,0
MEGHALAYA,2006,SNAKE BITE/ANIMAL BITE,0,0,0,0,0,0,0
MEGHALAYA,2006,OTHER,1,0,0,0,1,0,1
MEGHALAYA,2006,STAMPEDE,0,0,0,0,0,0,0
MEGHALAYA,2006,SUFFOCATION,0,0,0,0,0,0,0
MEGHALAYA,2006,TRAFFIC ACCIDENTS(ROAD ACCIDENTS),176,175,60,235,106,26,132
MEGHALAYA,2006,TRAFFIC ACCIDENTS(RAIL-ROAD ACCIDENTS),0,0,0,0,0,0,0
MEGHALAYA,2006,OTHER RAILWAY ACCIDENTS,0,0,0,0,0,0,0
MEGHALAYA,2006,OTHER,3,0,0,0,2,1,3
MEGHALAYA,2006,CAUSES NOT KNOWN,8,0,0,0,7,1,8
MEGHALAYA,2006,TOTAL,281,176,60,236,198,40,238
MEGHALAYA,2006,TOTAL COLLAPSE,4,0,0,0,3,1,4
MEGHALAYA,2006,TOTAL DROWNING,27,0,0,0,25,2,27
MEGHALAYA,2006,TOTAL EXPLOSION,3,0,0,0,3,0,3
MEGHALAYA,2006,TOTAL FALLS,14,0,0,0,12,2,14
MEGHALAYA,2006,TOTAL FIRE,8,0,0,0,5,4,9
MEGHALAYA,2006,TOTAL SUDDEN DEATHS,10,0,0,0,10,0,10
MEGHALAYA,2006,TOTAL POISONING,1,0,0,0,1,0,1
MEGHALAYA,2006,TOTAL TRAFFIC ACCIDENTS,176,175,60,235,106,26,132
MEGHALAYA,2007,AIR-CRASH,0,0,0,0,0,0,0
MEGHALAYA,2007,COLLAPSE OF STRUCTURE(HOUSE),0,0,0,0,0,0,0
MEGHALAYA,2007,COLLAPSE OF STRUCTURE(BUILDING),0,0,0,0,0,0,0
MEGHALAYA,2007,COLLAPSE OF STRUCTURE(DAM),0,0,0,0,0,0,0
MEGHALAYA,2007,COLLAPSE OF STRUCTURE(BRIDGE),0,0,0,0,0,0,0
MEGHALAYA,2007,COLLAPSE OF STRUCTURE(OTHERS),1,0,0,0,1,0,1
MEGHALAYA,2007,DROWNING(BOAT CAPSIZE),6,0,0,0,6,0,6
MEGHALAYA,2007,DROWNING(OTHER),34,2,0,2,20,14,34
MEGHALAYA,2007,ELECTROCUTION,12,1,0,1,11,0,11
MEGHALAYA,2007,EXPLOSION(BOMB EXPLOSION),0,0,0,0,0,0,0
MEGHALAYA,2007,EXPLOSION(OTHER EXPLOSION LIKE BOIL,3,0,0,0,2,1,3
MEGHALAYA,2007,FALLS(FALL FROM HEIGHT),12,0,0,0,10,2,12
MEGHALAYA,2007,FALL INTO PIT/MANHOLE,1,0,0,0,1,0,1
MEGHALAYA,2007,FACTORY/MACHINE ACCIDENTS,1,0,0,0,1,0,1
MEGHALAYA,2007,FIRE(FIREWORKS/CRACKERS),0,0,0,0,0,0,0
MEGHALAYA,2007,FIRE(SHORT-CIRCUIT),5,0,0,0,3,2,5
MEGHALAYA,2007,GAS CYLINDER/STOVE BURST,3,0,0,0,1,2,3
MEGHALAYA,2007,OTHER FIRE ACCIDENTS,2,0,0,0,2,1,3
MEGHALAYA,2007,FIRE-ARMS,4,2,0,2,2,0,2
MEGHALAYA,2007,SUDDEN DEATHS(HEART ATTACKS),3,0,0,0,3,0,3
MEGHALAYA,2007,EPILEPTIC FITS/GIDDINESS,0,0,0,0,0,0,0
MEGHALAYA,2007,ABORTIONS/CHILD BIRTH,0,0,0,0,0,0,0
MEGHALAYA,2007,INFLUENCE OF ALCOHOL,1,0,0,0,1,0,1
MEGHALAYA,2007,KILLED BY ANIMALS,3,0,0,0,2,1,3
MEGHALAYA,2007,MINES OR QUARY DISASTER,0,0,0,0,0,0,0
MEGHALAYA,2007,FOOD POISIONING/ACCIDENTAL INTAKE OF INSECTICIDES ETC.,1,0,0,0,1,0,1
MEGHALAYA,2007,SPURIOUS/POISIONOUS LIQUOR,0,0,0,0,0,0,0
MEGHALAYA,2007,LEAKAGE OF POISINOUS GASES ETC.,0,0,0,0,0,0,0
MEGHALAYA,2007,SNAKE BITE/ANIMAL BITE,0,0,0,0,0,0,0
MEGHALAYA,2007,OTHER,0,0,0,0,0,0,0
MEGHALAYA,2007,STAMPEDE,0,0,0,0,0,0,0
MEGHALAYA,2007,SUFFOCATION,1,0,0,0,1,0,1
MEGHALAYA,2007,TRAFFIC ACCIDENTS(ROAD ACCIDENTS),157,126,38,164,109,24,133
MEGHALAYA,2007,TRAFFIC ACCIDENTS(RAIL-ROAD ACCIDENTS),0,0,0,0,0,0,0
MEGHALAYA,2007,OTHER RAILWAY ACCIDENTS,0,0,0,0,0,0,0
MEGHALAYA,2007,OTHER,7,0,0,0,7,0,7
MEGHALAYA,2007,CAUSES NOT KNOWN,38,0,0,0,28,10,38
MEGHALAYA,2007,TOTAL,295,131,38,169,212,57,269
MEGHALAYA,2007,TOTAL COLLAPSE,1,0,0,0,1,0,1
MEGHALAYA,2007,TOTAL DROWNING,40,2,0,2,26,14,40
MEGHALAYA,2007,TOTAL EXPLOSION,3,0,0,0,2,1,3
MEGHALAYA,2007,TOTAL FALLS,13,0,0,0,11,2,13
MEGHALAYA,2007,TOTAL FIRE,10,0,0,0,6,5,11
MEGHALAYA,2007,TOTAL SUDDEN DEATHS,4,0,0,0,4,0,4
MEGHALAYA,2007,TOTAL POISONING,1,0,0,0,1,0,1
MEGHALAYA,2007,TOTAL TRAFFIC ACCIDENTS,157,126,38,164,109,24,133
MEGHALAYA,2008,AIR-CRASH,0,0,0,0,0,0,0
MEGHALAYA,2008,COLLAPSE OF STRUCTURE(HOUSE),0,0,0,0,0,0,0
MEGHALAYA,2008,COLLAPSE OF STRUCTURE(BUILDING),0,0,0,0,0,0,0
MEGHALAYA,2008,COLLAPSE OF STRUCTURE(DAM),0,0,0,0,0,0,0
MEGHALAYA,2008,COLLAPSE OF STRUCTURE(BRIDGE),2,0,0,0,2,0,2
MEGHALAYA,2008,COLLAPSE OF STRUCTURE(OTHERS),1,0,0,0,1,0,1
MEGHALAYA,2008,DROWNING(BOAT CAPSIZE),3,0,0,0,3,1,4
MEGHALAYA,2008,DROWNING(OTHER),23,0,0,0,19,5,24
MEGHALAYA,2008,ELECTROCUTION,9,0,0,0,6,3,9
MEGHALAYA,2008,EXPLOSION(BOMB EXPLOSION),0,0,0,0,0,0,0
MEGHALAYA,2008,EXPLOSION(OTHER EXPLOSION LIKE BOIL,1,0,0,0,1,0,1
MEGHALAYA,2008,FALLS(FALL FROM HEIGHT),10,0,0,0,10,0,10
MEGHALAYA,2008,FALL INTO PIT/MANHOLE,1,0,0,0,2,0,2
MEGHALAYA,2008,FACTORY/MACHINE ACCIDENTS,0,0,0,0,0,0,0
MEGHALAYA,2008,FIRE(FIREWORKS/CRACKERS),0,0,0,0,0,0,0
MEGHALAYA,2008,FIRE(SHORT-CIRCUIT),0,0,0,0,0,0,0
MEGHALAYA,2008,GAS CYLINDER/STOVE BURST,10,0,0,0,3,7,10
MEGHALAYA,2008,OTHER FIRE ACCIDENTS,4,0,0,0,2,2,4
MEGHALAYA,2008,FIRE-ARMS,3,2,0,2,3,0,3
MEGHALAYA,2008,SUDDEN DEATHS(HEART ATTACKS),6,0,0,0,4,2,6
MEGHALAYA,2008,EPILEPTIC FITS/GIDDINESS,14,0,0,0,10,4,14
MEGHALAYA,2008,ABORTIONS/CHILD BIRTH,4,0,0,0,0,4,4
MEGHALAYA,2008,INFLUENCE OF ALCOHOL,4,0,0,0,4,0,4
MEGHALAYA,2008,KILLED BY ANIMALS,5,0,1,1,4,0,4
MEGHALAYA,2008,MINES OR QUARY DISASTER,0,0,0,0,0,0,0
MEGHALAYA,2008,FOOD POISIONING/ACCIDENTAL INTAKE OF INSECTICIDES ETC.,0,0,0,0,0,0,0
MEGHALAYA,2008,SPURIOUS/POISIONOUS LIQUOR,0,0,0,0,0,0,0
MEGHALAYA,2008,LEAKAGE OF POISINOUS GASES ETC.,0,0,0,0,0,0,0
MEGHALAYA,2008,SNAKE BITE/ANIMAL BITE,0,0,0,0,0,0,0
MEGHALAYA,2008,OTHER,55,0,0,0,53,2,55
MEGHALAYA,2008,STAMPEDE,0,0,0,0,0,0,0
MEGHALAYA,2008,SUFFOCATION,1,0,0,0,0,2,2
MEGHALAYA,2008,TRAFFIC ACCIDENTS(ROAD ACCIDENTS),191,255,104,359,120,29,149
MEGHALAYA,2008,TRAFFIC ACCIDENTS(RAIL-ROAD ACCIDENTS),0,0,0,0,0,0,0
MEGHALAYA,2008,OTHER RAILWAY ACCIDENTS,0,0,0,0,0,0,0
MEGHALAYA,2008,OTHER,22,0,0,0,23,4,27
MEGHALAYA,2008,CAUSES NOT KNOWN,16,0,0,0,15,1,16
MEGHALAYA,2008,TOTAL,385,257,105,362,285,66,351
MEGHALAYA,2008,TOTAL COLLAPSE,3,0,0,0,3,0,3
MEGHALAYA,2008,TOTAL DROWNING,26,0,0,0,22,6,28
MEGHALAYA,2008,TOTAL EXPLOSION,1,0,0,0,1,0,1
MEGHALAYA,2008,TOTAL FALLS,11,0,0,0,12,0,12
MEGHALAYA,2008,TOTAL FIRE,14,0,0,0,5,9,14
MEGHALAYA,2008,TOTAL SUDDEN DEATHS,28,0,0,0,18,10,28
MEGHALAYA,2008,TOTAL POISONING,55,0,0,0,53,2,55
MEGHALAYA,2008,TOTAL TRAFFIC ACCIDENTS,191,255,104,359,120,29,149
MEGHALAYA,2009,AIR-CRASH,0,0,0,0,0,0,0
MEGHALAYA,2009,COLLAPSE OF STRUCTURE(HOUSE),0,0,0,0,0,0,0
MEGHALAYA,2009,COLLAPSE OF STRUCTURE(BUILDING),0,0,0,0,0,0,0
MEGHALAYA,2009,COLLAPSE OF STRUCTURE(DAM),0,0,0,0,0,0,0
MEGHALAYA,2009,COLLAPSE OF STRUCTURE(BRIDGE),0,0,0,0,0,0,0
MEGHALAYA,2009,COLLAPSE OF STRUCTURE(OTHERS),2,0,0,0,2,0,2
MEGHALAYA,2009,DROWNING(BOAT CAPSIZE),0,0,0,0,0,0,0
MEGHALAYA,2009,DROWNING(OTHER),40,8,0,8,42,1,43
MEGHALAYA,2009,ELECTROCUTION,13,5,0,5,4,0,4
MEGHALAYA,2009,EXPLOSION(BOMB EXPLOSION),0,0,0,0,0,0,0
MEGHALAYA,2009,EXPLOSION(OTHER EXPLOSION LIKE BOIL,0,0,0,0,0,0,0
MEGHALAYA,2009,FALLS(FALL FROM HEIGHT),12,1,0,1,12,0,12
MEGHALAYA,2009,FALL INTO PIT/MANHOLE,1,0,0,0,1,0,1
MEGHALAYA,2009,FACTORY/MACHINE ACCIDENTS,2,2,0,2,2,0,2
MEGHALAYA,2009,FIRE(FIREWORKS/CRACKERS),0,0,0,0,0,0,0
MEGHALAYA,2009,FIRE(SHORT-CIRCUIT),0,0,0,0,0,0,0
MEGHALAYA,2009,GAS CYLINDER/STOVE BURST,5,0,0,0,0,5,5
MEGHALAYA,2009,OTHER FIRE ACCIDENTS,17,3,0,3,14,6,20
MEGHALAYA,2009,FIRE-ARMS,1,0,0,0,1,0,1
MEGHALAYA,2009,SUDDEN DEATHS(HEART ATTACKS),1,0,0,0,1,0,1
MEGHALAYA,2009,EPILEPTIC FITS/GIDDINESS,0,0,0,0,0,0,0
MEGHALAYA,2009,ABORTIONS/CHILD BIRTH,0,0,0,0,0,0,0
MEGHALAYA,2009,INFLUENCE OF ALCOHOL,6,0,0,0,6,0,6
MEGHALAYA,2009,KILLED BY ANIMALS,7,0,0,0,2,5,7
MEGHALAYA,2009,MINES OR QUARY DISASTER,1,0,0,0,1,0,1
MEGHALAYA,2009,FOOD POISIONING/ACCIDENTAL INTAKE OF INSECTICIDES ETC.,0,0,0,0,0,0,0
MEGHALAYA,2009,SPURIOUS/POISIONOUS LIQUOR,0,0,0,0,0,0,0
MEGHALAYA,2009,LEAKAGE OF POISINOUS GASES ETC.,0,0,0,0,0,0,0
MEGHALAYA,2009,SNAKE BITE/ANIMAL BITE,0,0,0,0,0,0,0
MEGHALAYA,2009,OTHER,1,0,0,0,0,1,1
MEGHALAYA,2009,STAMPEDE,0,0,0,0,0,0,0
MEGHALAYA,2009,SUFFOCATION,1,0,0,0,1,0,1
MEGHALAYA,2009,TRAFFIC ACCIDENTS(ROAD ACCIDENTS),314,338,107,445,175,18,193
MEGHALAYA,2009,TRAFFIC ACCIDENTS(RAIL-ROAD ACCIDENTS),0,0,0,0,0,0,0
MEGHALAYA,2009,OTHER RAILWAY ACCIDENTS,0,0,0,0,0,0,0
MEGHALAYA,2009,OTHER,28,0,0,0,19,9,28
MEGHALAYA,2009,CAUSES NOT KNOWN,119,0,0,0,105,14,119
MEGHALAYA,2009,TOTAL,571,357,107,464,388,59,447
MEGHALAYA,2009,TOTAL COLLAPSE,2,0,0,0,2,0,2
MEGHALAYA,2009,TOTAL DROWNING,40,8,0,8,42,1,43
MEGHALAYA,2009,TOTAL EXPLOSION,0,0,0,0,0,0,0
MEGHALAYA,2009,TOTAL FALLS,13,1,0,1,13,0,13
MEGHALAYA,2009,TOTAL FIRE,22,3,0,3,14,11,25
MEGHALAYA,2009,TOTAL SUDDEN DEATHS,7,0,0,0,7,0,7
MEGHALAYA,2009,TOTAL POISONING,1,0,0,0,0,1,1
MEGHALAYA,2009,TOTAL TRAFFIC ACCIDENTS,314,338,107,445,175,18,193
MEGHALAYA,2010,AIR-CRASH,0,0,0,0,0,0,0
MEGHALAYA,2010,COLLAPSE OF STRUCTURE(HOUSE),1,0,0,0,1,0,1
MEGHALAYA,2010,COLLAPSE OF STRUCTURE(BUILDING),2,0,0,0,2,0,2
MEGHALAYA,2010,COLLAPSE OF STRUCTURE(DAM),0,0,0,0,0,0,0
MEGHALAYA,2010,COLLAPSE OF STRUCTURE(BRIDGE),1,0,0,0,1,0,1
MEGHALAYA,2010,COLLAPSE OF STRUCTURE(OTHERS),10,0,0,0,9,2,11
MEGHALAYA,2010,DROWNING(BOAT CAPSIZE),1,0,0,0,1,0,1
MEGHALAYA,2010,DROWNING(OTHER),32,0,0,0,26,8,34
MEGHALAYA,2010,ELECTROCUTION,10,0,0,0,8,2,10
MEGHALAYA,2010,EXPLOSION(BOMB EXPLOSION),0,0,0,0,0,0,0
MEGHALAYA,2010,EXPLOSION(OTHER EXPLOSION LIKE BOIL,0,0,0,0,0,0,0
MEGHALAYA,2010,FALLS(FALL FROM HEIGHT),27,0,0,0,26,1,27
MEGHALAYA,2010,FALL INTO PIT/MANHOLE,1,0,0,0,1,0,1
MEGHALAYA,2010,FACTORY/MACHINE ACCIDENTS,2,0,0,0,2,0,2
MEGHALAYA,2010,FIRE(FIREWORKS/CRACKERS),0,0,0,0,0,0,0
MEGHALAYA,2010,FIRE(SHORT-CIRCUIT),1,0,0,0,0,1,1
MEGHALAYA,2010,GAS CYLINDER/STOVE BURST,2,0,0,0,0,2,2
MEGHALAYA,2010,OTHER FIRE ACCIDENTS,12,0,0,0,9,4,13
MEGHALAYA,2010,FIRE-ARMS,0,0,0,0,0,0,0
MEGHALAYA,2010,SUDDEN DEATHS(HEART ATTACKS),12,0,0,0,9,3,12
MEGHALAYA,2010,EPILEPTIC FITS/GIDDINESS,1,0,0,0,0,1,1
MEGHALAYA,2010,ABORTIONS/CHILD BIRTH,1,0,0,0,0,1,1
MEGHALAYA,2010,INFLUENCE OF ALCOHOL,9,0,0,0,9,0,9
MEGHALAYA,2010,KILLED BY ANIMALS,4,0,0,0,4,0,4
MEGHALAYA,2010,MINES OR QUARY DISASTER,1,0,0,0,1,0,1
MEGHALAYA,2010,FOOD POISIONING/ACCIDENTAL INTAKE OF INSECTICIDES ETC.,1,0,0,0,1,0,1
MEGHALAYA,2010,SPURIOUS/POISIONOUS LIQUOR,0,0,0,0,0,0,0
MEGHALAYA,2010,LEAKAGE OF POISINOUS GASES ETC.,0,0,0,0,0,0,0
MEGHALAYA,2010,SNAKE BITE/ANIMAL BITE,0,0,0,0,0,0,0
MEGHALAYA,2010,OTHER,4,0,0,0,2,2,4
MEGHALAYA,2010,STAMPEDE,0,0,0,0,0,0,0
MEGHALAYA,2010,SUFFOCATION,1,0,0,0,1,0,1
MEGHALAYA,2010,TRAFFIC ACCIDENTS(ROAD ACCIDENTS),257,249,53,302,158,26,184
MEGHALAYA,2010,TRAFFIC ACCIDENTS(RAIL-ROAD ACCIDENTS),0,0,0,0,0,0,0
MEGHALAYA,2010,OTHER RAILWAY ACCIDENTS,0,0,0,0,0,0,0
MEGHALAYA,2010,OTHER,31,0,0,0,20,11,31
MEGHALAYA,2010,CAUSES NOT KNOWN,15,2,0,2,15,1,16
MEGHALAYA,2010,TOTAL,439,251,53,304,306,65,371
MEGHALAYA,2010,TOTAL COLLAPSE,14,0,0,0,13,2,15
MEGHALAYA,2010,TOTAL DROWNING,33,0,0,0,27,8,35
MEGHALAYA,2010,TOTAL EXPLOSION,0,0,0,0,0,0,0
MEGHALAYA,2010,TOTAL FALLS,28,0,0,0,27,1,28
MEGHALAYA,2010,TOTAL FIRE,15,0,0,0,9,7,16
MEGHALAYA,2010,TOTAL SUDDEN DEATHS,23,0,0,0,18,5,23
MEGHALAYA,2010,TOTAL POISONING,5,0,0,0,3,2,5
MEGHALAYA,2010,TOTAL TRAFFIC ACCIDENTS,257,249,53,302,158,26,184
MEGHALAYA,2011,AIR-CRASH,0,0,0,0,0,0,0
MEGHALAYA,2011,COLLAPSE OF STRUCTURE(HOUSE),0,0,0,0,0,0,0
MEGHALAYA,2011,COLLAPSE OF STRUCTURE(BUILDING),1,0,0,0,1,0,1
MEGHALAYA,2011,COLLAPSE OF STRUCTURE(DAM),0,0,0,0,0,0,0
MEGHALAYA,2011,COLLAPSE OF STRUCTURE(BRIDGE),0,0,0,0,0,0,0
MEGHALAYA,2011,COLLAPSE OF STRUCTURE(OTHERS),5,0,0,0,4,1,5
MEGHALAYA,2011,DROWNING(BOAT CAPSIZE),2,0,0,0,1,1,2
MEGHALAYA,2011,DROWNING(OTHER),46,0,0,0,42,5,47
MEGHALAYA,2011,ELECTROCUTION,12,2,0,2,12,0,12
MEGHALAYA,2011,EXPLOSION(BOMB EXPLOSION),0,0,0,0,0,0,0
MEGHALAYA,2011,EXPLOSION(OTHER EXPLOSION LIKE BOIL,1,0,0,0,4,0,4
MEGHALAYA,2011,FALLS(FALL FROM HEIGHT),14,0,0,0,13,1,14
MEGHALAYA,2011,FALL INTO PIT/MANHOLE,8,4,0,4,5,2,7
MEGHALAYA,2011,FACTORY/MACHINE ACCIDENTS,6,3,0,3,5,1,6
MEGHALAYA,2011,FIRE(FIREWORKS/CRACKERS),0,0,0,0,0,0,0
MEGHALAYA,2011,FIRE(SHORT-CIRCUIT),1,0,0,0,2,0,2
MEGHALAYA,2011,GAS CYLINDER/STOVE BURST,0,0,0,0,0,0,0
MEGHALAYA,2011,OTHER FIRE ACCIDENTS,9,0,0,0,7,5,12
MEGHALAYA,2011,FIRE-ARMS,8,0,0,0,6,2,8
MEGHALAYA,2011,SUDDEN DEATHS(HEART ATTACKS),25,0,0,0,21,4,25
MEGHALAYA,2011,EPILEPTIC FITS/GIDDINESS,9,0,0,0,9,1,10
MEGHALAYA,2011,ABORTIONS/CHILD BIRTH,1,0,0,0,0,1,1
MEGHALAYA,2011,INFLUENCE OF ALCOHOL,9,0,0,0,9,0,9
MEGHALAYA,2011,KILLED BY ANIMALS,9,0,0,0,7,2,9
MEGHALAYA,2011,MINES OR QUARY DISASTER,14,0,0,0,12,2,14
MEGHALAYA,2011,FOOD POISIONING/ACCIDENTAL INTAKE OF INSECTICIDES ETC.,0,0,0,0,0,0,0
MEGHALAYA,2011,SPURIOUS/POISIONOUS LIQUOR,0,0,0,0,0,0,0
MEGHALAYA,2011,LEAKAGE OF POISINOUS GASES ETC.,8,0,0,0,6,0,6
MEGHALAYA,2011,SNAKE BITE/ANIMAL BITE,1,0,0,0,1,0,1
MEGHALAYA,2011,OTHER,1,0,0,0,1,0,1
MEGHALAYA,2011,STAMPEDE,0,0,0,0,0,0,0
MEGHALAYA,2011,SUFFOCATION,1,0,0,0,1,0,1
MEGHALAYA,2011,TRAFFIC ACCIDENTS(ROAD ACCIDENTS),261,202,56,258,202,27,229
MEGHALAYA,2011,TRAFFIC ACCIDENTS(RAIL-ROAD ACCIDENTS),0,0,0,0,0,0,0
MEGHALAYA,2011,OTHER RAILWAY ACCIDENTS,0,0,0,0,0,0,0
MEGHALAYA,2011,OTHER,58,1,0,1,45,15,60
MEGHALAYA,2011,CAUSES NOT KNOWN,60,0,0,0,56,4,60
MEGHALAYA,2011,TOTAL,570,212,56,268,472,74,546
MEGHALAYA,2011,TOTAL COLLAPSE,6,0,0,0,5,1,6
MEGHALAYA,2011,TOTAL DROWNING,48,0,0,0,43,6,49
MEGHALAYA,2011,TOTAL EXPLOSION,1,0,0,0,4,0,4
MEGHALAYA,2011,TOTAL FALLS,22,4,0,4,18,3,21
MEGHALAYA,2011,TOTAL FIRE,10,0,0,0,9,5,14
MEGHALAYA,2011,TOTAL SUDDEN DEATHS,44,0,0,0,39,6,45
MEGHALAYA,2011,TOTAL POISONING,10,0,0,0,8,0,8
MEGHALAYA,2011,TOTAL TRAFFIC ACCIDENTS,261,202,56,258,202,27,229
MEGHALAYA,2012,AIR-CRASH,0,0,0,0,0,0,0
MEGHALAYA,2012,COLLAPSE OF STRUCTURE(HOUSE),0,0,0,0,0,0,0
MEGHALAYA,2012,COLLAPSE OF STRUCTURE(BUILDING),1,0,0,0,1,0,1
MEGHALAYA,2012,COLLAPSE OF STRUCTURE(DAM),0,0,0,0,0,0,0
MEGHALAYA,2012,COLLAPSE OF STRUCTURE(BRIDGE),0,0,0,0,0,0,0
MEGHALAYA,2012,COLLAPSE OF STRUCTURE(OTHERS),3,0,0,0,1,2,3
MEGHALAYA,2012,DROWNING(BOAT CAPSIZE),1,0,0,0,1,0,1
MEGHALAYA,2012,DROWNING(OTHER),47,0,0,0,46,9,55
MEGHALAYA,2012,ELECTROCUTION,16,0,0,0,11,5,16
MEGHALAYA,2012,EXPLOSION(BOMB EXPLOSION),1,0,0,0,1,0,1
MEGHALAYA,2012,EXPLOSION(OTHER EXPLOSION LIKE BOIL,3,0,0,0,1,2,3
MEGHALAYA,2012,FALLS(FALL FROM HEIGHT),25,0,0,0,23,4,27
MEGHALAYA,2012,FALL INTO PIT/MANHOLE,1,0,0,0,0,1,1
MEGHALAYA,2012,FACTORY/MACHINE ACCIDENTS,0,0,0,0,0,0,0
MEGHALAYA,2012,FIRE(FIREWORKS/CRACKERS),0,0,0,0,0,0,0
MEGHALAYA,2012,FIRE(SHORT-CIRCUIT),0,0,0,0,0,0,0
MEGHALAYA,2012,GAS CYLINDER/STOVE BURST,2,0,0,0,0,2,2
MEGHALAYA,2012,OTHER FIRE ACCIDENTS,17,0,0,0,9,8,17
MEGHALAYA,2012,FIRE-ARMS,1,0,0,0,1,0,1
MEGHALAYA,2012,SUDDEN DEATHS(HEART ATTACKS),13,0,0,0,12,1,13
MEGHALAYA,2012,EPILEPTIC FITS/GIDDINESS,1,0,0,0,1,0,1
MEGHALAYA,2012,ABORTIONS/CHILD BIRTH,1,0,0,0,0,1,1
MEGHALAYA,2012,INFLUENCE OF ALCOHOL,15,0,0,0,15,0,15
MEGHALAYA,2012,KILLED BY ANIMALS,4,0,0,0,3,1,4
MEGHALAYA,2012,MINES OR QUARY DISASTER,5,0,0,0,7,0,7
MEGHALAYA,2012,FOOD POISIONING/ACCIDENTAL INTAKE OF INSECTICIDES ETC.,0,0,0,0,0,0,0
MEGHALAYA,2012,SPURIOUS/POISIONOUS LIQUOR,0,0,0,0,0,0,0
MEGHALAYA,2012,LEAKAGE OF POISINOUS GASES ETC.,1,0,0,0,3,0,3
MEGHALAYA,2012,SNAKE BITE/ANIMAL BITE,0,0,0,0,0,0,0
MEGHALAYA,2012,OTHER,0,0,0,0,0,0,0
MEGHALAYA,2012,STAMPEDE,0,0,0,0,0,0,0
MEGHALAYA,2012,SUFFOCATION,1,0,0,0,1,0,1
MEGHALAYA,2012,TRAFFIC ACCIDENTS(ROAD ACCIDENTS),355,299,51,350,186,27,213
MEGHALAYA,2012,TRAFFIC ACCIDENTS(RAIL-ROAD ACCIDENTS),0,0,0,0,0,0,0
MEGHALAYA,2012,OTHER RAILWAY ACCIDENTS,0,0,0,0,0,0,0
MEGHALAYA,2012,OTHER,21,0,0,0,24,3,27
MEGHALAYA,2012,CAUSES NOT KNOWN,24,0,0,0,26,2,28
MEGHALAYA,2012,TOTAL,559,299,51,350,373,68,441
MEGHALAYA,2012,TOTAL COLLAPSE,4,0,0,0,2,2,4
MEGHALAYA,2012,TOTAL DROWNING,48,0,0,0,47,9,56
MEGHALAYA,2012,TOTAL EXPLOSION,4,0,0,0,2,2,4
MEGHALAYA,2012,TOTAL FALLS,26,0,0,0,23,5,28
MEGHALAYA,2012,TOTAL FIRE,19,0,0,0,9,10,19
MEGHALAYA,2012,TOTAL SUDDEN DEATHS,30,0,0,0,28,2,30
MEGHALAYA,2012,TOTAL POISONING,1,0,0,0,3,0,3
MEGHALAYA,2012,TOTAL TRAFFIC ACCIDENTS,355,299,51,350,186,27,213
MIZORAM,2001,AIR-CRASH,0,0,0,0,0,0,0
MIZORAM,2001,COLLAPSE OF STRUCTURE(HOUSE),1,0,0,0,1,0,1
MIZORAM,2001,COLLAPSE OF STRUCTURE(BUILDING),0,0,0,0,0,0,0
MIZORAM,2001,COLLAPSE OF STRUCTURE(DAM),0,0,0,0,0,0,0
MIZORAM,2001,COLLAPSE OF STRUCTURE(BRIDGE),0,0,0,0,0,0,0
MIZORAM,2001,COLLAPSE OF STRUCTURE(OTHERS),1,0,0,0,1,0,1
MIZORAM,2001,DROWNING(BOAT CAPSIZE),2,0,0,0,3,0,3
MIZORAM,2001,DROWNING(OTHER),8,0,0,0,8,1,9
MIZORAM,2001,ELECTROCUTION,4,0,0,0,2,2,4
MIZORAM,2001,EXPLOSION(BOMB EXPLOSION),1,0,0,0,1,0,1
MIZORAM,2001,EXPLOSION(OTHER EXPLOSION LIKE BOILERS,,0,0,0,0,0,0,0
MIZORAM,2001,FALLS(FALL FROM HEIGHT),7,0,0,0,6,1,7
MIZORAM,2001,FALL INTO PIT/MANHOLE,4,0,0,0,3,1,4
MIZORAM,2001,FACTORY/MACHINE ACCIDENTS,0,0,0,0,0,0,0
MIZORAM,2001,FIRE(FIREWORKS/CRACKERS),0,0,0,0,0,0,0
MIZORAM,2001,FIRE(SHORT-CIRCUIT),0,0,0,0,0,0,0
MIZORAM,2001,GAS CYLINDER/STOVE BURST,1,0,0,0,1,0,1
MIZORAM,2001,OTHER FIRE ACCIDENTS,0,0,0,0,0,0,0
MIZORAM,2001,FIRE-ARMS,0,0,0,0,0,0,0
MIZORAM,2001,SUDDEN DEATHS(HEART ATTACKS),5,0,0,0,5,0,5
MIZORAM,2001,EPILEPTIC FITS/GIDDINESS,0,0,0,0,0,0,0
MIZORAM,2001,ABORTIONS/CHILD BIRTH,0,0,0,0,0,0,0
MIZORAM,2001,INFLUENCE OF ALCOHOL,1,0,0,0,1,0,1
MIZORAM,2001,KILLED BY ANIMALS,1,0,0,0,1,0,1
MIZORAM,2001,MINES OR QUARY DISASTER,0,0,0,0,0,0,0
MIZORAM,2001,FOOD POISIONING/ACCIDENTAL INTAKE OF INSECTICIDES ETC.,0,0,0,0,0,0,0
MIZORAM,2001,SPURIOUS/POISIONOUS LIQUOR,2,0,0,0,3,0,3
MIZORAM,2001,LEAKAGE OF POISINOUS GASES ETC.,0,0,0,0,0,0,0
MIZORAM,2001,SNAKE BITE/ANIMAL BITE,0,0,0,0,0,0,0
MIZORAM,2001,OTHER,0,0,0,0,0,0,0
MIZORAM,2001,STAMPEDE,0,0,0,0,0,0,0
MIZORAM,2001,SUFFOCATION,0,0,0,0,0,0,0
MIZORAM,2001,TRAFFIC ACCIDENTS(ROAD ACCIDENTS),72,89,52,141,51,16,67
MIZORAM,2001,TRAFFIC ACCIDENTS(RAIL-ROAD ACCIDENTS),0,0,0,0,0,0,0
MIZORAM,2001,OTHER RAILWAY ACCIDENTS,0,0,0,0,0,0,0
MIZORAM,2001,OTHER,0,0,0,0,0,0,0
MIZORAM,2001,CAUSES NOT KNOWN,37,0,0,0,36,4,40
MIZORAM,2001,TOTAL,147,89,52,141,123,25,148
MIZORAM,2001,TOTAL COLLAPSE,2,0,0,0,2,0,2
MIZORAM,2001,TOTAL DROWNING,10,0,0,0,11,1,12
MIZORAM,2001,TOTAL EXPLOSION,1,0,0,0,1,0,1
MIZORAM,2001,TOTAL FALLS,11,0,0,0,9,2,11
MIZORAM,2001,TOTAL FIRE,1,0,0,0,1,0,1
MIZORAM,2001,TOTAL SUDDEN DEATHS,6,0,0,0,6,0,6
MIZORAM,2001,TOTAL POISONING,2,0,0,0,3,0,3
MIZORAM,2001,TOTAL TRAFFIC ACCIDENTS,72,89,52,141,51,16,67
MIZORAM,2002,AIR-CRASH,0,0,0,0,0,0,0
MIZORAM,2002,COLLAPSE OF STRUCTURE(HOUSE),2,0,0,0,2,0,2
MIZORAM,2002,COLLAPSE OF STRUCTURE(BUILDING),0,0,0,0,0,0,0
MIZORAM,2002,COLLAPSE OF STRUCTURE(DAM),0,0,0,0,0,0,0
MIZORAM,2002,COLLAPSE OF STRUCTURE(BRIDGE),0,0,0,0,0,0,0
MIZORAM,2002,COLLAPSE OF STRUCTURE(OTHERS),0,0,0,0,0,0,0
MIZORAM,2002,DROWNING(BOAT CAPSIZE),0,0,0,0,0,0,0
MIZORAM,2002,DROWNING(OTHER),23,0,0,0,21,2,23
MIZORAM,2002,ELECTROCUTION,7,0,0,0,7,0,7
MIZORAM,2002,EXPLOSION(BOMB EXPLOSION),0,0,0,0,0,0,0
MIZORAM,2002,EXPLOSION(OTHER EXPLOSION LIKE BOILERS, GAS CYLINDER ETC.),0,0,0,0,0,0,0
MIZORAM,2002,FALLS(FALL FROM HEIGHT),15,0,0,0,14,1,15
MIZORAM,2002,FALL INTO PIT/MANHOLE,1,0,0,0,1,0,1
MIZORAM,2002,FACTORY/MACHINE ACCIDENTS,1,0,0,0,0,1,1
MIZORAM,2002,FIRE(FIREWORKS/CRACKERS),0,0,0,0,0,0,0
MIZORAM,2002,FIRE(SHORT-CIRCUIT),0,0,0,0,0,0,0
MIZORAM,2002,GAS CYLINDER/STOVE BURST,1,0,0,0,0,3,3
MIZORAM,2002,OTHER FIRE ACCIDENTS,0,0,0,0,0,0,0
MIZORAM,2002,FIRE-ARMS,1,0,0,0,0,1,1
MIZORAM,2002,SUDDEN DEATHS(HEART ATTACKS),0,0,0,0,0,0,0
MIZORAM,2002,EPILEPTIC FITS/GIDDINESS,0,0,0,0,0,0,0
MIZORAM,2002,ABORTIONS/CHILD BIRTH,0,0,0,0,0,0,0
MIZORAM,2002,INFLUENCE OF ALCOHOL,1,0,0,0,1,0,1
MIZORAM,2002,KILLED BY ANIMALS,0,0,0,0,0,0,0
MIZORAM,2002,MINES OR QUARY DISASTER,0,0,0,0,0,0,0
MIZORAM,2002,FOOD POISIONING/ACCIDENTAL INTAKE OF INSECTICIDES ETC.,0,0,0,0,0,0,0
MIZORAM,2002,SPURIOUS/POISIONOUS LIQUOR,0,0,0,0,0,0,0
MIZORAM,2002,LEAKAGE OF POISINOUS GASES ETC.,0,0,0,0,0,0,0
MIZORAM,2002,SNAKE BITE/ANIMAL BITE,0,0,0,0,0,0,0
MIZORAM,2002,OTHER,0,0,0,0,0,0,0
MIZORAM,2002,STAMPEDE,0,0,0,0,0,0,0
MIZORAM,2002,SUFFOCATION,0,0,0,0,0,0,0
MIZORAM,2002,TRAFFIC ACCIDENTS(ROAD ACCIDENTS),41,149,35,184,41,9,50
MIZORAM,2002,TRAFFIC ACCIDENTS(RAIL-ROAD ACCIDENTS),0,0,0,0,0,0,0
MIZORAM,2002,OTHER RAILWAY ACCIDENTS,0,0,0,0,0,0,0
MIZORAM,2002,OTHER,20,0,0,0,18,3,21
MIZORAM,2002,CAUSES NOT KNOWN,0,0,0,0,0,0,0
MIZORAM,2002,TOTAL,113,149,35,184,105,20,125
MIZORAM,2002,TOTAL COLLAPSE,2,0,0,0,2,0,2
MIZORAM,2002,TOTAL DROWNING,23,0,0,0,21,2,23
MIZORAM,2002,TOTAL EXPLOSION,0,0,0,0,0,0,0
MIZORAM,2002,TOTAL FALLS,16,0,0,0,15,1,16
MIZORAM,2002,TOTAL FIRE,1,0,0,0,0,3,3
MIZORAM,2002,TOTAL SUDDEN DEATHS,1,0,0,0,1,0,1
MIZORAM,2002,TOTAL POISONING,0,0,0,0,0,0,0
MIZORAM,2002,TOTAL TRAFFIC ACCIDENTS,41,149,35,184,41,9,50
MIZORAM,2003,AIR-CRASH,0,0,0,0,0,0,0
MIZORAM,2003,COLLAPSE OF STRUCTURE(HOUSE),1,0,0,0,1,0,1
MIZORAM,2003,COLLAPSE OF STRUCTURE(BUILDING),0,0,0,0,0,0,0
MIZORAM,2003,COLLAPSE OF STRUCTURE(DAM),0,0,0,0,0,0,0
MIZORAM,2003,COLLAPSE OF STRUCTURE(BRIDGE),0,0,0,0,0,0,0
MIZORAM,2003,COLLAPSE OF STRUCTURE(OTHERS),2,0,0,0,1,1,2
MIZORAM,2003,DROWNING(BOAT CAPSIZE),0,0,0,0,0,0,0
MIZORAM,2003,DROWNING(OTHER),15,0,0,0,16,0,16
MIZORAM,2003,ELECTROCUTION,2,0,0,0,2,0,2
MIZORAM,2003,EXPLOSION(BOMB EXPLOSION),1,0,0,0,1,0,1
MIZORAM,2003,EXPLOSION(OTHER EXPLOSION LIKE BOILERS,,0,0,0,0,0,0,0
MIZORAM,2003,FALLS(FALL FROM HEIGHT),10,0,0,0,9,1,10
MIZORAM,2003,FALL INTO PIT/MANHOLE,3,0,0,0,2,1,3
MIZORAM,2003,FACTORY/MACHINE ACCIDENTS,1,0,0,0,1,0,1
MIZORAM,2003,FIRE(FIREWORKS/CRACKERS),0,0,0,0,0,0,0
MIZORAM,2003,FIRE(SHORT-CIRCUIT),0,0,0,0,0,0,0
MIZORAM,2003,GAS CYLINDER/STOVE BURST,0,0,0,0,0,0,0
MIZORAM,2003,OTHER FIRE ACCIDENTS,3,0,0,0,7,0,7
MIZORAM,2003,FIRE-ARMS,6,0,0,0,6,0,6
MIZORAM,2003,SUDDEN DEATHS(HEART ATTACKS),7,0,0,0,5,2,7
MIZORAM,2003,EPILEPTIC FITS/GIDDINESS,1,0,0,0,1,0,1
MIZORAM,2003,ABORTIONS/CHILD BIRTH,0,0,0,0,0,0,0
MIZORAM,2003,INFLUENCE OF ALCOHOL,1,0,0,0,0,1,1
MIZORAM,2003,KILLED BY ANIMALS,1,0,0,0,1,0,1
MIZORAM,2003,MINES OR QUARY DISASTER,2,0,0,0,1,2,3
MIZORAM,2003,FOOD POISIONING/ACCIDENTAL INTAKE OF INSECTICIDES ETC.,0,0,0,0,0,0,0
MIZORAM,2003,SPURIOUS/POISIONOUS LIQUOR,0,0,0,0,0,0,0
MIZORAM,2003,LEAKAGE OF POISINOUS GASES ETC.,0,0,0,0,0,0,0
MIZORAM,2003,SNAKE BITE/ANIMAL BITE,0,0,0,0,0,0,0
MIZORAM,2003,OTHER,0,0,0,0,0,0,0
MIZORAM,2003,STAMPEDE,0,0,0,0,0,0,0
MIZORAM,2003,SUFFOCATION,1,0,0,0,6,0,6
MIZORAM,2003,TRAFFIC ACCIDENTS(ROAD ACCIDENTS),71,65,28,93,63,13,76
MIZORAM,2003,TRAFFIC ACCIDENTS(RAIL-ROAD ACCIDENTS),0,0,0,0,0,0,0
MIZORAM,2003,OTHER RAILWAY ACCIDENTS,0,0,0,0,0,0,0
MIZORAM,2003,OTHER,0,0,0,0,0,0,0
MIZORAM,2003,CAUSES NOT KNOWN,12,0,0,0,20,3,23
MIZORAM,2003,TOTAL,140,65,28,93,143,24,167
MIZORAM,2003,TOTAL COLLAPSE,3,0,0,0,2,1,3
MIZORAM,2003,TOTAL DROWNING,15,0,0,0,16,0,16
MIZORAM,2003,TOTAL EXPLOSION,1,0,0,0,1,0,1
MIZORAM,2003,TOTAL FALLS,13,0,0,0,11,2,13
MIZORAM,2003,TOTAL FIRE,3,0,0,0,7,0,7
MIZORAM,2003,TOTAL SUDDEN DEATHS,9,0,0,0,6,3,9
MIZORAM,2003,TOTAL POISONING,0,0,0,0,0,0,0
MIZORAM,2003,TOTAL TRAFFIC ACCIDENTS,71,65,28,93,63,13,76
MIZORAM,2004,AIR-CRASH,0,0,0,0,0,0,0
MIZORAM,2004,COLLAPSE OF STRUCTURE(HOUSE),1,0,0,0,2,0,2
MIZORAM,2004,COLLAPSE OF STRUCTURE(BUILDING),0,0,0,0,0,0,0
MIZORAM,2004,COLLAPSE OF STRUCTURE(DAM),0,0,0,0,0,0,0
MIZORAM,2004,COLLAPSE OF STRUCTURE(BRIDGE),0,0,0,0,0,0,0
MIZORAM,2004,COLLAPSE OF STRUCTURE(OTHERS),0,0,0,0,0,0,0
MIZORAM,2004,DROWNING(BOAT CAPSIZE),0,0,0,0,0,0,0
MIZORAM,2004,DROWNING(OTHER),21,0,0,0,19,2,21
MIZORAM,2004,ELECTROCUTION,5,0,0,0,5,0,5
MIZORAM,2004,EXPLOSION(BOMB EXPLOSION),0,0,0,0,0,0,0
MIZORAM,2004,EXPLOSION(OTHER EXPLOSION LIKE BOILERS,,0,0,0,0,0,0,0
MIZORAM,2004,FALLS(FALL FROM HEIGHT),12,0,0,0,11,1,12
MIZORAM,2004,FALL INTO PIT/MANHOLE,0,0,0,0,0,0,0
MIZORAM,2004,FACTORY/MACHINE ACCIDENTS,1,0,0,0,0,1,1
MIZORAM,2004,FIRE(FIREWORKS/CRACKERS),0,0,0,0,0,0,0
MIZORAM,2004,FIRE(SHORT-CIRCUIT),0,0,0,0,0,0,0
MIZORAM,2004,GAS CYLINDER/STOVE BURST,1,0,0,0,0,2,2
MIZORAM,2004,OTHER FIRE ACCIDENTS,2,0,0,0,2,0,2
MIZORAM,2004,FIRE-ARMS,0,0,0,0,0,0,0
MIZORAM,2004,SUDDEN DEATHS(HEART ATTACKS),0,0,0,0,0,0,0
MIZORAM,2004,EPILEPTIC FITS/GIDDINESS,0,0,0,0,0,0,0
MIZORAM,2004,ABORTIONS/CHILD BIRTH,0,0,0,0,0,0,0
MIZORAM,2004,INFLUENCE OF ALCOHOL,3,0,0,0,2,1,3
MIZORAM,2004,KILLED BY ANIMALS,0,0,0,0,0,0,0
MIZORAM,2004,MINES OR QUARY DISASTER,0,0,0,0,0,0,0
MIZORAM,2004,FOOD POISIONING/ACCIDENTAL INTAKE OF INSECTICIDES ETC.,0,0,0,0,0,0,0
MIZORAM,2004,SPURIOUS/POISIONOUS LIQUOR,2,1,1,2,0,0,0
MIZORAM,2004,LEAKAGE OF POISINOUS GASES ETC.,0,0,0,0,0,0,0
MIZORAM,2004,SNAKE BITE/ANIMAL BITE,2,0,0,0,2,0,2
MIZORAM,2004,OTHER,0,0,0,0,0,0,0
MIZORAM,2004,STAMPEDE,0,0,0,0,0,0,0
MIZORAM,2004,SUFFOCATION,0,0,0,0,0,0,0
MIZORAM,2004,TRAFFIC ACCIDENTS(ROAD ACCIDENTS),38,132,41,173,46,21,67
MIZORAM,2004,TRAFFIC ACCIDENTS(RAIL-ROAD ACCIDENTS),0,0,0,0,0,0,0
MIZORAM,2004,OTHER RAILWAY ACCIDENTS,0,0,0,0,0,0,0
MIZORAM,2004,OTHER,15,21,18,39,12,4,16
MIZORAM,2004,CAUSES NOT KNOWN,0,0,0,0,0,0,0
MIZORAM,2004,TOTAL,103,154,60,214,101,32,133
MIZORAM,2004,TOTAL COLLAPSE,1,0,0,0,2,0,2
MIZORAM,2004,TOTAL DROWNING,21,0,0,0,19,2,21
MIZORAM,2004,TOTAL EXPLOSION,0,0,0,0,0,0,0
MIZORAM,2004,TOTAL FALLS,12,0,0,0,11,1,12
MIZORAM,2004,TOTAL FIRE,3,0,0,0,2,2,4
MIZORAM,2004,TOTAL SUDDEN DEATHS,3,0,0,0,2,1,3
MIZORAM,2004,TOTAL POISONING,4,1,1,2,2,0,2
MIZORAM,2004,TOTAL TRAFFIC ACCIDENTS,38,132,41,173,46,21,67
MIZORAM,2005,AIR-CRASH,0,0,0,0,0,0,0
MIZORAM,2005,COLLAPSE OF STRUCTURE(HOUSE),0,0,0,0,0,0,0
MIZORAM,2005,COLLAPSE OF STRUCTURE(BUILDING),0,0,0,0,0,0,0
MIZORAM,2005,COLLAPSE OF STRUCTURE(DAM),0,0,0,0,0,0,0
MIZORAM,2005,COLLAPSE OF STRUCTURE(BRIDGE),0,0,0,0,0,0,0
MIZORAM,2005,COLLAPSE OF STRUCTURE(OTHERS),0,0,0,0,0,0,0
MIZORAM,2005,DROWNING(BOAT CAPSIZE),0,0,0,0,0,0,0
MIZORAM,2005,DROWNING(OTHER),7,2,0,2,6,2,8
MIZORAM,2005,ELECTROCUTION,9,2,0,2,8,1,9
MIZORAM,2005,EXPLOSION(BOMB EXPLOSION),1,0,0,0,0,1,1
MIZORAM,2005,EXPLOSION(OTHER EXPLOSION LIKE BOILERS,,0,0,0,0,0,0,0
MIZORAM,2005,FALLS(FALL FROM HEIGHT),7,0,0,0,7,1,8
MIZORAM,2005,FALL INTO PIT/MANHOLE,1,1,0,1,1,0,1
MIZORAM,2005,FACTORY/MACHINE ACCIDENTS,5,22,0,22,1,1,2
MIZORAM,2005,FIRE(FIREWORKS/CRACKERS),0,0,0,0,0,0,0
MIZORAM,2005,FIRE(SHORT-CIRCUIT),0,0,0,0,0,0,0
MIZORAM,2005,GAS CYLINDER/STOVE BURST,0,0,0,0,0,0,0
MIZORAM,2005,OTHER FIRE ACCIDENTS,1,0,0,0,0,2,2
MIZORAM,2005,FIRE-ARMS,0,0,0,0,0,0,0
MIZORAM,2005,SUDDEN DEATHS(HEART ATTACKS),0,0,0,0,0,0,0
MIZORAM,2005,EPILEPTIC FITS/GIDDINESS,0,0,0,0,0,0,0
MIZORAM,2005,ABORTIONS/CHILD BIRTH,0,0,0,0,0,0,0
MIZORAM,2005,INFLUENCE OF ALCOHOL,0,0,0,0,0,0,0
MIZORAM,2005,KILLED BY ANIMALS,0,0,0,0,0,0,0
MIZORAM,2005,MINES OR QUARY DISASTER,2,0,0,0,1,1,2
MIZORAM,2005,FOOD POISIONING/ACCIDENTAL INTAKE OF INSECTICIDES ETC.,1,0,0,0,1,0,1
MIZORAM,2005,SPURIOUS/POISIONOUS LIQUOR,0,0,0,0,0,0,0
MIZORAM,2005,LEAKAGE OF POISINOUS GASES ETC.,0,0,0,0,0,0,0
MIZORAM,2005,SNAKE BITE/ANIMAL BITE,0,0,0,0,0,0,0
MIZORAM,2005,OTHER,0,0,0,0,0,0,0
MIZORAM,2005,STAMPEDE,0,0,0,0,0,0,0
MIZORAM,2005,SUFFOCATION,0,0,0,0,0,0,0
MIZORAM,2005,TRAFFIC ACCIDENTS(ROAD ACCIDENTS),71,53,19,72,39,13,52
MIZORAM,2005,TRAFFIC ACCIDENTS(RAIL-ROAD ACCIDENTS),0,0,0,0,0,0,0
MIZORAM,2005,OTHER RAILWAY ACCIDENTS,0,0,0,0,0,0,0
MIZORAM,2005,OTHER,49,6,1,7,44,9,53
MIZORAM,2005,CAUSES NOT KNOWN,3,1,0,1,3,0,3
MIZORAM,2005,TOTAL,157,87,20,107,111,31,142
MIZORAM,2005,TOTAL COLLAPSE,0,0,0,0,0,0,0
MIZORAM,2005,TOTAL DROWNING,7,2,0,2,6,2,8
MIZORAM,2005,TOTAL EXPLOSION,1,0,0,0,0,1,1
MIZORAM,2005,TOTAL FALLS,8,1,0,1,8,1,9
MIZORAM,2005,TOTAL FIRE,1,0,0,0,0,2,2
MIZORAM,2005,TOTAL SUDDEN DEATHS,0,0,0,0,0,0,0
MIZORAM,2005,TOTAL POISONING,1,0,0,0,1,0,1
MIZORAM,2005,TOTAL TRAFFIC ACCIDENTS,71,53,19,72,39,13,52
MIZORAM,2006,AIR-CRASH,0,0,0,0,0,0,0
MIZORAM,2006,COLLAPSE OF STRUCTURE(HOUSE),0,0,0,0,0,0,0
MIZORAM,2006,COLLAPSE OF STRUCTURE(BUILDING),0,0,0,0,0,0,0
MIZORAM,2006,COLLAPSE OF STRUCTURE(DAM),0,0,0,0,0,0,0
MIZORAM,2006,COLLAPSE OF STRUCTURE(BRIDGE),0,0,0,0,0,0,0
MIZORAM,2006,COLLAPSE OF STRUCTURE(OTHERS),0,0,0,0,0,0,0
MIZORAM,2006,DROWNING(BOAT CAPSIZE),0,0,0,0,0,0,0
MIZORAM,2006,DROWNING(OTHER),13,0,0,0,13,0,13
MIZORAM,2006,ELECTROCUTION,7,0,0,0,7,0,7
MIZORAM,2006,EXPLOSION(BOMB EXPLOSION),0,0,0,0,0,0,0
MIZORAM,2006,EXPLOSION(OTHER EXPLOSION LIKE BOIL,0,0,0,0,0,0,0
MIZORAM,2006,FALLS(FALL FROM HEIGHT),14,0,0,0,12,2,14
MIZORAM,2006,FALL INTO PIT/MANHOLE,0,0,0,0,0,0,0
MIZORAM,2006,FACTORY/MACHINE ACCIDENTS,0,0,0,0,0,0,0
MIZORAM,2006,FIRE(FIREWORKS/CRACKERS),0,0,0,0,0,0,0
MIZORAM,2006,FIRE(SHORT-CIRCUIT),0,0,0,0,0,0,0
MIZORAM,2006,GAS CYLINDER/STOVE BURST,0,0,0,0,0,0,0
MIZORAM,2006,OTHER FIRE ACCIDENTS,3,0,0,0,3,0,3
MIZORAM,2006,FIRE-ARMS,1,0,0,0,2,0,2
MIZORAM,2006,SUDDEN DEATHS(HEART ATTACKS),2,0,0,0,2,0,2
MIZORAM,2006,EPILEPTIC FITS/GIDDINESS,3,0,0,0,3,0,3
MIZORAM,2006,ABORTIONS/CHILD BIRTH,0,0,0,0,0,0,0
MIZORAM,2006,INFLUENCE OF ALCOHOL,1,0,0,0,1,0,1
MIZORAM,2006,KILLED BY ANIMALS,0,0,0,0,0,0,0
MIZORAM,2006,MINES OR QUARY DISASTER,1,0,0,0,3,0,3
MIZORAM,2006,FOOD POISIONING/ACCIDENTAL INTAKE OF INSECTICIDES ETC.,0,0,0,0,0,0,0
MIZORAM,2006,SPURIOUS/POISIONOUS LIQUOR,1,0,0,0,1,0,1
MIZORAM,2006,LEAKAGE OF POISINOUS GASES ETC.,0,0,0,0,0,0,0
MIZORAM,2006,SNAKE BITE/ANIMAL BITE,0,0,0,0,0,0,0
MIZORAM,2006,OTHER,0,0,0,0,0,0,0
MIZORAM,2006,STAMPEDE,0,0,0,0,0,0,0
MIZORAM,2006,SUFFOCATION,0,0,0,0,0,0,0
MIZORAM,2006,TRAFFIC ACCIDENTS(ROAD ACCIDENTS),72,64,22,86,56,8,64
MIZORAM,2006,TRAFFIC ACCIDENTS(RAIL-ROAD ACCIDENTS),0,0,0,0,0,0,0
MIZORAM,2006,OTHER RAILWAY ACCIDENTS,0,0,0,0,0,0,0
MIZORAM,2006,OTHER,27,0,0,0,24,3,27
MIZORAM,2006,CAUSES NOT KNOWN,6,0,0,0,5,1,6
MIZORAM,2006,TOTAL,151,64,22,86,132,14,146
MIZORAM,2006,TOTAL COLLAPSE,0,0,0,0,0,0,0
MIZORAM,2006,TOTAL DROWNING,13,0,0,0,13,0,13
MIZORAM,2006,TOTAL EXPLOSION,0,0,0,0,0,0,0
MIZORAM,2006,TOTAL FALLS,14,0,0,0,12,2,14
MIZORAM,2006,TOTAL FIRE,3,0,0,0,3,0,3
MIZORAM,2006,TOTAL SUDDEN DEATHS,6,0,0,0,6,0,6
MIZORAM,2006,TOTAL POISONING,1,0,0,0,1,0,1
MIZORAM,2006,TOTAL TRAFFIC ACCIDENTS,72,64,22,86,56,8,64
MIZORAM,2007,AIR-CRASH,0,0,0,0,0,0,0
MIZORAM,2007,COLLAPSE OF STRUCTURE(HOUSE),0,0,0,0,0,0,0
MIZORAM,2007,COLLAPSE OF STRUCTURE(BUILDING),0,0,0,0,0,0,0
MIZORAM,2007,COLLAPSE OF STRUCTURE(DAM),0,0,0,0,0,0,0
MIZORAM,2007,COLLAPSE OF STRUCTURE(BRIDGE),2,0,0,0,1,2,3
MIZORAM,2007,COLLAPSE OF STRUCTURE(OTHERS),0,0,0,0,0,0,0
MIZORAM,2007,DROWNING(BOAT CAPSIZE),0,0,0,0,0,0,0
MIZORAM,2007,DROWNING(OTHER),1,0,0,0,0,1,1
MIZORAM,2007,ELECTROCUTION,0,0,0,0,0,0,0
MIZORAM,2007,EXPLOSION(BOMB EXPLOSION),0,0,0,0,0,0,0
MIZORAM,2007,EXPLOSION(OTHER EXPLOSION LIKE BOIL,0,0,0,0,0,0,0
MIZORAM,2007,FALLS(FALL FROM HEIGHT),7,0,0,0,7,0,7
MIZORAM,2007,FALL INTO PIT/MANHOLE,0,0,0,0,0,0,0
MIZORAM,2007,FACTORY/MACHINE ACCIDENTS,0,0,0,0,0,0,0
MIZORAM,2007,FIRE(FIREWORKS/CRACKERS),0,0,0,0,0,0,0
MIZORAM,2007,FIRE(SHORT-CIRCUIT),0,0,0,0,0,0,0
MIZORAM,2007,GAS CYLINDER/STOVE BURST,0,0,0,0,0,0,0
MIZORAM,2007,OTHER FIRE ACCIDENTS,1,0,0,0,1,0,1
MIZORAM,2007,FIRE-ARMS,0,0,0,0,0,0,0
MIZORAM,2007,SUDDEN DEATHS(HEART ATTACKS),0,0,0,0,0,0,0
MIZORAM,2007,EPILEPTIC FITS/GIDDINESS,0,0,0,0,0,0,0
MIZORAM,2007,ABORTIONS/CHILD BIRTH,0,0,0,0,0,0,0
MIZORAM,2007,INFLUENCE OF ALCOHOL,0,0,0,0,0,0,0
MIZORAM,2007,KILLED BY ANIMALS,0,0,0,0,0,0,0
MIZORAM,2007,MINES OR QUARY DISASTER,0,0,0,0,0,0,0
MIZORAM,2007,FOOD POISIONING/ACCIDENTAL INTAKE OF INSECTICIDES ETC.,0,0,0,0,0,0,0
MIZORAM,2007,SPURIOUS/POISIONOUS LIQUOR,0,0,0,0,0,0,0
MIZORAM,2007,LEAKAGE OF POISINOUS GASES ETC.,0,0,0,0,0,0,0
MIZORAM,2007,SNAKE BITE/ANIMAL BITE,0,0,0,0,0,0,0
MIZORAM,2007,OTHER,0,0,0,0,0,0,0
MIZORAM,2007,STAMPEDE,0,0,0,0,0,0,0
MIZORAM,2007,SUFFOCATION,0,0,0,0,0,0,0
MIZORAM,2007,TRAFFIC ACCIDENTS(ROAD ACCIDENTS),52,28,12,40,28,7,35
MIZORAM,2007,TRAFFIC ACCIDENTS(RAIL-ROAD ACCIDENTS),0,0,0,0,0,0,0
MIZORAM,2007,OTHER RAILWAY ACCIDENTS,0,0,0,0,0,0,0
MIZORAM,2007,OTHER,0,0,0,0,0,0,0
MIZORAM,2007,CAUSES NOT KNOWN,15,0,0,0,15,0,15
MIZORAM,2007,TOTAL,78,28,12,40,52,10,62
MIZORAM,2007,TOTAL COLLAPSE,2,0,0,0,1,2,3
MIZORAM,2007,TOTAL DROWNING,1,0,0,0,0,1,1
MIZORAM,2007,TOTAL EXPLOSION,0,0,0,0,0,0,0
MIZORAM,2007,TOTAL FALLS,7,0,0,0,7,0,7
MIZORAM,2007,TOTAL FIRE,1,0,0,0,1,0,1
MIZORAM,2007,TOTAL SUDDEN DEATHS,0,0,0,0,0,0,0
MIZORAM,2007,TOTAL POISONING,0,0,0,0,0,0,0
MIZORAM,2007,TOTAL TRAFFIC ACCIDENTS,52,28,12,40,28,7,35
MIZORAM,2008,AIR-CRASH,0,0,0,0,0,0,0
MIZORAM,2008,COLLAPSE OF STRUCTURE(HOUSE),0,0,0,0,0,0,0
MIZORAM,2008,COLLAPSE OF STRUCTURE(BUILDING),0,0,0,0,0,0,0
MIZORAM,2008,COLLAPSE OF STRUCTURE(DAM),0,0,0,0,0,0,0
MIZORAM,2008,COLLAPSE OF STRUCTURE(BRIDGE),0,0,0,0,0,0,0
MIZORAM,2008,COLLAPSE OF STRUCTURE(OTHERS),1,0,0,0,4,0,4
MIZORAM,2008,DROWNING(BOAT CAPSIZE),0,0,0,0,0,0,0
MIZORAM,2008,DROWNING(OTHER),19,0,0,0,15,6,21
MIZORAM,2008,ELECTROCUTION,3,0,0,0,3,0,3
MIZORAM,2008,EXPLOSION(BOMB EXPLOSION),1,0,0,0,1,0,1
MIZORAM,2008,EXPLOSION(OTHER EXPLOSION LIKE BOIL,0,0,0,0,0,0,0
MIZORAM,2008,FALLS(FALL FROM HEIGHT),11,0,0,0,11,0,11
MIZORAM,2008,FALL INTO PIT/MANHOLE,3,0,0,0,2,1,3
MIZORAM,2008,FACTORY/MACHINE ACCIDENTS,0,0,0,0,0,0,0
MIZORAM,2008,FIRE(FIREWORKS/CRACKERS),0,0,0,0,0,0,0
MIZORAM,2008,FIRE(SHORT-CIRCUIT),1,0,0,0,1,0,1
MIZORAM,2008,GAS CYLINDER/STOVE BURST,0,0,0,0,0,0,0
MIZORAM,2008,OTHER FIRE ACCIDENTS,2,0,0,0,2,2,4
MIZORAM,2008,FIRE-ARMS,1,0,0,0,1,0,1
MIZORAM,2008,SUDDEN DEATHS(HEART ATTACKS),3,1,0,1,2,0,2
MIZORAM,2008,EPILEPTIC FITS/GIDDINESS,0,0,0,0,0,0,0
MIZORAM,2008,ABORTIONS/CHILD BIRTH,0,0,0,0,0,0,0
MIZORAM,2008,INFLUENCE OF ALCOHOL,0,0,0,0,0,0,0
MIZORAM,2008,KILLED BY ANIMALS,0,0,0,0,0,0,0
MIZORAM,2008,MINES OR QUARY DISASTER,0,0,0,0,0,0,0
MIZORAM,2008,FOOD POISIONING/ACCIDENTAL INTAKE OF INSECTICIDES ETC.,0,0,0,0,0,0,0
MIZORAM,2008,SPURIOUS/POISIONOUS LIQUOR,2,0,0,0,4,0,4
MIZORAM,2008,LEAKAGE OF POISINOUS GASES ETC.,0,0,0,0,0,0,0
MIZORAM,2008,SNAKE BITE/ANIMAL BITE,0,0,0,0,0,0,0
MIZORAM,2008,OTHER,0,0,0,0,0,0,0
MIZORAM,2008,STAMPEDE,0,0,0,0,0,0,0
MIZORAM,2008,SUFFOCATION,0,0,0,0,0,0,0
MIZORAM,2008,TRAFFIC ACCIDENTS(ROAD ACCIDENTS),87,51,21,72,70,8,78
MIZORAM,2008,TRAFFIC ACCIDENTS(RAIL-ROAD ACCIDENTS),0,0,0,0,0,0,0
MIZORAM,2008,OTHER RAILWAY ACCIDENTS,0,0,0,0,0,0,0
MIZORAM,2008,OTHER,28,0,0,0,28,2,30
MIZORAM,2008,CAUSES NOT KNOWN,3,0,0,0,15,2,17
MIZORAM,2008,TOTAL,165,52,21,73,159,21,180
MIZORAM,2008,TOTAL COLLAPSE,1,0,0,0,4,0,4
MIZORAM,2008,TOTAL DROWNING,19,0,0,0,15,6,21
MIZORAM,2008,TOTAL EXPLOSION,1,0,0,0,1,0,1
MIZORAM,2008,TOTAL FALLS,14,0,0,0,13,1,14
MIZORAM,2008,TOTAL FIRE,3,0,0,0,3,2,5
MIZORAM,2008,TOTAL SUDDEN DEATHS,3,1,0,1,2,0,2
MIZORAM,2008,TOTAL POISONING,2,0,0,0,4,0,4
MIZORAM,2008,TOTAL TRAFFIC ACCIDENTS,87,51,21,72,70,8,78
MIZORAM,2009,AIR-CRASH,0,0,0,0,0,0,0
MIZORAM,2009,COLLAPSE OF STRUCTURE(HOUSE),0,0,0,0,0,0,0
MIZORAM,2009,COLLAPSE OF STRUCTURE(BUILDING),1,0,0,0,1,0,1
MIZORAM,2009,COLLAPSE OF STRUCTURE(DAM),0,0,0,0,0,0,0
MIZORAM,2009,COLLAPSE OF STRUCTURE(BRIDGE),0,0,0,0,0,0,0
MIZORAM,2009,COLLAPSE OF STRUCTURE(OTHERS),0,0,0,0,0,0,0
MIZORAM,2009,DROWNING(BOAT CAPSIZE),14,0,0,0,16,0,16
MIZORAM,2009,DROWNING(OTHER),6,0,0,0,5,2,7
MIZORAM,2009,ELECTROCUTION,4,0,0,0,4,0,4
MIZORAM,2009,EXPLOSION(BOMB EXPLOSION),0,0,0,0,0,0,0
MIZORAM,2009,EXPLOSION(OTHER EXPLOSION LIKE BOIL,0,0,0,0,0,0,0
MIZORAM,2009,FALLS(FALL FROM HEIGHT),7,0,0,0,5,2,7
MIZORAM,2009,FALL INTO PIT/MANHOLE,0,0,0,0,0,0,0
MIZORAM,2009,FACTORY/MACHINE ACCIDENTS,0,0,0,0,0,0,0
MIZORAM,2009,FIRE(FIREWORKS/CRACKERS),0,0,0,0,0,0,0
MIZORAM,2009,FIRE(SHORT-CIRCUIT),1,0,0,0,1,0,1
MIZORAM,2009,GAS CYLINDER/STOVE BURST,0,0,0,0,0,0,0
MIZORAM,2009,OTHER FIRE ACCIDENTS,0,0,0,0,0,0,0
MIZORAM,2009,FIRE-ARMS,3,0,0,0,3,0,3
MIZORAM,2009,SUDDEN DEATHS(HEART ATTACKS),1,0,0,0,1,0,1
MIZORAM,2009,EPILEPTIC FITS/GIDDINESS,0,0,0,0,0,0,0
MIZORAM,2009,ABORTIONS/CHILD BIRTH,0,0,0,0,0,0,0
MIZORAM,2009,INFLUENCE OF ALCOHOL,0,0,0,0,0,0,0
MIZORAM,2009,KILLED BY ANIMALS,0,0,0,0,0,0,0
MIZORAM,2009,MINES OR QUARY DISASTER,0,0,0,0,0,0,0
MIZORAM,2009,FOOD POISIONING/ACCIDENTAL INTAKE OF INSECTICIDES ETC.,0,0,0,0,0,0,0
MIZORAM,2009,SPURIOUS/POISIONOUS LIQUOR,0,0,0,0,0,0,0
MIZORAM,2009,LEAKAGE OF POISINOUS GASES ETC.,0,0,0,0,0,0,0
MIZORAM,2009,SNAKE BITE/ANIMAL BITE,0,0,0,0,0,0,0
MIZORAM,2009,OTHER,0,0,0,0,0,0,0
MIZORAM,2009,STAMPEDE,0,0,0,0,0,0,0
MIZORAM,2009,SUFFOCATION,0,0,0,0,0,0,0
MIZORAM,2009,TRAFFIC ACCIDENTS(ROAD ACCIDENTS),71,117,26,143,54,9,63
MIZORAM,2009,TRAFFIC ACCIDENTS(RAIL-ROAD ACCIDENTS),0,0,0,0,0,0,0
MIZORAM,2009,OTHER RAILWAY ACCIDENTS,0,0,0,0,0,0,0
MIZORAM,2009,OTHER,7,0,0,0,7,0,7
MIZORAM,2009,CAUSES NOT KNOWN,15,0,0,0,15,0,15
MIZORAM,2009,TOTAL,130,117,26,143,112,13,125
MIZORAM,2009,TOTAL COLLAPSE,1,0,0,0,1,0,1
MIZORAM,2009,TOTAL DROWNING,20,0,0,0,21,2,23
MIZORAM,2009,TOTAL EXPLOSION,0,0,0,0,0,0,0
MIZORAM,2009,TOTAL FALLS,7,0,0,0,5,2,7
MIZORAM,2009,TOTAL FIRE,1,0,0,0,1,0,1
MIZORAM,2009,TOTAL SUDDEN DEATHS,1,0,0,0,1,0,1
MIZORAM,2009,TOTAL POISONING,0,0,0,0,0,0,0
MIZORAM,2009,TOTAL TRAFFIC ACCIDENTS,71,117,26,143,54,9,63
MIZORAM,2010,AIR-CRASH,0,0,0,0,0,0,0
MIZORAM,2010,COLLAPSE OF STRUCTURE(HOUSE),0,0,0,0,0,0,0
MIZORAM,2010,COLLAPSE OF STRUCTURE(BUILDING),0,0,0,0,0,0,0
MIZORAM,2010,COLLAPSE OF STRUCTURE(DAM),0,0,0,0,0,0,0
MIZORAM,2010,COLLAPSE OF STRUCTURE(BRIDGE),0,0,0,0,0,0,0
MIZORAM,2010,COLLAPSE OF STRUCTURE(OTHERS),1,0,0,0,1,0,1
MIZORAM,2010,DROWNING(BOAT CAPSIZE),8,0,0,0,7,1,8
MIZORAM,2010,DROWNING(OTHER),15,0,0,0,12,5,17
MIZORAM,2010,ELECTROCUTION,7,0,0,0,6,1,7
MIZORAM,2010,EXPLOSION(BOMB EXPLOSION),1,0,0,0,1,1,2
MIZORAM,2010,EXPLOSION(OTHER EXPLOSION LIKE BOIL,0,0,0,0,0,0,0
MIZORAM,2010,FALLS(FALL FROM HEIGHT),7,0,0,0,7,0,7
MIZORAM,2010,FALL INTO PIT/MANHOLE,0,0,0,0,0,0,0
MIZORAM,2010,FACTORY/MACHINE ACCIDENTS,0,0,0,0,0,0,0
MIZORAM,2010,FIRE(FIREWORKS/CRACKERS),0,0,0,0,0,0,0
MIZORAM,2010,FIRE(SHORT-CIRCUIT),0,0,0,0,0,0,0
MIZORAM,2010,GAS CYLINDER/STOVE BURST,0,0,0,0,0,0,0
MIZORAM,2010,OTHER FIRE ACCIDENTS,9,0,0,0,8,4,12
MIZORAM,2010,FIRE-ARMS,2,0,0,0,2,0,2
MIZORAM,2010,SUDDEN DEATHS(HEART ATTACKS),10,0,0,0,10,0,10
MIZORAM,2010,EPILEPTIC FITS/GIDDINESS,0,0,0,0,0,0,0
MIZORAM,2010,ABORTIONS/CHILD BIRTH,0,0,0,0,0,0,0
MIZORAM,2010,INFLUENCE OF ALCOHOL,0,0,0,0,0,0,0
MIZORAM,2010,KILLED BY ANIMALS,1,0,0,0,1,0,1
MIZORAM,2010,MINES OR QUARY DISASTER,1,0,0,0,1,0,1
MIZORAM,2010,FOOD POISIONING/ACCIDENTAL INTAKE OF INSECTICIDES ETC.,2,0,0,0,0,2,2
MIZORAM,2010,SPURIOUS/POISIONOUS LIQUOR,0,0,0,0,0,0,0
MIZORAM,2010,LEAKAGE OF POISINOUS GASES ETC.,0,0,0,0,0,0,0
MIZORAM,2010,SNAKE BITE/ANIMAL BITE,4,0,0,0,4,0,4
MIZORAM,2010,OTHER,1,0,0,0,1,0,1
MIZORAM,2010,STAMPEDE,0,0,0,0,0,0,0
MIZORAM,2010,SUFFOCATION,1,0,0,0,0,1,1
MIZORAM,2010,TRAFFIC ACCIDENTS(ROAD ACCIDENTS),125,190,62,252,64,18,82
MIZORAM,2010,TRAFFIC ACCIDENTS(RAIL-ROAD ACCIDENTS),0,0,0,0,0,0,0
MIZORAM,2010,OTHER RAILWAY ACCIDENTS,0,0,0,0,0,0,0
MIZORAM,2010,OTHER,36,0,0,0,33,2,35
MIZORAM,2010,CAUSES NOT KNOWN,18,0,0,0,15,2,17
MIZORAM,2010,TOTAL,249,190,62,252,173,37,210
MIZORAM,2010,TOTAL COLLAPSE,1,0,0,0,1,0,1
MIZORAM,2010,TOTAL DROWNING,23,0,0,0,19,6,25
MIZORAM,2010,TOTAL EXPLOSION,1,0,0,0,1,1,2
MIZORAM,2010,TOTAL FALLS,7,0,0,0,7,0,7
MIZORAM,2010,TOTAL FIRE,9,0,0,0,8,4,12
MIZORAM,2010,TOTAL SUDDEN DEATHS,10,0,0,0,10,0,10
MIZORAM,2010,TOTAL POISONING,7,0,0,0,5,2,7
MIZORAM,2010,TOTAL TRAFFIC ACCIDENTS,125,190,62,252,64,18,82
MIZORAM,2011,AIR-CRASH,0,0,0,0,0,0,0
MIZORAM,2011,COLLAPSE OF STRUCTURE(HOUSE),0,0,0,0,0,0,0
MIZORAM,2011,COLLAPSE OF STRUCTURE(BUILDING),0,0,0,0,0,0,0
MIZORAM,2011,COLLAPSE OF STRUCTURE(DAM),0,0,0,0,0,0,0
MIZORAM,2011,COLLAPSE OF STRUCTURE(BRIDGE),0,0,0,0,0,0,0
MIZORAM,2011,COLLAPSE OF STRUCTURE(OTHERS),0,0,0,0,0,0,0
MIZORAM,2011,DROWNING(BOAT CAPSIZE),4,0,0,0,6,2,8
MIZORAM,2011,DROWNING(OTHER),37,0,0,0,33,4,37
MIZORAM,2011,ELECTROCUTION,2,0,0,0,1,1,2
MIZORAM,2011,EXPLOSION(BOMB EXPLOSION),1,0,0,0,1,0,1
MIZORAM,2011,EXPLOSION(OTHER EXPLOSION LIKE BOIL,0,0,0,0,0,0,0
MIZORAM,2011,FALLS(FALL FROM HEIGHT),19,0,0,0,15,4,19
MIZORAM,2011,FALL INTO PIT/MANHOLE,2,0,0,0,2,0,2
MIZORAM,2011,FACTORY/MACHINE ACCIDENTS,0,0,0,0,0,0,0
MIZORAM,2011,FIRE(FIREWORKS/CRACKERS),0,0,0,0,0,0,0
MIZORAM,2011,FIRE(SHORT-CIRCUIT),0,0,0,0,0,0,0
MIZORAM,2011,GAS CYLINDER/STOVE BURST,0,0,0,0,0,0,0
MIZORAM,2011,OTHER FIRE ACCIDENTS,5,0,0,0,4,2,6
MIZORAM,2011,FIRE-ARMS,2,0,0,0,2,0,2
MIZORAM,2011,SUDDEN DEATHS(HEART ATTACKS),11,0,0,0,10,1,11
MIZORAM,2011,EPILEPTIC FITS/GIDDINESS,0,0,0,0,0,0,0
MIZORAM,2011,ABORTIONS/CHILD BIRTH,1,0,0,0,0,1,1
MIZORAM,2011,INFLUENCE OF ALCOHOL,1,0,0,0,1,0,1
MIZORAM,2011,KILLED BY ANIMALS,0,0,0,0,0,0,0
MIZORAM,2011,MINES OR QUARY DISASTER,1,0,0,0,1,0,1
MIZORAM,2011,FOOD POISIONING/ACCIDENTAL INTAKE OF INSECTICIDES ETC.,1,0,0,0,1,0,1
MIZORAM,2011,SPURIOUS/POISIONOUS LIQUOR,0,0,0,0,0,0,0
MIZORAM,2011,LEAKAGE OF POISINOUS GASES ETC.,0,0,0,0,0,0,0
MIZORAM,2011,SNAKE BITE/ANIMAL BITE,0,0,0,0,0,0,0
MIZORAM,2011,OTHER,13,0,0,0,11,3,14
MIZORAM,2011,STAMPEDE,0,0,0,0,0,0,0
MIZORAM,2011,SUFFOCATION,0,0,0,0,0,0,0
MIZORAM,2011,TRAFFIC ACCIDENTS(ROAD ACCIDENTS),97,167,48,215,59,22,81
MIZORAM,2011,TRAFFIC ACCIDENTS(RAIL-ROAD ACCIDENTS),0,0,0,0,0,0,0
MIZORAM,2011,OTHER RAILWAY ACCIDENTS,0,0,0,0,0,0,0
MIZORAM,2011,OTHER,53,0,0,0,43,10,53
MIZORAM,2011,CAUSES NOT KNOWN,20,0,0,0,17,3,20
MIZORAM,2011,TOTAL,270,167,48,215,207,53,260
MIZORAM,2011,TOTAL COLLAPSE,0,0,0,0,0,0,0
MIZORAM,2011,TOTAL DROWNING,41,0,0,0,39,6,45
MIZORAM,2011,TOTAL EXPLOSION,1,0,0,0,1,0,1
MIZORAM,2011,TOTAL FALLS,21,0,0,0,17,4,21
MIZORAM,2011,TOTAL FIRE,5,0,0,0,4,2,6
MIZORAM,2011,TOTAL SUDDEN DEATHS,13,0,0,0,11,2,13
MIZORAM,2011,TOTAL POISONING,14,0,0,0,12,3,15
MIZORAM,2011,TOTAL TRAFFIC ACCIDENTS,97,167,48,215,59,22,81
MIZORAM,2012,AIR-CRASH,0,0,0,0,0,0,0
MIZORAM,2012,COLLAPSE OF STRUCTURE(HOUSE),0,0,0,0,0,0,0
MIZORAM,2012,COLLAPSE OF STRUCTURE(BUILDING),0,0,0,0,0,0,0
MIZORAM,2012,COLLAPSE OF STRUCTURE(DAM),0,0,0,0,0,0,0
MIZORAM,2012,COLLAPSE OF STRUCTURE(BRIDGE),0,0,0,0,0,0,0
MIZORAM,2012,COLLAPSE OF STRUCTURE(OTHERS),0,0,0,0,0,0,0
MIZORAM,2012,DROWNING(BOAT CAPSIZE),19,0,0,0,16,4,20
MIZORAM,2012,DROWNING(OTHER),27,0,0,0,18,1,19
MIZORAM,2012,ELECTROCUTION,7,0,0,0,6,1,7
MIZORAM,2012,EXPLOSION(BOMB EXPLOSION),1,0,0,0,1,0,1
MIZORAM,2012,EXPLOSION(OTHER EXPLOSION LIKE BOIL,1,0,0,0,1,0,1
MIZORAM,2012,FALLS(FALL FROM HEIGHT),32,0,0,0,30,2,32
MIZORAM,2012,FALL INTO PIT/MANHOLE,0,0,0,0,0,0,0
MIZORAM,2012,FACTORY/MACHINE ACCIDENTS,0,0,0,0,0,0,0
MIZORAM,2012,FIRE(FIREWORKS/CRACKERS),0,0,0,0,0,0,0
MIZORAM,2012,FIRE(SHORT-CIRCUIT),0,0,0,0,0,0,0
MIZORAM,2012,GAS CYLINDER/STOVE BURST,0,0,0,0,0,0,0
MIZORAM,2012,OTHER FIRE ACCIDENTS,5,0,0,0,3,2,5
MIZORAM,2012,FIRE-ARMS,3,0,0,0,3,0,3
MIZORAM,2012,SUDDEN DEATHS(HEART ATTACKS),13,0,0,0,12,1,13
MIZORAM,2012,EPILEPTIC FITS/GIDDINESS,0,0,0,0,0,0,0
MIZORAM,2012,ABORTIONS/CHILD BIRTH,1,0,0,0,0,1,1
MIZORAM,2012,INFLUENCE OF ALCOHOL,5,0,0,0,5,0,5
MIZORAM,2012,KILLED BY ANIMALS,1,0,0,0,1,0,1
MIZORAM,2012,MINES OR QUARY DISASTER,2,0,0,0,2,0,2
MIZORAM,2012,FOOD POISIONING/ACCIDENTAL INTAKE OF INSECTICIDES ETC.,2,0,0,0,2,0,2
MIZORAM,2012,SPURIOUS/POISIONOUS LIQUOR,0,0,0,0,0,0,0
MIZORAM,2012,LEAKAGE OF POISINOUS GASES ETC.,0,0,0,0,0,0,0
MIZORAM,2012,SNAKE BITE/ANIMAL BITE,1,0,0,0,1,0,1
MIZORAM,2012,OTHER,24,0,0,0,21,3,24
MIZORAM,2012,STAMPEDE,0,0,0,0,0,0,0
MIZORAM,2012,SUFFOCATION,0,0,0,0,0,0,0
MIZORAM,2012,TRAFFIC ACCIDENTS(ROAD ACCIDENTS),110,111,61,172,62,15,77
MIZORAM,2012,TRAFFIC ACCIDENTS(RAIL-ROAD ACCIDENTS),0,0,0,0,0,0,0
MIZORAM,2012,OTHER RAILWAY ACCIDENTS,0,0,0,0,0,0,0
MIZORAM,2012,OTHER,72,0,0,0,67,5,72
MIZORAM,2012,CAUSES NOT KNOWN,12,0,0,0,11,1,12
MIZORAM,2012,TOTAL,338,111,61,172,262,36,298
MIZORAM,2012,TOTAL COLLAPSE,0,0,0,0,0,0,0
MIZORAM,2012,TOTAL DROWNING,46,0,0,0,34,5,39
MIZORAM,2012,TOTAL EXPLOSION,2,0,0,0,2,0,2
MIZORAM,2012,TOTAL FALLS,32,0,0,0,30,2,32
MIZORAM,2012,TOTAL FIRE,5,0,0,0,3,2,5
MIZORAM,2012,TOTAL SUDDEN DEATHS,19,0,0,0,17,2,19
MIZORAM,2012,TOTAL POISONING,27,0,0,0,24,3,27
MIZORAM,2012,TOTAL TRAFFIC ACCIDENTS,110,111,61,172,62,15,77
NAGALAND,2001,AIR-CRASH,0,0,0,0,0,0,0
NAGALAND,2001,COLLAPSE OF STRUCTURE(HOUSE),0,0,0,0,0,0,0
NAGALAND,2001,COLLAPSE OF STRUCTURE(BUILDING),0,0,0,0,0,0,0
NAGALAND,2001,COLLAPSE OF STRUCTURE(DAM),0,0,0,0,0,0,0
NAGALAND,2001,COLLAPSE OF STRUCTURE(BRIDGE),0,0,0,0,0,0,0
NAGALAND,2001,COLLAPSE OF STRUCTURE(OTHERS),0,0,0,0,0,0,0
NAGALAND,2001,DROWNING(BOAT CAPSIZE),0,0,0,0,0,0,0
NAGALAND,2001,DROWNING(OTHER),5,0,0,0,5,0,5
NAGALAND,2001,ELECTROCUTION,1,0,0,0,1,0,1
NAGALAND,2001,EXPLOSION(BOMB EXPLOSION),2,6,0,6,1,0,1
NAGALAND,2001,EXPLOSION(OTHER EXPLOSION LIKE BOILERS,,0,0,0,0,0,0,0
NAGALAND,2001,FALLS(FALL FROM HEIGHT),1,0,0,0,2,0,2
NAGALAND,2001,FALL INTO PIT/MANHOLE,1,0,0,0,1,0,1
NAGALAND,2001,FACTORY/MACHINE ACCIDENTS,0,0,0,0,0,0,0
NAGALAND,2001,FIRE(FIREWORKS/CRACKERS),0,0,0,0,0,0,0
NAGALAND,2001,FIRE(SHORT-CIRCUIT),0,0,0,0,0,0,0
NAGALAND,2001,GAS CYLINDER/STOVE BURST,0,0,0,0,0,0,0
NAGALAND,2001,OTHER FIRE ACCIDENTS,0,0,0,0,0,0,0
NAGALAND,2001,FIRE-ARMS,8,0,0,0,9,0,9
NAGALAND,2001,SUDDEN DEATHS(HEART ATTACKS),1,0,0,0,1,0,1
NAGALAND,2001,EPILEPTIC FITS/GIDDINESS,0,0,0,0,0,0,0
NAGALAND,2001,ABORTIONS/CHILD BIRTH,0,0,0,0,0,0,0
NAGALAND,2001,INFLUENCE OF ALCOHOL,0,0,0,0,0,0,0
NAGALAND,2001,KILLED BY ANIMALS,0,0,0,0,0,0,0
NAGALAND,2001,MINES OR QUARY DISASTER,0,0,0,0,0,0,0
NAGALAND,2001,FOOD POISIONING/ACCIDENTAL INTAKE OF INSECTICIDES ETC.,0,0,0,0,0,0,0
NAGALAND,2001,SPURIOUS/POISIONOUS LIQUOR,0,0,0,0,0,0,0
NAGALAND,2001,LEAKAGE OF POISINOUS GASES ETC.,0,0,0,0,0,0,0
NAGALAND,2001,SNAKE BITE/ANIMAL BITE,0,0,0,0,0,0,0
NAGALAND,2001,OTHER,0,0,0,0,0,0,0
NAGALAND,2001,STAMPEDE,0,0,0,0,0,0,0
NAGALAND,2001,SUFFOCATION,0,0,0,0,0,0,0
NAGALAND,2001,TRAFFIC ACCIDENTS(ROAD ACCIDENTS),60,122,2,124,60,5,65
NAGALAND,2001,TRAFFIC ACCIDENTS(RAIL-ROAD ACCIDENTS),0,0,0,0,0,0,0
NAGALAND,2001,OTHER RAILWAY ACCIDENTS,4,0,0,0,3,1,4
NAGALAND,2001,OTHER,1,0,0,0,1,0,1
NAGALAND,2001,CAUSES NOT KNOWN,3,0,0,0,3,0,3
NAGALAND,2001,TOTAL,87,128,2,130,87,6,93
NAGALAND,2001,TOTAL COLLAPSE,0,0,0,0,0,0,0
NAGALAND,2001,TOTAL DROWNING,5,0,0,0,5,0,5
NAGALAND,2001,TOTAL EXPLOSION,2,6,0,6,1,0,1
NAGALAND,2001,TOTAL FALLS,2,0,0,0,3,0,3
NAGALAND,2001,TOTAL FIRE,0,0,0,0,0,0,0
NAGALAND,2001,TOTAL SUDDEN DEATHS,1,0,0,0,1,0,1
NAGALAND,2001,TOTAL POISONING,0,0,0,0,0,0,0
NAGALAND,2001,TOTAL TRAFFIC ACCIDENTS,64,122,2,124,63,6,69
NAGALAND,2002,AIR-CRASH,0,0,0,0,0,0,0
NAGALAND,2002,COLLAPSE OF STRUCTURE(HOUSE),0,0,0,0,0,0,0
NAGALAND,2002,COLLAPSE OF STRUCTURE(BUILDING),0,0,0,0,0,0,0
NAGALAND,2002,COLLAPSE OF STRUCTURE(DAM),0,0,0,0,0,0,0
NAGALAND,2002,COLLAPSE OF STRUCTURE(BRIDGE),0,0,0,0,0,0,0
NAGALAND,2002,COLLAPSE OF STRUCTURE(OTHERS),0,0,0,0,0,0,0
NAGALAND,2002,DROWNING(BOAT CAPSIZE),0,0,0,0,0,0,0
NAGALAND,2002,DROWNING(OTHER),3,0,0,0,2,1,3
NAGALAND,2002,ELECTROCUTION,2,0,0,0,2,0,2
NAGALAND,2002,EXPLOSION(BOMB EXPLOSION),1,0,0,0,1,0,1
NAGALAND,2002,EXPLOSION(OTHER EXPLOSION LIKE BOILERS, GAS CYLINDER ETC.),0,0,0,0,0,0,0
NAGALAND,2002,FALLS(FALL FROM HEIGHT),2,0,0,0,2,0,2
NAGALAND,2002,FALL INTO PIT/MANHOLE,1,0,0,0,1,0,1
NAGALAND,2002,FACTORY/MACHINE ACCIDENTS,0,0,0,0,0,0,0
NAGALAND,2002,FIRE(FIREWORKS/CRACKERS),0,0,0,0,0,0,0
NAGALAND,2002,FIRE(SHORT-CIRCUIT),0,0,0,0,0,0,0
NAGALAND,2002,GAS CYLINDER/STOVE BURST,0,0,0,0,0,0,0
NAGALAND,2002,OTHER FIRE ACCIDENTS,0,0,0,0,0,0,0
NAGALAND,2002,FIRE-ARMS,5,0,0,0,5,0,5
NAGALAND,2002,SUDDEN DEATHS(HEART ATTACKS),0,0,0,0,0,0,0
NAGALAND,2002,EPILEPTIC FITS/GIDDINESS,0,0,0,0,0,0,0
NAGALAND,2002,ABORTIONS/CHILD BIRTH,0,0,0,0,0,0,0
NAGALAND,2002,INFLUENCE OF ALCOHOL,0,0,0,0,0,0,0
NAGALAND,2002,KILLED BY ANIMALS,0,0,0,0,0,0,0
NAGALAND,2002,MINES OR QUARY DISASTER,0,0,0,0,0,0,0
NAGALAND,2002,FOOD POISIONING/ACCIDENTAL INTAKE OF INSECTICIDES ETC.,0,0,0,0,0,0,0
NAGALAND,2002,SPURIOUS/POISIONOUS LIQUOR,0,0,0,0,0,0,0
NAGALAND,2002,LEAKAGE OF POISINOUS GASES ETC.,0,0,0,0,0,0,0
NAGALAND,2002,SNAKE BITE/ANIMAL BITE,0,0,0,0,0,0,0
NAGALAND,2002,OTHER,0,0,0,0,0,0,0
NAGALAND,2002,STAMPEDE,0,0,0,0,0,0,0
NAGALAND,2002,SUFFOCATION,0,0,0,0,0,0,0
NAGALAND,2002,TRAFFIC ACCIDENTS(ROAD ACCIDENTS),34,9,3,12,35,3,38
NAGALAND,2002,TRAFFIC ACCIDENTS(RAIL-ROAD ACCIDENTS),0,0,0,0,0,0,0
NAGALAND,2002,OTHER RAILWAY ACCIDENTS,6,0,0,0,5,1,6
NAGALAND,2002,OTHER,0,0,0,0,0,0,0
NAGALAND,2002,CAUSES NOT KNOWN,0,0,0,0,0,0,0
NAGALAND,2002,TOTAL,54,9,3,12,53,5,58
NAGALAND,2002,TOTAL COLLAPSE,0,0,0,0,0,0,0
NAGALAND,2002,TOTAL DROWNING,3,0,0,0,2,1,3
NAGALAND,2002,TOTAL EXPLOSION,1,0,0,0,1,0,1
NAGALAND,2002,TOTAL FALLS,3,0,0,0,3,0,3
NAGALAND,2002,TOTAL FIRE,0,0,0,0,0,0,0
NAGALAND,2002,TOTAL SUDDEN DEATHS,0,0,0,0,0,0,0
NAGALAND,2002,TOTAL POISONING,0,0,0,0,0,0,0
NAGALAND,2002,TOTAL TRAFFIC ACCIDENTS,40,9,3,12,40,4,44
NAGALAND,2003,AIR-CRASH,0,0,0,0,0,0,0
NAGALAND,2003,COLLAPSE OF STRUCTURE(HOUSE),0,0,0,0,0,0,0
NAGALAND,2003,COLLAPSE OF STRUCTURE(BUILDING),0,0,0,0,0,0,0
NAGALAND,2003,COLLAPSE OF STRUCTURE(DAM),0,0,0,0,0,0,0
NAGALAND,2003,COLLAPSE OF STRUCTURE(BRIDGE),0,0,0,0,0,0,0
NAGALAND,2003,COLLAPSE OF STRUCTURE(OTHERS),0,0,0,0,0,0,0
NAGALAND,2003,DROWNING(BOAT CAPSIZE),0,0,0,0,0,0,0
NAGALAND,2003,DROWNING(OTHER),4,0,0,0,7,0,7
NAGALAND,2003,ELECTROCUTION,0,0,0,0,0,0,0
NAGALAND,2003,EXPLOSION(BOMB EXPLOSION),0,0,0,0,0,0,0
NAGALAND,2003,EXPLOSION(OTHER EXPLOSION LIKE BOILERS,,0,0,0,0,0,0,0
NAGALAND,2003,FALLS(FALL FROM HEIGHT),0,0,0,0,0,0,0
NAGALAND,2003,FALL INTO PIT/MANHOLE,0,0,0,0,0,0,0
NAGALAND,2003,FACTORY/MACHINE ACCIDENTS,0,0,0,0,0,0,0
NAGALAND,2003,FIRE(FIREWORKS/CRACKERS),0,0,0,0,0,0,0
NAGALAND,2003,FIRE(SHORT-CIRCUIT),0,0,0,0,0,0,0
NAGALAND,2003,GAS CYLINDER/STOVE BURST,0,0,0,0,0,0,0
NAGALAND,2003,OTHER FIRE ACCIDENTS,1,0,0,0,1,0,1
NAGALAND,2003,FIRE-ARMS,4,0,0,0,5,0,5
NAGALAND,2003,SUDDEN DEATHS(HEART ATTACKS),4,0,0,0,4,0,4
NAGALAND,2003,EPILEPTIC FITS/GIDDINESS,0,0,0,0,0,0,0
NAGALAND,2003,ABORTIONS/CHILD BIRTH,0,0,0,0,0,0,0
NAGALAND,2003,INFLUENCE OF ALCOHOL,0,0,0,0,0,0,0
NAGALAND,2003,KILLED BY ANIMALS,0,0,0,0,0,0,0
NAGALAND,2003,MINES OR QUARY DISASTER,0,0,0,0,0,0,0
NAGALAND,2003,FOOD POISIONING/ACCIDENTAL INTAKE OF INSECTICIDES ETC.,0,0,0,0,0,0,0
NAGALAND,2003,SPURIOUS/POISIONOUS LIQUOR,0,0,0,0,0,0,0
NAGALAND,2003,LEAKAGE OF POISINOUS GASES ETC.,0,0,0,0,0,0,0
NAGALAND,2003,SNAKE BITE/ANIMAL BITE,0,0,0,0,0,0,0
NAGALAND,2003,OTHER,1,0,0,0,1,0,1
NAGALAND,2003,STAMPEDE,0,0,0,0,0,0,0
NAGALAND,2003,SUFFOCATION,0,0,0,0,0,0,0
NAGALAND,2003,TRAFFIC ACCIDENTS(ROAD ACCIDENTS),56,66,0,66,55,10,65
NAGALAND,2003,TRAFFIC ACCIDENTS(RAIL-ROAD ACCIDENTS),0,0,0,0,0,0,0
NAGALAND,2003,OTHER RAILWAY ACCIDENTS,5,0,0,0,5,0,5
NAGALAND,2003,OTHER,6,0,0,0,5,1,6
NAGALAND,2003,CAUSES NOT KNOWN,0,0,0,0,0,0,0
NAGALAND,2003,TOTAL,81,66,0,66,83,11,94
NAGALAND,2003,TOTAL COLLAPSE,0,0,0,0,0,0,0
NAGALAND,2003,TOTAL DROWNING,4,0,0,0,7,0,7
NAGALAND,2003,TOTAL EXPLOSION,0,0,0,0,0,0,0
NAGALAND,2003,TOTAL FALLS,0,0,0,0,0,0,0
NAGALAND,2003,TOTAL FIRE,1,0,0,0,1,0,1
NAGALAND,2003,TOTAL SUDDEN DEATHS,4,0,0,0,4,0,4
NAGALAND,2003,TOTAL POISONING,1,0,0,0,1,0,1
NAGALAND,2003,TOTAL TRAFFIC ACCIDENTS,61,66,0,66,60,10,70
NAGALAND,2004,AIR-CRASH,0,0,0,0,0,0,0
NAGALAND,2004,COLLAPSE OF STRUCTURE(HOUSE),0,0,0,0,0,0,0
NAGALAND,2004,COLLAPSE OF STRUCTURE(BUILDING),0,0,0,0,0,0,0
NAGALAND,2004,COLLAPSE OF STRUCTURE(DAM),0,0,0,0,0,0,0
NAGALAND,2004,COLLAPSE OF STRUCTURE(BRIDGE),0,0,0,0,0,0,0
NAGALAND,2004,COLLAPSE OF STRUCTURE(OTHERS),0,0,0,0,0,0,0
NAGALAND,2004,DROWNING(BOAT CAPSIZE),0,0,0,0,0,0,0
NAGALAND,2004,DROWNING(OTHER),4,0,0,0,3,1,4
NAGALAND,2004,ELECTROCUTION,1,0,0,0,1,0,1
NAGALAND,2004,EXPLOSION(BOMB EXPLOSION),0,0,0,0,0,0,0
NAGALAND,2004,EXPLOSION(OTHER EXPLOSION LIKE BOILERS,,0,0,0,0,0,0,0
NAGALAND,2004,FALLS(FALL FROM HEIGHT),0,0,0,0,0,0,0
NAGALAND,2004,FALL INTO PIT/MANHOLE,0,0,0,0,0,0,0
NAGALAND,2004,FACTORY/MACHINE ACCIDENTS,0,0,0,0,0,0,0
NAGALAND,2004,FIRE(FIREWORKS/CRACKERS),0,0,0,0,0,0,0
NAGALAND,2004,FIRE(SHORT-CIRCUIT),0,0,0,0,0,0,0
NAGALAND,2004,GAS CYLINDER/STOVE BURST,0,0,0,0,0,0,0
NAGALAND,2004,OTHER FIRE ACCIDENTS,0,0,0,0,0,0,0
NAGALAND,2004,FIRE-ARMS,0,0,0,0,0,0,0
NAGALAND,2004,SUDDEN DEATHS(HEART ATTACKS),0,0,0,0,0,0,0
NAGALAND,2004,EPILEPTIC FITS/GIDDINESS,0,0,0,0,0,0,0
NAGALAND,2004,ABORTIONS/CHILD BIRTH,0,0,0,0,0,0,0
NAGALAND,2004,INFLUENCE OF ALCOHOL,0,0,0,0,0,0,0
NAGALAND,2004,KILLED BY ANIMALS,0,0,0,0,0,0,0
NAGALAND,2004,MINES OR QUARY DISASTER,0,0,0,0,0,0,0
NAGALAND,2004,FOOD POISIONING/ACCIDENTAL INTAKE OF INSECTICIDES ETC.,0,0,0,0,0,0,0
NAGALAND,2004,SPURIOUS/POISIONOUS LIQUOR,0,0,0,0,0,0,0
NAGALAND,2004,LEAKAGE OF POISINOUS GASES ETC.,0,0,0,0,0,0,0
NAGALAND,2004,SNAKE BITE/ANIMAL BITE,0,0,0,0,0,0,0
NAGALAND,2004,OTHER,0,0,0,0,0,0,0
NAGALAND,2004,STAMPEDE,0,0,0,0,0,0,0
NAGALAND,2004,SUFFOCATION,0,0,0,0,0,0,0
NAGALAND,2004,TRAFFIC ACCIDENTS(ROAD ACCIDENTS),68,125,17,142,55,8,63
NAGALAND,2004,TRAFFIC ACCIDENTS(RAIL-ROAD ACCIDENTS),0,0,0,0,0,0,0
NAGALAND,2004,OTHER RAILWAY ACCIDENTS,1,0,0,0,1,0,1
NAGALAND,2004,OTHER,1,0,0,0,1,0,1
NAGALAND,2004,CAUSES NOT KNOWN,6,0,0,0,3,3,6
NAGALAND,2004,TOTAL,81,125,17,142,64,12,76
NAGALAND,2004,TOTAL COLLAPSE,0,0,0,0,0,0,0
NAGALAND,2004,TOTAL DROWNING,4,0,0,0,3,1,4
NAGALAND,2004,TOTAL EXPLOSION,0,0,0,0,0,0,0
NAGALAND,2004,TOTAL FALLS,0,0,0,0,0,0,0
NAGALAND,2004,TOTAL FIRE,0,0,0,0,0,0,0
NAGALAND,2004,TOTAL SUDDEN DEATHS,0,0,0,0,0,0,0
NAGALAND,2004,TOTAL POISONING,0,0,0,0,0,0,0
NAGALAND,2004,TOTAL TRAFFIC ACCIDENTS,69,125,17,142,56,8,64
NAGALAND,2005,AIR-CRASH,0,0,0,0,0,0,0
NAGALAND,2005,COLLAPSE OF STRUCTURE(HOUSE),0,0,0,0,0,0,0
NAGALAND,2005,COLLAPSE OF STRUCTURE(BUILDING),0,0,0,0,0,0,0
NAGALAND,2005,COLLAPSE OF STRUCTURE(DAM),0,0,0,0,0,0,0
NAGALAND,2005,COLLAPSE OF STRUCTURE(BRIDGE),0,0,0,0,0,0,0
NAGALAND,2005,COLLAPSE OF STRUCTURE(OTHERS),0,0,0,0,0,0,0
NAGALAND,2005,DROWNING(BOAT CAPSIZE),1,4,0,4,4,0,4
NAGALAND,2005,DROWNING(OTHER),0,0,0,0,0,0,0
NAGALAND,2005,ELECTROCUTION,1,0,0,0,1,0,1
NAGALAND,2005,EXPLOSION(BOMB EXPLOSION),1,0,0,0,1,0,1
NAGALAND,2005,EXPLOSION(OTHER EXPLOSION LIKE BOILERS,,0,0,0,0,0,0,0
NAGALAND,2005,FALLS(FALL FROM HEIGHT),0,0,0,0,0,0,0
NAGALAND,2005,FALL INTO PIT/MANHOLE,0,0,0,0,0,0,0
NAGALAND,2005,FACTORY/MACHINE ACCIDENTS,0,0,0,0,0,0,0
NAGALAND,2005,FIRE(FIREWORKS/CRACKERS),0,0,0,0,0,0,0
NAGALAND,2005,FIRE(SHORT-CIRCUIT),0,0,0,0,0,0,0
NAGALAND,2005,GAS CYLINDER/STOVE BURST,0,0,0,0,0,0,0
NAGALAND,2005,OTHER FIRE ACCIDENTS,0,0,0,0,0,0,0
NAGALAND,2005,FIRE-ARMS,1,0,0,0,1,0,1
NAGALAND,2005,SUDDEN DEATHS(HEART ATTACKS),0,0,0,0,0,0,0
NAGALAND,2005,EPILEPTIC FITS/GIDDINESS,0,0,0,0,0,0,0
NAGALAND,2005,ABORTIONS/CHILD BIRTH,0,0,0,0,0,0,0
NAGALAND,2005,INFLUENCE OF ALCOHOL,0,0,0,0,0,0,0
NAGALAND,2005,KILLED BY ANIMALS,0,0,0,0,0,0,0
NAGALAND,2005,MINES OR QUARY DISASTER,0,0,0,0,0,0,0
NAGALAND,2005,FOOD POISIONING/ACCIDENTAL INTAKE OF INSECTICIDES ETC.,1,0,0,0,1,0,1
NAGALAND,2005,SPURIOUS/POISIONOUS LIQUOR,0,0,0,0,0,0,0
NAGALAND,2005,LEAKAGE OF POISINOUS GASES ETC.,0,0,0,0,0,0,0
NAGALAND,2005,SNAKE BITE/ANIMAL BITE,0,0,0,0,0,0,0
NAGALAND,2005,OTHER,1,1,0,1,0,0,0
NAGALAND,2005,STAMPEDE,0,0,0,0,0,0,0
NAGALAND,2005,SUFFOCATION,0,0,0,0,0,0,0
NAGALAND,2005,TRAFFIC ACCIDENTS(ROAD ACCIDENTS),53,89,23,112,39,3,42
NAGALAND,2005,TRAFFIC ACCIDENTS(RAIL-ROAD ACCIDENTS),0,0,0,0,0,0,0
NAGALAND,2005,OTHER RAILWAY ACCIDENTS,0,0,0,0,0,0,0
NAGALAND,2005,OTHER,0,0,0,0,0,0,0
NAGALAND,2005,CAUSES NOT KNOWN,0,0,0,0,0,0,0
NAGALAND,2005,TOTAL,59,94,23,117,47,3,50
NAGALAND,2005,TOTAL COLLAPSE,0,0,0,0,0,0,0
NAGALAND,2005,TOTAL DROWNING,1,4,0,4,4,0,4
NAGALAND,2005,TOTAL EXPLOSION,1,0,0,0,1,0,1
NAGALAND,2005,TOTAL FALLS,0,0,0,0,0,0,0
NAGALAND,2005,TOTAL FIRE,0,0,0,0,0,0,0
NAGALAND,2005,TOTAL SUDDEN DEATHS,0,0,0,0,0,0,0
NAGALAND,2005,TOTAL POISONING,2,1,0,1,1,0,1
NAGALAND,2005,TOTAL TRAFFIC ACCIDENTS,53,89,23,112,39,3,42
NAGALAND,2006,AIR-CRASH,0,0,0,0,0,0,0
NAGALAND,2006,COLLAPSE OF STRUCTURE(HOUSE),0,0,0,0,0,0,0
NAGALAND,2006,COLLAPSE OF STRUCTURE(BUILDING),0,0,0,0,0,0,0
NAGALAND,2006,COLLAPSE OF STRUCTURE(DAM),0,0,0,0,0,0,0
NAGALAND,2006,COLLAPSE OF STRUCTURE(BRIDGE),0,0,0,0,0,0,0
NAGALAND,2006,COLLAPSE OF STRUCTURE(OTHERS),0,0,0,0,0,0,0
NAGALAND,2006,DROWNING(BOAT CAPSIZE),0,0,0,0,0,0,0
NAGALAND,2006,DROWNING(OTHER),5,0,0,0,4,2,6
NAGALAND,2006,ELECTROCUTION,3,1,0,1,3,0,3
NAGALAND,2006,EXPLOSION(BOMB EXPLOSION),0,0,0,0,0,0,0
NAGALAND,2006,EXPLOSION(OTHER EXPLOSION LIKE BOIL,0,0,0,0,0,0,0
NAGALAND,2006,FALLS(FALL FROM HEIGHT),1,0,0,0,1,0,1
NAGALAND,2006,FALL INTO PIT/MANHOLE,0,0,0,0,0,0,0
NAGALAND,2006,FACTORY/MACHINE ACCIDENTS,0,0,0,0,0,0,0
NAGALAND,2006,FIRE(FIREWORKS/CRACKERS),0,0,0,0,0,0,0
NAGALAND,2006,FIRE(SHORT-CIRCUIT),0,0,0,0,0,0,0
NAGALAND,2006,GAS CYLINDER/STOVE BURST,0,0,0,0,0,0,0
NAGALAND,2006,OTHER FIRE ACCIDENTS,0,0,0,0,0,0,0
NAGALAND,2006,FIRE-ARMS,2,0,0,0,2,0,2
NAGALAND,2006,SUDDEN DEATHS(HEART ATTACKS),0,0,0,0,0,0,0
NAGALAND,2006,EPILEPTIC FITS/GIDDINESS,0,0,0,0,0,0,0
NAGALAND,2006,ABORTIONS/CHILD BIRTH,0,0,0,0,0,0,0
NAGALAND,2006,INFLUENCE OF ALCOHOL,1,0,0,0,1,0,1
NAGALAND,2006,KILLED BY ANIMALS,1,0,0,0,1,0,1
NAGALAND,2006,MINES OR QUARY DISASTER,1,0,0,0,1,0,1
NAGALAND,2006,FOOD POISIONING/ACCIDENTAL INTAKE OF INSECTICIDES ETC.,0,0,0,0,0,0,0
NAGALAND,2006,SPURIOUS/POISIONOUS LIQUOR,0,0,0,0,0,0,0
NAGALAND,2006,LEAKAGE OF POISINOUS GASES ETC.,0,0,0,0,0,0,0
NAGALAND,2006,SNAKE BITE/ANIMAL BITE,0,0,0,0,0,0,0
NAGALAND,2006,OTHER,0,0,0,0,0,0,0
NAGALAND,2006,STAMPEDE,0,0,0,0,0,0,0
NAGALAND,2006,SUFFOCATION,1,0,0,0,1,0,1
NAGALAND,2006,TRAFFIC ACCIDENTS(ROAD ACCIDENTS),77,163,23,186,57,5,62
NAGALAND,2006,TRAFFIC ACCIDENTS(RAIL-ROAD ACCIDENTS),0,0,0,0,0,0,0
NAGALAND,2006,OTHER RAILWAY ACCIDENTS,0,0,0,0,0,0,0
NAGALAND,2006,OTHER,1,0,0,0,7,0,7
NAGALAND,2006,CAUSES NOT KNOWN,0,0,0,0,0,0,0
NAGALAND,2006,TOTAL,93,164,23,187,78,7,85
NAGALAND,2006,TOTAL COLLAPSE,0,0,0,0,0,0,0
NAGALAND,2006,TOTAL DROWNING,5,0,0,0,4,2,6
NAGALAND,2006,TOTAL EXPLOSION,0,0,0,0,0,0,0
NAGALAND,2006,TOTAL FALLS,1,0,0,0,1,0,1
NAGALAND,2006,TOTAL FIRE,0,0,0,0,0,0,0
NAGALAND,2006,TOTAL SUDDEN DEATHS,1,0,0,0,1,0,1
NAGALAND,2006,TOTAL POISONING,0,0,0,0,0,0,0
NAGALAND,2006,TOTAL TRAFFIC ACCIDENTS,77,163,23,186,57,5,62
NAGALAND,2007,AIR-CRASH,0,0,0,0,0,0,0
NAGALAND,2007,COLLAPSE OF STRUCTURE(HOUSE),0,0,0,0,0,0,0
NAGALAND,2007,COLLAPSE OF STRUCTURE(BUILDING),0,0,0,0,0,0,0
NAGALAND,2007,COLLAPSE OF STRUCTURE(DAM),0,0,0,0,0,0,0
NAGALAND,2007,COLLAPSE OF STRUCTURE(BRIDGE),0,0,0,0,0,0,0
NAGALAND,2007,COLLAPSE OF STRUCTURE(OTHERS),1,0,0,0,2,0,2
NAGALAND,2007,DROWNING(BOAT CAPSIZE),0,0,0,0,0,0,0
NAGALAND,2007,DROWNING(OTHER),5,0,0,0,6,0,6
NAGALAND,2007,ELECTROCUTION,0,0,0,0,0,0,0
NAGALAND,2007,EXPLOSION(BOMB EXPLOSION),2,2,0,2,1,0,1
NAGALAND,2007,EXPLOSION(OTHER EXPLOSION LIKE BOIL,0,0,0,0,0,0,0
NAGALAND,2007,FALLS(FALL FROM HEIGHT),3,0,0,0,3,0,3
NAGALAND,2007,FALL INTO PIT/MANHOLE,0,0,0,0,0,0,0
NAGALAND,2007,FACTORY/MACHINE ACCIDENTS,0,0,0,0,0,0,0
NAGALAND,2007,FIRE(FIREWORKS/CRACKERS),0,0,0,0,0,0,0
NAGALAND,2007,FIRE(SHORT-CIRCUIT),3,0,0,0,3,0,3
NAGALAND,2007,GAS CYLINDER/STOVE BURST,0,0,0,0,0,0,0
NAGALAND,2007,OTHER FIRE ACCIDENTS,3,0,0,0,1,2,3
NAGALAND,2007,FIRE-ARMS,3,0,0,0,3,0,3
NAGALAND,2007,SUDDEN DEATHS(HEART ATTACKS),1,0,0,0,1,0,1
NAGALAND,2007,EPILEPTIC FITS/GIDDINESS,0,0,0,0,0,0,0
NAGALAND,2007,ABORTIONS/CHILD BIRTH,0,0,0,0,0,0,0
NAGALAND,2007,INFLUENCE OF ALCOHOL,2,0,0,0,2,0,2
NAGALAND,2007,KILLED BY ANIMALS,0,0,0,0,0,0,0
NAGALAND,2007,MINES OR QUARY DISASTER,4,0,0,0,3,1,4
NAGALAND,2007,FOOD POISIONING/ACCIDENTAL INTAKE OF INSECTICIDES ETC.,0,0,0,0,0,0,0
NAGALAND,2007,SPURIOUS/POISIONOUS LIQUOR,0,0,0,0,0,0,0
NAGALAND,2007,LEAKAGE OF POISINOUS GASES ETC.,0,0,0,0,0,0,0
NAGALAND,2007,SNAKE BITE/ANIMAL BITE,0,0,0,0,0,0,0
NAGALAND,2007,OTHER,0,0,0,0,0,0,0
NAGALAND,2007,STAMPEDE,0,0,0,0,0,0,0
NAGALAND,2007,SUFFOCATION,0,0,0,0,0,0,0
NAGALAND,2007,TRAFFIC ACCIDENTS(ROAD ACCIDENTS),75,191,32,223,75,17,92
NAGALAND,2007,TRAFFIC ACCIDENTS(RAIL-ROAD ACCIDENTS),0,0,0,0,0,0,0
NAGALAND,2007,OTHER RAILWAY ACCIDENTS,0,0,0,0,0,0,0
NAGALAND,2007,OTHER,0,0,0,0,0,0,0
NAGALAND,2007,CAUSES NOT KNOWN,0,0,0,0,0,0,0
NAGALAND,2007,TOTAL,102,193,32,225,100,20,120
NAGALAND,2007,TOTAL COLLAPSE,1,0,0,0,2,0,2
NAGALAND,2007,TOTAL DROWNING,5,0,0,0,6,0,6
NAGALAND,2007,TOTAL EXPLOSION,2,2,0,2,1,0,1
NAGALAND,2007,TOTAL FALLS,3,0,0,0,3,0,3
NAGALAND,2007,TOTAL FIRE,6,0,0,0,4,2,6
NAGALAND,2007,TOTAL SUDDEN DEATHS,3,0,0,0,3,0,3
NAGALAND,2007,TOTAL POISONING,0,0,0,0,0,0,0
NAGALAND,2007,TOTAL TRAFFIC ACCIDENTS,75,191,32,223,75,17,92
NAGALAND,2008,AIR-CRASH,0,0,0,0,0,0,0
NAGALAND,2008,COLLAPSE OF STRUCTURE(HOUSE),0,0,0,0,0,0,0
NAGALAND,2008,COLLAPSE OF STRUCTURE(BUILDING),0,0,0,0,0,0,0
NAGALAND,2008,COLLAPSE OF STRUCTURE(DAM),0,0,0,0,0,0,0
NAGALAND,2008,COLLAPSE OF STRUCTURE(BRIDGE),0,0,0,0,0,0,0
NAGALAND,2008,COLLAPSE OF STRUCTURE(OTHERS),0,0,0,0,0,0,0
NAGALAND,2008,DROWNING(BOAT CAPSIZE),0,0,0,0,0,0,0
NAGALAND,2008,DROWNING(OTHER),12,0,0,0,12,0,12
NAGALAND,2008,ELECTROCUTION,4,0,0,0,4,0,4
NAGALAND,2008,EXPLOSION(BOMB EXPLOSION),0,0,0,0,0,0,0
NAGALAND,2008,EXPLOSION(OTHER EXPLOSION LIKE BOIL,0,0,0,0,0,0,0
NAGALAND,2008,FALLS(FALL FROM HEIGHT),2,0,0,0,10,0,10
NAGALAND,2008,FALL INTO PIT/MANHOLE,0,0,0,0,0,0,0
NAGALAND,2008,FACTORY/MACHINE ACCIDENTS,0,0,0,0,0,0,0
NAGALAND,2008,FIRE(FIREWORKS/CRACKERS),0,0,0,0,0,0,0
NAGALAND,2008,FIRE(SHORT-CIRCUIT),0,0,0,0,0,0,0
NAGALAND,2008,GAS CYLINDER/STOVE BURST,0,0,0,0,0,0,0
NAGALAND,2008,OTHER FIRE ACCIDENTS,8,0,0,0,4,4,8
NAGALAND,2008,FIRE-ARMS,10,2,0,2,18,0,18
NAGALAND,2008,SUDDEN DEATHS(HEART ATTACKS),4,0,0,0,4,0,4
NAGALAND,2008,EPILEPTIC FITS/GIDDINESS,0,0,0,0,0,0,0
NAGALAND,2008,ABORTIONS/CHILD BIRTH,0,0,0,0,0,0,0
NAGALAND,2008,INFLUENCE OF ALCOHOL,0,0,0,0,0,0,0
NAGALAND,2008,KILLED BY ANIMALS,0,0,0,0,0,0,0
NAGALAND,2008,MINES OR QUARY DISASTER,2,0,0,0,2,0,2
NAGALAND,2008,FOOD POISIONING/ACCIDENTAL INTAKE OF INSECTICIDES ETC.,0,0,0,0,0,0,0
NAGALAND,2008,SPURIOUS/POISIONOUS LIQUOR,0,0,0,0,0,0,0
NAGALAND,2008,LEAKAGE OF POISINOUS GASES ETC.,0,0,0,0,0,0,0
NAGALAND,2008,SNAKE BITE/ANIMAL BITE,0,0,0,0,0,0,0
NAGALAND,2008,OTHER,0,0,0,0,0,0,0
NAGALAND,2008,STAMPEDE,0,0,0,0,0,0,0
NAGALAND,2008,SUFFOCATION,0,0,0,0,0,0,0
NAGALAND,2008,TRAFFIC ACCIDENTS(ROAD ACCIDENTS),126,312,36,348,106,10,116
NAGALAND,2008,TRAFFIC ACCIDENTS(RAIL-ROAD ACCIDENTS),2,0,0,0,2,0,2
NAGALAND,2008,OTHER RAILWAY ACCIDENTS,10,0,0,0,8,2,10
NAGALAND,2008,OTHER,0,0,0,0,0,0,0
NAGALAND,2008,CAUSES NOT KNOWN,2,6,0,6,6,0,6
NAGALAND,2008,TOTAL,182,320,36,356,176,16,192
NAGALAND,2008,TOTAL COLLAPSE,0,0,0,0,0,0,0
NAGALAND,2008,TOTAL DROWNING,12,0,0,0,12,0,12
NAGALAND,2008,TOTAL EXPLOSION,0,0,0,0,0,0,0
NAGALAND,2008,TOTAL FALLS,2,0,0,0,10,0,10
NAGALAND,2008,TOTAL FIRE,8,0,0,0,4,4,8
NAGALAND,2008,TOTAL SUDDEN DEATHS,4,0,0,0,4,0,4
NAGALAND,2008,TOTAL POISONING,0,0,0,0,0,0,0
NAGALAND,2008,TOTAL TRAFFIC ACCIDENTS,138,312,36,348,116,12,128
NAGALAND,2009,AIR-CRASH,0,0,0,0,0,0,0
NAGALAND,2009,COLLAPSE OF STRUCTURE(HOUSE),0,0,0,0,0,0,0
NAGALAND,2009,COLLAPSE OF STRUCTURE(BUILDING),0,0,0,0,0,0,0
NAGALAND,2009,COLLAPSE OF STRUCTURE(DAM),0,0,0,0,0,0,0
NAGALAND,2009,COLLAPSE OF STRUCTURE(BRIDGE),0,0,0,0,0,0,0
NAGALAND,2009,COLLAPSE OF STRUCTURE(OTHERS),0,0,0,0,0,0,0
NAGALAND,2009,DROWNING(BOAT CAPSIZE),0,0,0,0,0,0,0
NAGALAND,2009,DROWNING(OTHER),3,0,0,0,3,0,3
NAGALAND,2009,ELECTROCUTION,1,0,0,0,1,0,1
NAGALAND,2009,EXPLOSION(BOMB EXPLOSION),0,0,0,0,0,0,0
NAGALAND,2009,EXPLOSION(OTHER EXPLOSION LIKE BOIL,0,0,0,0,0,0,0
NAGALAND,2009,FALLS(FALL FROM HEIGHT),1,0,0,0,1,0,1
NAGALAND,2009,FALL INTO PIT/MANHOLE,0,0,0,0,0,0,0
NAGALAND,2009,FACTORY/MACHINE ACCIDENTS,0,0,0,0,0,0,0
NAGALAND,2009,FIRE(FIREWORKS/CRACKERS),0,0,0,0,0,0,0
NAGALAND,2009,FIRE(SHORT-CIRCUIT),2,0,0,0,0,2,2
NAGALAND,2009,GAS CYLINDER/STOVE BURST,0,0,0,0,0,0,0
NAGALAND,2009,OTHER FIRE ACCIDENTS,0,0,0,0,0,0,0
NAGALAND,2009,FIRE-ARMS,3,0,0,0,3,0,3
NAGALAND,2009,SUDDEN DEATHS(HEART ATTACKS),0,0,0,0,0,0,0
NAGALAND,2009,EPILEPTIC FITS/GIDDINESS,0,0,0,0,0,0,0
NAGALAND,2009,ABORTIONS/CHILD BIRTH,0,0,0,0,0,0,0
NAGALAND,2009,INFLUENCE OF ALCOHOL,0,0,0,0,0,0,0
NAGALAND,2009,KILLED BY ANIMALS,0,0,0,0,0,0,0
NAGALAND,2009,MINES OR QUARY DISASTER,2,0,0,0,2,0,2
NAGALAND,2009,FOOD POISIONING/ACCIDENTAL INTAKE OF INSECTICIDES ETC.,0,0,0,0,0,0,0
NAGALAND,2009,SPURIOUS/POISIONOUS LIQUOR,0,0,0,0,0,0,0
NAGALAND,2009,LEAKAGE OF POISINOUS GASES ETC.,0,0,0,0,0,0,0
NAGALAND,2009,SNAKE BITE/ANIMAL BITE,0,0,0,0,0,0,0
NAGALAND,2009,OTHER,1,0,0,0,1,0,1
NAGALAND,2009,STAMPEDE,0,0,0,0,0,0,0
NAGALAND,2009,SUFFOCATION,0,0,0,0,0,0,0
NAGALAND,2009,TRAFFIC ACCIDENTS(ROAD ACCIDENTS),47,108,10,118,46,4,50
NAGALAND,2009,TRAFFIC ACCIDENTS(RAIL-ROAD ACCIDENTS),0,0,0,0,0,0,0
NAGALAND,2009,OTHER RAILWAY ACCIDENTS,0,0,0,0,0,0,0
NAGALAND,2009,OTHER,0,0,0,0,0,0,0
NAGALAND,2009,CAUSES NOT KNOWN,1,0,0,0,1,0,1
NAGALAND,2009,TOTAL,61,108,10,118,58,6,64
NAGALAND,2009,TOTAL COLLAPSE,0,0,0,0,0,0,0
NAGALAND,2009,TOTAL DROWNING,3,0,0,0,3,0,3
NAGALAND,2009,TOTAL EXPLOSION,0,0,0,0,0,0,0
NAGALAND,2009,TOTAL FALLS,1,0,0,0,1,0,1
NAGALAND,2009,TOTAL FIRE,2,0,0,0,0,2,2
NAGALAND,2009,TOTAL SUDDEN DEATHS,0,0,0,0,0,0,0
NAGALAND,2009,TOTAL POISONING,1,0,0,0,1,0,1
NAGALAND,2009,TOTAL TRAFFIC ACCIDENTS,47,108,10,118,46,4,50
NAGALAND,2010,AIR-CRASH,1,0,0,0,3,0,3
NAGALAND,2010,COLLAPSE OF STRUCTURE(HOUSE),0,0,0,0,0,0,0
NAGALAND,2010,COLLAPSE OF STRUCTURE(BUILDING),0,0,0,0,0,0,0
NAGALAND,2010,COLLAPSE OF STRUCTURE(DAM),0,0,0,0,0,0,0
NAGALAND,2010,COLLAPSE OF STRUCTURE(BRIDGE),0,0,0,0,0,0,0
NAGALAND,2010,COLLAPSE OF STRUCTURE(OTHERS),0,0,0,0,0,0,0
NAGALAND,2010,DROWNING(BOAT CAPSIZE),0,0,0,0,0,0,0
NAGALAND,2010,DROWNING(OTHER),4,0,0,0,3,1,4
NAGALAND,2010,ELECTROCUTION,1,2,0,2,2,0,2
NAGALAND,2010,EXPLOSION(BOMB EXPLOSION),0,0,0,0,0,0,0
NAGALAND,2010,EXPLOSION(OTHER EXPLOSION LIKE BOIL,0,0,0,0,0,0,0
NAGALAND,2010,FALLS(FALL FROM HEIGHT),2,0,0,0,2,0,2
NAGALAND,2010,FALL INTO PIT/MANHOLE,1,0,0,0,1,0,1
NAGALAND,2010,FACTORY/MACHINE ACCIDENTS,0,0,0,0,0,0,0
NAGALAND,2010,FIRE(FIREWORKS/CRACKERS),0,0,0,0,0,0,0
NAGALAND,2010,FIRE(SHORT-CIRCUIT),0,0,0,0,0,0,0
NAGALAND,2010,GAS CYLINDER/STOVE BURST,1,0,0,0,1,0,1
NAGALAND,2010,OTHER FIRE ACCIDENTS,1,0,0,0,1,0,1
NAGALAND,2010,FIRE-ARMS,0,0,0,0,0,0,0
NAGALAND,2010,SUDDEN DEATHS(HEART ATTACKS),1,0,0,0,1,0,1
NAGALAND,2010,EPILEPTIC FITS/GIDDINESS,0,0,0,0,0,0,0
NAGALAND,2010,ABORTIONS/CHILD BIRTH,0,0,0,0,0,0,0
NAGALAND,2010,INFLUENCE OF ALCOHOL,0,0,0,0,0,0,0
NAGALAND,2010,KILLED BY ANIMALS,0,0,0,0,0,0,0
NAGALAND,2010,MINES OR QUARY DISASTER,0,0,0,0,0,0,0
NAGALAND,2010,FOOD POISIONING/ACCIDENTAL INTAKE OF INSECTICIDES ETC.,0,0,0,0,0,0,0
NAGALAND,2010,SPURIOUS/POISIONOUS LIQUOR,0,0,0,0,0,0,0
NAGALAND,2010,LEAKAGE OF POISINOUS GASES ETC.,0,0,0,0,0,0,0
NAGALAND,2010,SNAKE BITE/ANIMAL BITE,0,0,0,0,0,0,0
NAGALAND,2010,OTHER,1,0,0,0,1,0,1
NAGALAND,2010,STAMPEDE,0,0,0,0,0,0,0
NAGALAND,2010,SUFFOCATION,0,0,0,0,0,0,0
NAGALAND,2010,TRAFFIC ACCIDENTS(ROAD ACCIDENTS),44,82,41,123,35,9,44
NAGALAND,2010,TRAFFIC ACCIDENTS(RAIL-ROAD ACCIDENTS),0,0,0,0,0,0,0
NAGALAND,2010,OTHER RAILWAY ACCIDENTS,0,0,0,0,0,0,0
NAGALAND,2010,OTHER,0,0,0,0,0,0,0
NAGALAND,2010,CAUSES NOT KNOWN,0,0,0,0,0,0,0
NAGALAND,2010,TOTAL,57,84,41,125,50,10,60
NAGALAND,2010,TOTAL COLLAPSE,0,0,0,0,0,0,0
NAGALAND,2010,TOTAL DROWNING,4,0,0,0,3,1,4
NAGALAND,2010,TOTAL EXPLOSION,0,0,0,0,0,0,0
NAGALAND,2010,TOTAL FALLS,3,0,0,0,3,0,3
NAGALAND,2010,TOTAL FIRE,2,0,0,0,2,0,2
NAGALAND,2010,TOTAL SUDDEN DEATHS,1,0,0,0,1,0,1
NAGALAND,2010,TOTAL POISONING,1,0,0,0,1,0,1
NAGALAND,2010,TOTAL TRAFFIC ACCIDENTS,44,82,41,123,35,9,44
NAGALAND,2011,AIR-CRASH,0,0,0,0,0,0,0
NAGALAND,2011,COLLAPSE OF STRUCTURE(HOUSE),0,0,0,0,0,0,0
NAGALAND,2011,COLLAPSE OF STRUCTURE(BUILDING),0,0,0,0,0,0,0
NAGALAND,2011,COLLAPSE OF STRUCTURE(DAM),0,0,0,0,0,0,0
NAGALAND,2011,COLLAPSE OF STRUCTURE(BRIDGE),0,0,0,0,0,0,0
NAGALAND,2011,COLLAPSE OF STRUCTURE(OTHERS),0,0,0,0,0,0,0
NAGALAND,2011,DROWNING(BOAT CAPSIZE),0,0,0,0,0,0,0
NAGALAND,2011,DROWNING(OTHER),8,0,0,0,7,2,9
NAGALAND,2011,ELECTROCUTION,2,0,0,0,2,0,2
NAGALAND,2011,EXPLOSION(BOMB EXPLOSION),0,0,0,0,0,0,0
NAGALAND,2011,EXPLOSION(OTHER EXPLOSION LIKE BOIL,0,0,0,0,0,0,0
NAGALAND,2011,FALLS(FALL FROM HEIGHT),4,0,0,0,4,0,4
NAGALAND,2011,FALL INTO PIT/MANHOLE,0,0,0,0,0,0,0
NAGALAND,2011,FACTORY/MACHINE ACCIDENTS,0,0,0,0,0,0,0
NAGALAND,2011,FIRE(FIREWORKS/CRACKERS),0,0,0,0,0,0,0
NAGALAND,2011,FIRE(SHORT-CIRCUIT),0,0,0,0,0,0,0
NAGALAND,2011,GAS CYLINDER/STOVE BURST,0,0,0,0,0,0,0
NAGALAND,2011,OTHER FIRE ACCIDENTS,2,0,0,0,2,3,5
NAGALAND,2011,FIRE-ARMS,6,0,0,0,6,0,6
NAGALAND,2011,SUDDEN DEATHS(HEART ATTACKS),1,0,0,0,1,0,1
NAGALAND,2011,EPILEPTIC FITS/GIDDINESS,0,0,0,0,0,0,0
NAGALAND,2011,ABORTIONS/CHILD BIRTH,0,0,0,0,0,0,0
NAGALAND,2011,INFLUENCE OF ALCOHOL,0,0,0,0,0,0,0
NAGALAND,2011,KILLED BY ANIMALS,0,0,0,0,0,0,0
NAGALAND,2011,MINES OR QUARY DISASTER,0,0,0,0,0,0,0
NAGALAND,2011,FOOD POISIONING/ACCIDENTAL INTAKE OF INSECTICIDES ETC.,0,0,0,0,0,0,0
NAGALAND,2011,SPURIOUS/POISIONOUS LIQUOR,0,0,0,0,0,0,0
NAGALAND,2011,LEAKAGE OF POISINOUS GASES ETC.,1,0,0,0,2,0,2
NAGALAND,2011,SNAKE BITE/ANIMAL BITE,0,0,0,0,0,0,0
NAGALAND,2011,OTHER,0,0,0,0,0,0,0
NAGALAND,2011,STAMPEDE,0,0,0,0,0,0,0
NAGALAND,2011,SUFFOCATION,0,0,0,0,0,0,0
NAGALAND,2011,TRAFFIC ACCIDENTS(ROAD ACCIDENTS),32,90,4,94,32,4,36
NAGALAND,2011,TRAFFIC ACCIDENTS(RAIL-ROAD ACCIDENTS),3,0,0,0,3,0,3
NAGALAND,2011,OTHER RAILWAY ACCIDENTS,0,0,0,0,0,0,0
NAGALAND,2011,OTHER,0,0,0,0,0,0,0
NAGALAND,2011,CAUSES NOT KNOWN,0,0,0,0,0,0,0
NAGALAND,2011,TOTAL,59,90,4,94,59,9,68
NAGALAND,2011,TOTAL COLLAPSE,0,0,0,0,0,0,0
NAGALAND,2011,TOTAL DROWNING,8,0,0,0,7,2,9
NAGALAND,2011,TOTAL EXPLOSION,0,0,0,0,0,0,0
NAGALAND,2011,TOTAL FALLS,4,0,0,0,4,0,4
NAGALAND,2011,TOTAL FIRE,2,0,0,0,2,3,5
NAGALAND,2011,TOTAL SUDDEN DEATHS,1,0,0,0,1,0,1
NAGALAND,2011,TOTAL POISONING,1,0,0,0,2,0,2
NAGALAND,2011,TOTAL TRAFFIC ACCIDENTS,35,90,4,94,35,4,39
NAGALAND,2012,AIR-CRASH,0,0,0,0,0,0,0
NAGALAND,2012,COLLAPSE OF STRUCTURE(HOUSE),0,0,0,0,0,0,0
NAGALAND,2012,COLLAPSE OF STRUCTURE(BUILDING),0,0,0,0,0,0,0
NAGALAND,2012,COLLAPSE OF STRUCTURE(DAM),0,0,0,0,0,0,0
NAGALAND,2012,COLLAPSE OF STRUCTURE(BRIDGE),0,0,0,0,0,0,0
NAGALAND,2012,COLLAPSE OF STRUCTURE(OTHERS),0,0,0,0,0,0,0
NAGALAND,2012,DROWNING(BOAT CAPSIZE),0,0,0,0,0,0,0
NAGALAND,2012,DROWNING(OTHER),1,0,0,0,1,0,1
NAGALAND,2012,ELECTROCUTION,1,0,0,0,1,0,1
NAGALAND,2012,EXPLOSION(BOMB EXPLOSION),0,0,0,0,0,0,0
NAGALAND,2012,EXPLOSION(OTHER EXPLOSION LIKE BOIL,0,0,0,0,0,0,0
NAGALAND,2012,FALLS(FALL FROM HEIGHT),3,0,0,0,2,1,3
NAGALAND,2012,FALL INTO PIT/MANHOLE,1,0,0,0,1,0,1
NAGALAND,2012,FACTORY/MACHINE ACCIDENTS,0,0,0,0,0,0,0
NAGALAND,2012,FIRE(FIREWORKS/CRACKERS),0,0,0,0,0,0,0
NAGALAND,2012,FIRE(SHORT-CIRCUIT),0,0,0,0,0,0,0
NAGALAND,2012,GAS CYLINDER/STOVE BURST,0,0,0,0,0,0,0
NAGALAND,2012,OTHER FIRE ACCIDENTS,2,0,0,0,4,1,5
NAGALAND,2012,FIRE-ARMS,4,0,0,0,4,0,4
NAGALAND,2012,SUDDEN DEATHS(HEART ATTACKS),4,0,0,0,4,0,4
NAGALAND,2012,EPILEPTIC FITS/GIDDINESS,0,0,0,0,0,0,0
NAGALAND,2012,ABORTIONS/CHILD BIRTH,0,0,0,0,0,0,0
NAGALAND,2012,INFLUENCE OF ALCOHOL,0,0,0,0,0,0,0
NAGALAND,2012,KILLED BY ANIMALS,1,0,0,0,0,1,1
NAGALAND,2012,MINES OR QUARY DISASTER,0,0,0,0,0,0,0
NAGALAND,2012,FOOD POISIONING/ACCIDENTAL INTAKE OF INSECTICIDES ETC.,0,0,0,0,0,0,0
NAGALAND,2012,SPURIOUS/POISIONOUS LIQUOR,0,0,0,0,0,0,0
NAGALAND,2012,LEAKAGE OF POISINOUS GASES ETC.,0,0,0,0,0,0,0
NAGALAND,2012,SNAKE BITE/ANIMAL BITE,0,0,0,0,0,0,0
NAGALAND,2012,OTHER,0,0,0,0,0,0,0
NAGALAND,2012,STAMPEDE,0,0,0,0,0,0,0
NAGALAND,2012,SUFFOCATION,0,0,0,0,0,0,0
NAGALAND,2012,TRAFFIC ACCIDENTS(ROAD ACCIDENTS),42,32,6,38,49,7,56
NAGALAND,2012,TRAFFIC ACCIDENTS(RAIL-ROAD ACCIDENTS),0,0,0,0,0,0,0
NAGALAND,2012,OTHER RAILWAY ACCIDENTS,0,0,0,0,0,0,0
NAGALAND,2012,OTHER,7,0,0,0,6,1,7
NAGALAND,2012,CAUSES NOT KNOWN,0,0,0,0,0,0,0
NAGALAND,2012,TOTAL,66,32,6,38,72,11,83
NAGALAND,2012,TOTAL COLLAPSE,0,0,0,0,0,0,0
NAGALAND,2012,TOTAL DROWNING,1,0,0,0,1,0,1
NAGALAND,2012,TOTAL EXPLOSION,0,0,0,0,0,0,0
NAGALAND,2012,TOTAL FALLS,4,0,0,0,3,1,4
NAGALAND,2012,TOTAL FIRE,2,0,0,0,4,1,5
NAGALAND,2012,TOTAL SUDDEN DEATHS,4,0,0,0,4,0,4
NAGALAND,2012,TOTAL POISONING,0,0,0,0,0,0,0
NAGALAND,2012,TOTAL TRAFFIC ACCIDENTS,42,32,6,38,49,7,56
ODISHA,2001,AIR-CRASH,0,0,0,0,0,0,0
ODISHA,2001,COLLAPSE OF STRUCTURE(HOUSE),3,0,0,0,3,2,5
ODISHA,2001,COLLAPSE OF STRUCTURE(BUILDING),1,0,0,0,1,0,1
ODISHA,2001,COLLAPSE OF STRUCTURE(DAM),0,0,0,0,0,0,0
ODISHA,2001,COLLAPSE OF STRUCTURE(BRIDGE),0,0,0,0,0,0,0
ODISHA,2001,COLLAPSE OF STRUCTURE(OTHERS),21,9,3,12,14,6,20
ODISHA,2001,DROWNING(BOAT CAPSIZE),30,2,2,4,27,3,30
ODISHA,2001,DROWNING(OTHER),624,18,10,28,428,181,609
ODISHA,2001,ELECTROCUTION,158,2,0,2,127,33,160
ODISHA,2001,EXPLOSION(BOMB EXPLOSION),1,0,0,0,1,0,1
ODISHA,2001,EXPLOSION(OTHER EXPLOSION LIKE BOILERS,,6,0,3,3,3,0,3
ODISHA,2001,FALLS(FALL FROM HEIGHT),310,15,12,27,218,77,295
ODISHA,2001,FALL INTO PIT/MANHOLE,15,0,0,0,12,3,15
ODISHA,2001,FACTORY/MACHINE ACCIDENTS,10,1,1,2,8,0,8
ODISHA,2001,FIRE(FIREWORKS/CRACKERS),3,1,0,1,2,0,2
ODISHA,2001,FIRE(SHORT-CIRCUIT),21,0,0,0,9,14,23
ODISHA,2001,GAS CYLINDER/STOVE BURST,30,0,0,0,9,22,31
ODISHA,2001,OTHER FIRE ACCIDENTS,194,6,3,9,77,116,193
ODISHA,2001,FIRE-ARMS,3,0,0,0,4,0,4
ODISHA,2001,SUDDEN DEATHS(HEART ATTACKS),102,0,0,0,81,21,102
ODISHA,2001,EPILEPTIC FITS/GIDDINESS,56,0,0,0,43,13,56
ODISHA,2001,ABORTIONS/CHILD BIRTH,2,0,0,0,0,2,2
ODISHA,2001,INFLUENCE OF ALCOHOL,37,0,0,0,30,7,37
ODISHA,2001,KILLED BY ANIMALS,96,0,0,0,68,28,96
ODISHA,2001,MINES OR QUARY DISASTER,8,0,0,0,1,7,8
ODISHA,2001,FOOD POISIONING/ACCIDENTAL INTAKE OF INSECTICIDES ETC.,111,0,0,0,75,43,118
ODISHA,2001,SPURIOUS/POISIONOUS LIQUOR,33,0,0,0,15,18,33
ODISHA,2001,LEAKAGE OF POISINOUS GASES ETC.,0,0,0,0,0,0,0
ODISHA,2001,SNAKE BITE/ANIMAL BITE,388,0,0,0,233,155,388
ODISHA,2001,OTHER,468,1,0,1,294,181,475
ODISHA,2001,STAMPEDE,0,0,0,0,0,0,0
ODISHA,2001,SUFFOCATION,9,6,2,8,7,2,9
ODISHA,2001,TRAFFIC ACCIDENTS(ROAD ACCIDENTS),6406,6073,1668,7741,1565,375,1940
ODISHA,2001,TRAFFIC ACCIDENTS(RAIL-ROAD ACCIDENTS),6,11,3,14,2,0,2
ODISHA,2001,OTHER RAILWAY ACCIDENTS,339,0,0,0,281,61,342
ODISHA,2001,OTHER,552,0,2,2,395,158,553
ODISHA,2001,CAUSES NOT KNOWN,488,3,1,4,327,191,518
ODISHA,2001,TOTAL,10531,6148,1710,7858,4360,1719,6079
ODISHA,2001,TOTAL COLLAPSE,25,9,3,12,18,8,26
ODISHA,2001,TOTAL DROWNING,654,20,12,32,455,184,639
ODISHA,2001,TOTAL EXPLOSION,7,0,3,3,4,0,4
ODISHA,2001,TOTAL FALLS,325,15,12,27,230,80,310
ODISHA,2001,TOTAL FIRE,248,7,3,10,97,152,249
ODISHA,2001,TOTAL SUDDEN DEATHS,197,0,0,0,154,43,197
ODISHA,2001,TOTAL POISONING,1000,1,0,1,617,397,1014
ODISHA,2001,TOTAL TRAFFIC ACCIDENTS,6751,6084,1671,7755,1848,436,2284
ODISHA,2002,AIR-CRASH,0,0,0,0,0,0,0
ODISHA,2002,COLLAPSE OF STRUCTURE(HOUSE),6,0,0,0,6,2,8
ODISHA,2002,COLLAPSE OF STRUCTURE(BUILDING),1,0,0,0,1,0,1
ODISHA,2002,COLLAPSE OF STRUCTURE(DAM),0,0,0,0,0,0,0
ODISHA,2002,COLLAPSE OF STRUCTURE(BRIDGE),0,0,0,0,0,0,0
ODISHA,2002,COLLAPSE OF STRUCTURE(OTHERS),30,0,0,0,24,6,30
ODISHA,2002,DROWNING(BOAT CAPSIZE),28,6,1,7,16,6,22
ODISHA,2002,DROWNING(OTHER),372,9,5,14,258,103,361
ODISHA,2002,ELECTROCUTION,155,0,0,0,133,25,158
ODISHA,2002,EXPLOSION(BOMB EXPLOSION),2,0,0,0,2,0,2
ODISHA,2002,EXPLOSION(OTHER EXPLOSION LIKE BOILERS, GAS CYLINDER ETC.),1,0,0,0,0,2,2
ODISHA,2002,FALLS(FALL FROM HEIGHT),319,22,10,32,228,60,288
ODISHA,2002,FALL INTO PIT/MANHOLE,8,0,0,0,3,5,8
ODISHA,2002,FACTORY/MACHINE ACCIDENTS,12,1,0,1,8,3,11
ODISHA,2002,FIRE(FIREWORKS/CRACKERS),0,0,0,0,0,0,0
ODISHA,2002,FIRE(SHORT-CIRCUIT),60,1,0,1,50,10,60
ODISHA,2002,GAS CYLINDER/STOVE BURST,74,0,0,0,13,61,74
ODISHA,2002,OTHER FIRE ACCIDENTS,139,1,3,4,59,86,145
ODISHA,2002,FIRE-ARMS,6,0,0,0,6,1,7
ODISHA,2002,SUDDEN DEATHS(HEART ATTACKS),92,14,0,14,63,17,80
ODISHA,2002,EPILEPTIC FITS/GIDDINESS,41,0,0,0,32,9,41
ODISHA,2002,ABORTIONS/CHILD BIRTH,11,0,0,0,0,11,11
ODISHA,2002,INFLUENCE OF ALCOHOL,37,0,0,0,30,7,37
ODISHA,2002,KILLED BY ANIMALS,60,0,0,0,40,21,61
ODISHA,2002,MINES OR QUARY DISASTER,235,14,5,19,146,70,216
ODISHA,2002,FOOD POISIONING/ACCIDENTAL INTAKE OF INSECTICIDES ETC.,180,7,2,9,116,77,193
ODISHA,2002,SPURIOUS/POISIONOUS LIQUOR,4,0,0,0,3,1,4
ODISHA,2002,LEAKAGE OF POISINOUS GASES ETC.,3,0,0,0,2,1,3
ODISHA,2002,SNAKE BITE/ANIMAL BITE,414,2,1,3,294,121,415
ODISHA,2002,OTHER,360,0,0,0,258,106,364
ODISHA,2002,STAMPEDE,0,0,0,0,0,0,0
ODISHA,2002,SUFFOCATION,69,0,0,0,64,6,70
ODISHA,2002,TRAFFIC ACCIDENTS(ROAD ACCIDENTS),6850,7323,1415,8738,1825,300,2125
ODISHA,2002,TRAFFIC ACCIDENTS(RAIL-ROAD ACCIDENTS),6,0,0,0,6,0,6
ODISHA,2002,OTHER RAILWAY ACCIDENTS,341,0,0,0,287,57,344
ODISHA,2002,OTHER,382,0,0,0,280,115,395
ODISHA,2002,CAUSES NOT KNOWN,983,29,16,45,663,293,956
ODISHA,2002,TOTAL,11281,7429,1458,8887,4916,1582,6498
ODISHA,2002,TOTAL COLLAPSE,37,0,0,0,31,8,39
ODISHA,2002,TOTAL DROWNING,400,15,6,21,274,109,383
ODISHA,2002,TOTAL EXPLOSION,3,0,0,0,2,2,4
ODISHA,2002,TOTAL FALLS,327,22,10,32,231,65,296
ODISHA,2002,TOTAL FIRE,273,2,3,5,122,157,279
ODISHA,2002,TOTAL SUDDEN DEATHS,181,14,0,14,125,44,169
ODISHA,2002,TOTAL POISONING,961,9,3,12,673,306,979
ODISHA,2002,TOTAL TRAFFIC ACCIDENTS,7197,7323,1415,8738,2118,357,2475
ODISHA,2003,AIR-CRASH,0,0,0,0,0,0,0
ODISHA,2003,COLLAPSE OF STRUCTURE(HOUSE),13,0,0,0,9,8,17
ODISHA,2003,COLLAPSE OF STRUCTURE(BUILDING),6,0,0,0,5,5,10
ODISHA,2003,COLLAPSE OF STRUCTURE(DAM),0,0,0,0,0,0,0
ODISHA,2003,COLLAPSE OF STRUCTURE(BRIDGE),0,0,0,0,0,0,0
ODISHA,2003,COLLAPSE OF STRUCTURE(OTHERS),24,0,0,0,10,15,25
ODISHA,2003,DROWNING(BOAT CAPSIZE),38,2,0,2,29,17,46
ODISHA,2003,DROWNING(OTHER),371,1,0,1,254,132,386
ODISHA,2003,ELECTROCUTION,173,5,3,8,141,37,178
ODISHA,2003,EXPLOSION(BOMB EXPLOSION),0,0,0,0,0,0,0
ODISHA,2003,EXPLOSION(OTHER EXPLOSION LIKE BOILERS,,9,4,1,5,9,2,11
ODISHA,2003,FALLS(FALL FROM HEIGHT),322,39,11,50,296,48,344
ODISHA,2003,FALL INTO PIT/MANHOLE,19,0,0,0,21,4,25
ODISHA,2003,FACTORY/MACHINE ACCIDENTS,10,0,0,0,7,3,10
ODISHA,2003,FIRE(FIREWORKS/CRACKERS),6,0,0,0,5,2,7
ODISHA,2003,FIRE(SHORT-CIRCUIT),49,0,0,0,45,5,50
ODISHA,2003,GAS CYLINDER/STOVE BURST,25,0,0,0,1,24,25
ODISHA,2003,OTHER FIRE ACCIDENTS,290,17,4,21,147,152,299
ODISHA,2003,FIRE-ARMS,1,0,0,0,3,0,3
ODISHA,2003,SUDDEN DEATHS(HEART ATTACKS),119,0,0,0,84,38,122
ODISHA,2003,EPILEPTIC FITS/GIDDINESS,50,0,0,0,36,14,50
ODISHA,2003,ABORTIONS/CHILD BIRTH,15,0,0,0,0,15,15
ODISHA,2003,INFLUENCE OF ALCOHOL,29,0,0,0,29,0,29
ODISHA,2003,KILLED BY ANIMALS,67,0,0,0,45,22,67
ODISHA,2003,MINES OR QUARY DISASTER,64,0,0,0,36,28,64
ODISHA,2003,FOOD POISIONING/ACCIDENTAL INTAKE OF INSECTICIDES ETC.,386,31,9,40,252,138,390
ODISHA,2003,SPURIOUS/POISIONOUS LIQUOR,1,0,0,0,1,0,1
ODISHA,2003,LEAKAGE OF POISINOUS GASES ETC.,1,0,0,0,1,0,1
ODISHA,2003,SNAKE BITE/ANIMAL BITE,462,0,0,0,303,186,489
ODISHA,2003,OTHER,336,0,0,0,245,95,340
ODISHA,2003,STAMPEDE,0,0,0,0,0,0,0
ODISHA,2003,SUFFOCATION,88,0,0,0,61,34,95
ODISHA,2003,TRAFFIC ACCIDENTS(ROAD ACCIDENTS),6675,6971,1569,8540,1941,380,2321
ODISHA,2003,TRAFFIC ACCIDENTS(RAIL-ROAD ACCIDENTS),4,0,0,0,2,2,4
ODISHA,2003,OTHER RAILWAY ACCIDENTS,407,9,2,11,301,108,409
ODISHA,2003,OTHER,370,0,0,0,274,111,385
ODISHA,2003,CAUSES NOT KNOWN,872,49,23,72,596,290,886
ODISHA,2003,TOTAL,11302,7128,1622,8750,5189,1915,7104
ODISHA,2003,TOTAL COLLAPSE,43,0,0,0,24,28,52
ODISHA,2003,TOTAL DROWNING,409,3,0,3,283,149,432
ODISHA,2003,TOTAL EXPLOSION,9,4,1,5,9,2,11
ODISHA,2003,TOTAL FALLS,341,39,11,50,317,52,369
ODISHA,2003,TOTAL FIRE,370,17,4,21,198,183,381
ODISHA,2003,TOTAL SUDDEN DEATHS,213,0,0,0,149,67,216
ODISHA,2003,TOTAL POISONING,1186,31,9,40,802,419,1221
ODISHA,2003,TOTAL TRAFFIC ACCIDENTS,7086,6980,1571,8551,2244,490,2734
ODISHA,2004,AIR-CRASH,0,0,0,0,0,0,0
ODISHA,2004,COLLAPSE OF STRUCTURE(HOUSE),3,0,0,0,3,1,4
ODISHA,2004,COLLAPSE OF STRUCTURE(BUILDING),0,0,0,0,0,0,0
ODISHA,2004,COLLAPSE OF STRUCTURE(DAM),0,0,0,0,0,0,0
ODISHA,2004,COLLAPSE OF STRUCTURE(BRIDGE),2,0,0,0,3,0,3
ODISHA,2004,COLLAPSE OF STRUCTURE(OTHERS),3,0,0,0,2,1,3
ODISHA,2004,DROWNING(BOAT CAPSIZE),15,5,2,7,14,13,27
ODISHA,2004,DROWNING(OTHER),547,25,9,34,372,185,557
ODISHA,2004,ELECTROCUTION,154,10,2,12,131,25,156
ODISHA,2004,EXPLOSION(BOMB EXPLOSION),2,11,2,13,4,0,4
ODISHA,2004,EXPLOSION(OTHER EXPLOSION LIKE BOILERS,,1,0,0,0,0,1,1
ODISHA,2004,FALLS(FALL FROM HEIGHT),242,3,0,3,192,50,242
ODISHA,2004,FALL INTO PIT/MANHOLE,14,2,0,2,12,4,16
ODISHA,2004,FACTORY/MACHINE ACCIDENTS,3,0,0,0,3,0,3
ODISHA,2004,FIRE(FIREWORKS/CRACKERS),2,1,0,1,3,1,4
ODISHA,2004,FIRE(SHORT-CIRCUIT),92,0,0,0,84,8,92
ODISHA,2004,GAS CYLINDER/STOVE BURST,28,0,0,0,4,25,29
ODISHA,2004,OTHER FIRE ACCIDENTS,232,13,13,26,83,158,241
ODISHA,2004,FIRE-ARMS,6,0,0,0,6,0,6
ODISHA,2004,SUDDEN DEATHS(HEART ATTACKS),121,0,0,0,88,33,121
ODISHA,2004,EPILEPTIC FITS/GIDDINESS,32,0,1,1,25,7,32
ODISHA,2004,ABORTIONS/CHILD BIRTH,12,0,0,0,0,12,12
ODISHA,2004,INFLUENCE OF ALCOHOL,43,1,0,1,39,4,43
ODISHA,2004,KILLED BY ANIMALS,94,1,0,1,73,24,97
ODISHA,2004,MINES OR QUARY DISASTER,0,0,0,0,0,0,0
ODISHA,2004,FOOD POISIONING/ACCIDENTAL INTAKE OF INSECTICIDES ETC.,358,4,11,15,232,124,356
ODISHA,2004,SPURIOUS/POISIONOUS LIQUOR,1,0,0,0,1,0,1
ODISHA,2004,LEAKAGE OF POISINOUS GASES ETC.,7,0,0,0,9,1,10
ODISHA,2004,SNAKE BITE/ANIMAL BITE,426,6,3,9,265,163,428
ODISHA,2004,OTHER,350,19,21,40,235,117,352
ODISHA,2004,STAMPEDE,1,0,0,0,1,0,1
ODISHA,2004,SUFFOCATION,77,0,0,0,37,43,80
ODISHA,2004,TRAFFIC ACCIDENTS(ROAD ACCIDENTS),7278,7171,1653,8824,2033,439,2472
ODISHA,2004,TRAFFIC ACCIDENTS(RAIL-ROAD ACCIDENTS),1,3,0,3,2,0,2
ODISHA,2004,OTHER RAILWAY ACCIDENTS,384,0,0,0,327,57,384
ODISHA,2004,OTHER,558,0,5,5,376,182,558
ODISHA,2004,CAUSES NOT KNOWN,987,4,2,6,638,348,986
ODISHA,2004,TOTAL,12076,7279,1724,9003,5297,2026,7323
ODISHA,2004,TOTAL COLLAPSE,8,0,0,0,8,2,10
ODISHA,2004,TOTAL DROWNING,562,30,11,41,386,198,584
ODISHA,2004,TOTAL EXPLOSION,3,11,2,13,4,1,5
ODISHA,2004,TOTAL FALLS,256,5,0,5,204,54,258
ODISHA,2004,TOTAL FIRE,354,14,13,27,174,192,366
ODISHA,2004,TOTAL SUDDEN DEATHS,208,1,1,2,152,56,208
ODISHA,2004,TOTAL POISONING,1142,29,35,64,742,405,1147
ODISHA,2004,TOTAL TRAFFIC ACCIDENTS,7663,7174,1653,8827,2362,496,2858
ODISHA,2005,AIR-CRASH,0,0,0,0,0,0,0
ODISHA,2005,COLLAPSE OF STRUCTURE(HOUSE),3,0,2,2,0,3,3
ODISHA,2005,COLLAPSE OF STRUCTURE(BUILDING),0,0,0,0,0,0,0
ODISHA,2005,COLLAPSE OF STRUCTURE(DAM),0,0,0,0,0,0,0
ODISHA,2005,COLLAPSE OF STRUCTURE(BRIDGE),0,0,0,0,0,0,0
ODISHA,2005,COLLAPSE OF STRUCTURE(OTHERS),50,0,0,0,42,9,51
ODISHA,2005,DROWNING(BOAT CAPSIZE),8,2,2,4,6,2,8
ODISHA,2005,DROWNING(OTHER),497,43,19,62,317,145,462
ODISHA,2005,ELECTROCUTION,162,16,0,16,126,28,154
ODISHA,2005,EXPLOSION(BOMB EXPLOSION),0,0,0,0,0,0,0
ODISHA,2005,EXPLOSION(OTHER EXPLOSION LIKE BOILERS,,2,0,0,0,2,0,2
ODISHA,2005,FALLS(FALL FROM HEIGHT),356,21,11,32,265,61,326
ODISHA,2005,FALL INTO PIT/MANHOLE,29,2,0,2,16,11,27
ODISHA,2005,FACTORY/MACHINE ACCIDENTS,6,0,0,0,5,1,6
ODISHA,2005,FIRE(FIREWORKS/CRACKERS),1,2,1,3,3,1,4
ODISHA,2005,FIRE(SHORT-CIRCUIT),67,0,0,0,58,9,67
ODISHA,2005,GAS CYLINDER/STOVE BURST,45,0,6,6,9,31,40
ODISHA,2005,OTHER FIRE ACCIDENTS,122,10,17,27,49,69,118
ODISHA,2005,FIRE-ARMS,12,0,0,0,9,3,12
ODISHA,2005,SUDDEN DEATHS(HEART ATTACKS),106,8,5,13,70,22,92
ODISHA,2005,EPILEPTIC FITS/GIDDINESS,43,4,1,5,21,17,38
ODISHA,2005,ABORTIONS/CHILD BIRTH,9,0,8,8,0,1,1
ODISHA,2005,INFLUENCE OF ALCOHOL,47,6,3,9,34,4,38
ODISHA,2005,KILLED BY ANIMALS,57,3,2,5,34,20,54
ODISHA,2005,MINES OR QUARY DISASTER,1,0,0,0,0,1,1
ODISHA,2005,FOOD POISIONING/ACCIDENTAL INTAKE OF INSECTICIDES ETC.,140,0,0,0,92,48,140
ODISHA,2005,SPURIOUS/POISIONOUS LIQUOR,0,0,0,0,0,0,0
ODISHA,2005,LEAKAGE OF POISINOUS GASES ETC.,22,0,0,0,15,7,22
ODISHA,2005,SNAKE BITE/ANIMAL BITE,426,18,9,27,244,163,407
ODISHA,2005,OTHER,387,34,13,47,264,121,385
ODISHA,2005,STAMPEDE,0,0,0,0,0,0,0
ODISHA,2005,SUFFOCATION,70,0,0,0,48,25,73
ODISHA,2005,TRAFFIC ACCIDENTS(ROAD ACCIDENTS),7593,7180,1838,9018,2294,601,2895
ODISHA,2005,TRAFFIC ACCIDENTS(RAIL-ROAD ACCIDENTS),3,5,3,8,5,1,6
ODISHA,2005,OTHER RAILWAY ACCIDENTS,452,1,1,2,364,86,450
ODISHA,2005,OTHER,495,16,9,25,348,122,470
ODISHA,2005,CAUSES NOT KNOWN,1162,11,8,19,800,350,1150
ODISHA,2005,TOTAL,12373,7382,1958,9340,5540,1962,7502
ODISHA,2005,TOTAL COLLAPSE,53,0,2,2,42,12,54
ODISHA,2005,TOTAL DROWNING,505,45,21,66,323,147,470
ODISHA,2005,TOTAL EXPLOSION,2,0,0,0,2,0,2
ODISHA,2005,TOTAL FALLS,385,23,11,34,281,72,353
ODISHA,2005,TOTAL FIRE,235,12,24,36,119,110,229
ODISHA,2005,TOTAL SUDDEN DEATHS,205,18,17,35,125,44,169
ODISHA,2005,TOTAL POISONING,975,52,22,74,615,339,954
ODISHA,2005,TOTAL TRAFFIC ACCIDENTS,8048,7186,1842,9028,2663,688,3351
ODISHA,2006,AIR-CRASH,0,0,0,0,0,0,0
ODISHA,2006,COLLAPSE OF STRUCTURE(HOUSE),3,0,0,0,0,3,3
ODISHA,2006,COLLAPSE OF STRUCTURE(BUILDING),4,1,0,1,2,2,4
ODISHA,2006,COLLAPSE OF STRUCTURE(DAM),0,0,0,0,0,0,0
ODISHA,2006,COLLAPSE OF STRUCTURE(BRIDGE),0,0,0,0,0,0,0
ODISHA,2006,COLLAPSE OF STRUCTURE(OTHERS),8,1,0,1,4,4,8
ODISHA,2006,DROWNING(BOAT CAPSIZE),18,0,0,0,19,8,27
ODISHA,2006,DROWNING(OTHER),507,0,0,0,351,162,513
ODISHA,2006,ELECTROCUTION,124,0,0,0,115,9,124
ODISHA,2006,EXPLOSION(BOMB EXPLOSION),0,0,0,0,0,0,0
ODISHA,2006,EXPLOSION(OTHER EXPLOSION LIKE BOIL,3,0,0,0,2,1,3
ODISHA,2006,FALLS(FALL FROM HEIGHT),385,0,1,1,315,72,387
ODISHA,2006,FALL INTO PIT/MANHOLE,16,1,0,1,17,2,19
ODISHA,2006,FACTORY/MACHINE ACCIDENTS,16,0,0,0,15,1,16
ODISHA,2006,FIRE(FIREWORKS/CRACKERS),3,0,0,0,0,3,3
ODISHA,2006,FIRE(SHORT-CIRCUIT),56,0,0,0,44,12,56
ODISHA,2006,GAS CYLINDER/STOVE BURST,24,1,0,1,2,24,26
ODISHA,2006,OTHER FIRE ACCIDENTS,165,2,1,3,72,95,167
ODISHA,2006,FIRE-ARMS,5,0,0,0,5,0,5
ODISHA,2006,SUDDEN DEATHS(HEART ATTACKS),89,0,0,0,72,17,89
ODISHA,2006,EPILEPTIC FITS/GIDDINESS,38,0,0,0,30,8,38
ODISHA,2006,ABORTIONS/CHILD BIRTH,13,0,0,0,0,13,13
ODISHA,2006,INFLUENCE OF ALCOHOL,44,0,0,0,43,1,44
ODISHA,2006,KILLED BY ANIMALS,61,2,0,2,43,18,61
ODISHA,2006,MINES OR QUARY DISASTER,2,0,0,0,3,0,3
ODISHA,2006,FOOD POISIONING/ACCIDENTAL INTAKE OF INSECTICIDES ETC.,411,2,1,3,270,161,431
ODISHA,2006,SORISSAOUS/POISIONOUS LIQUOR,14,0,0,0,13,1,14
ODISHA,2006,LEAKAGE OF POISINOUS GASES ETC.,0,0,0,0,0,0,0
ODISHA,2006,SNAKE BITE/ANIMAL BITE,415,0,0,0,270,145,415
ODISHA,2006,OTHER,453,0,0,0,309,145,454
ODISHA,2006,STAMPEDE,4,9,7,16,2,4,6
ODISHA,2006,SUFFOCATION,28,0,0,0,22,6,28
ODISHA,2006,TRAFFIC ACCIDENTS(ROAD ACCIDENTS),7729,7291,2482,9773,2259,486,2745
ODISHA,2006,TRAFFIC ACCIDENTS(RAIL-ROAD ACCIDENTS),166,0,0,0,142,25,167
ODISHA,2006,OTHER RAILWAY ACCIDENTS,341,0,0,0,280,61,341
ODISHA,2006,OTHER,624,6,3,9,423,204,627
ODISHA,2006,CAUSES NOT KNOWN,1324,3,2,5,889,438,1327
ODISHA,2006,TOTAL,13093,7319,2497,9816,6033,2131,8164
ODISHA,2006,TOTAL COLLAPSE,15,2,0,2,6,9,15
ODISHA,2006,TOTAL DROWNING,525,0,0,0,370,170,540
ODISHA,2006,TOTAL EXPLOSION,3,0,0,0,2,1,3
ODISHA,2006,TOTAL FALLS,401,1,1,2,332,74,406
ODISHA,2006,TOTAL FIRE,248,3,1,4,118,134,252
ODISHA,2006,TOTAL SUDDEN DEATHS,184,0,0,0,145,39,184
ODISHA,2006,TOTAL POISONING,1293,2,1,3,862,452,1314
ODISHA,2006,TOTAL TRAFFIC ACCIDENTS,8236,7291,2482,9773,2681,572,3253
ODISHA,2007,AIR-CRASH,0,0,0,0,0,0,0
ODISHA,2007,COLLAPSE OF STRUCTURE(HOUSE),1,1,0,1,2,0,2
ODISHA,2007,COLLAPSE OF STRUCTURE(BUILDING),1,0,0,0,0,1,1
ODISHA,2007,COLLAPSE OF STRUCTURE(DAM),0,0,0,0,0,0,0
ODISHA,2007,COLLAPSE OF STRUCTURE(BRIDGE),0,0,0,0,0,0,0
ODISHA,2007,COLLAPSE OF STRUCTURE(OTHERS),7,0,0,0,6,2,8
ODISHA,2007,DROWNING(BOAT CAPSIZE),7,0,0,0,4,5,9
ODISHA,2007,DROWNING(OTHER),607,0,0,0,454,192,646
ODISHA,2007,ELECTROCUTION,126,0,0,0,109,18,127
ODISHA,2007,EXPLOSION(BOMB EXPLOSION),0,0,0,0,0,0,0
ODISHA,2007,EXPLOSION(OTHER EXPLOSION LIKE BOIL,0,0,0,0,0,0,0
ODISHA,2007,FALLS(FALL FROM HEIGHT),375,0,1,1,307,69,376
ODISHA,2007,FALL INTO PIT/MANHOLE,12,0,0,0,12,0,12
ODISHA,2007,FACTORY/MACHINE ACCIDENTS,19,2,0,2,16,1,17
ODISHA,2007,FIRE(FIREWORKS/CRACKERS),4,0,0,0,2,2,4
ODISHA,2007,FIRE(SHORT-CIRCUIT),47,0,0,0,36,11,47
ODISHA,2007,GAS CYLINDER/STOVE BURST,39,0,0,0,12,27,39
ODISHA,2007,OTHER FIRE ACCIDENTS,170,0,0,0,70,100,170
ODISHA,2007,FIRE-ARMS,9,0,0,0,9,0,9
ODISHA,2007,SUDDEN DEATHS(HEART ATTACKS),57,0,0,0,45,15,60
ODISHA,2007,EPILEPTIC FITS/GIDDINESS,39,0,0,0,28,11,39
ODISHA,2007,ABORTIONS/CHILD BIRTH,6,0,0,0,0,6,6
ODISHA,2007,INFLUENCE OF ALCOHOL,32,0,0,0,32,0,32
ODISHA,2007,KILLED BY ANIMALS,84,1,0,1,64,22,86
ODISHA,2007,MINES OR QUARY DISASTER,0,0,0,0,0,0,0
ODISHA,2007,FOOD POISIONING/ACCIDENTAL INTAKE OF INSECTICIDES ETC.,330,0,0,0,274,87,361
ODISHA,2007,SPURIOUS/POISIONOUS LIQUOR,16,0,0,0,18,4,22
ODISHA,2007,LEAKAGE OF POISINOUS GASES ETC.,1,0,0,0,1,0,1
ODISHA,2007,SNAKE BITE/ANIMAL BITE,535,0,0,0,288,146,434
ODISHA,2007,OTHER,382,0,0,0,227,168,395
ODISHA,2007,STAMPEDE,1,0,0,0,1,0,1
ODISHA,2007,SUFFOCATION,20,0,0,0,14,6,20
ODISHA,2007,TRAFFIC ACCIDENTS(ROAD ACCIDENTS),8214,7881,2312,10193,2518,540,3058
ODISHA,2007,TRAFFIC ACCIDENTS(RAIL-ROAD ACCIDENTS),153,0,0,0,135,18,153
ODISHA,2007,OTHER RAILWAY ACCIDENTS,295,0,0,0,244,51,295
ODISHA,2007,OTHER,667,0,0,0,450,221,671
ODISHA,2007,CAUSES NOT KNOWN,1426,0,0,0,975,451,1426
ODISHA,2007,TOTAL,13682,7885,2313,10198,6353,2174,8527
ODISHA,2007,TOTAL COLLAPSE,9,1,0,1,8,3,11
ODISHA,2007,TOTAL DROWNING,614,0,0,0,458,197,655
ODISHA,2007,TOTAL EXPLOSION,0,0,0,0,0,0,0
ODISHA,2007,TOTAL FALLS,387,0,1,1,319,69,388
ODISHA,2007,TOTAL FIRE,260,0,0,0,120,140,260
ODISHA,2007,TOTAL SUDDEN DEATHS,134,0,0,0,105,32,137
ODISHA,2007,TOTAL POISONING,1264,0,0,0,808,405,1213
ODISHA,2007,TOTAL TRAFFIC ACCIDENTS,8662,7881,2312,10193,2897,609,3506
ODISHA,2008,AIR-CRASH,0,0,0,0,0,0,0
ODISHA,2008,COLLAPSE OF STRUCTURE(HOUSE),3,0,0,0,3,0,3
ODISHA,2008,COLLAPSE OF STRUCTURE(BUILDING),0,0,0,0,0,0,0
ODISHA,2008,COLLAPSE OF STRUCTURE(DAM),0,0,0,0,0,0,0
ODISHA,2008,COLLAPSE OF STRUCTURE(BRIDGE),0,0,0,0,0,0,0
ODISHA,2008,COLLAPSE OF STRUCTURE(OTHERS),1,0,0,0,1,0,1
ODISHA,2008,DROWNING(BOAT CAPSIZE),27,0,0,0,26,11,37
ODISHA,2008,DROWNING(OTHER),637,15,3,18,475,167,642
ODISHA,2008,ELECTROCUTION,164,0,0,0,136,30,166
ODISHA,2008,EXPLOSION(BOMB EXPLOSION),1,0,0,0,1,0,1
ODISHA,2008,EXPLOSION(OTHER EXPLOSION LIKE BOIL,1,0,0,0,1,0,1
ODISHA,2008,FALLS(FALL FROM HEIGHT),354,44,14,58,287,67,354
ODISHA,2008,FALL INTO PIT/MANHOLE,34,0,0,0,22,13,35
ODISHA,2008,FACTORY/MACHINE ACCIDENTS,25,2,0,2,23,1,24
ODISHA,2008,FIRE(FIREWORKS/CRACKERS),13,13,0,13,13,0,13
ODISHA,2008,FIRE(SHORT-CIRCUIT),51,16,1,17,45,6,51
ODISHA,2008,GAS CYLINDER/STOVE BURST,7,1,0,1,1,6,7
ODISHA,2008,OTHER FIRE ACCIDENTS,352,28,151,179,124,228,352
ODISHA,2008,FIRE-ARMS,3,2,0,2,3,0,3
ODISHA,2008,SUDDEN DEATHS(HEART ATTACKS),155,1,0,1,118,37,155
ODISHA,2008,EPILEPTIC FITS/GIDDINESS,29,0,0,0,20,9,29
ODISHA,2008,ABORTIONS/CHILD BIRTH,6,0,0,0,0,6,6
ODISHA,2008,INFLUENCE OF ALCOHOL,47,3,0,3,43,5,48
ODISHA,2008,KILLED BY ANIMALS,70,1,0,1,53,17,70
ODISHA,2008,MINES OR QUARY DISASTER,8,0,0,0,4,4,8
ODISHA,2008,FOOD POISIONING/ACCIDENTAL INTAKE OF INSECTICIDES ETC.,66,0,0,0,43,23,66
ODISHA,2008,SPURIOUS/POISIONOUS LIQUOR,1,0,0,0,1,0,1
ODISHA,2008,LEAKAGE OF POISINOUS GASES ETC.,1,0,0,0,4,0,4
ODISHA,2008,SNAKE BITE/ANIMAL BITE,477,44,19,63,326,152,478
ODISHA,2008,OTHER,316,18,6,24,213,104,317
ODISHA,2008,STAMPEDE,6,0,0,0,3,3,6
ODISHA,2008,SUFFOCATION,0,0,0,0,0,0,0
ODISHA,2008,TRAFFIC ACCIDENTS(ROAD ACCIDENTS),8184,7997,1808,9805,2660,444,3104
ODISHA,2008,TRAFFIC ACCIDENTS(RAIL-ROAD ACCIDENTS),399,0,0,0,320,82,402
ODISHA,2008,OTHER RAILWAY ACCIDENTS,25,0,0,0,21,4,25
ODISHA,2008,OTHER,669,92,125,217,429,241,670
ODISHA,2008,CAUSES NOT KNOWN,1632,139,82,221,1147,487,1634
ODISHA,2008,TOTAL,13764,8416,2209,10625,6566,2147,8713
ODISHA,2008,TOTAL COLLAPSE,4,0,0,0,4,0,4
ODISHA,2008,TOTAL DROWNING,664,15,3,18,501,178,679
ODISHA,2008,TOTAL EXPLOSION,2,0,0,0,2,0,2
ODISHA,2008,TOTAL FALLS,388,44,14,58,309,80,389
ODISHA,2008,TOTAL FIRE,423,58,152,210,183,240,423
ODISHA,2008,TOTAL SUDDEN DEATHS,237,4,0,4,181,57,238
ODISHA,2008,TOTAL POISONING,861,62,25,87,587,279,866
ODISHA,2008,TOTAL TRAFFIC ACCIDENTS,8608,7997,1808,9805,3001,530,3531
ODISHA,2009,AIR-CRASH,0,0,0,0,0,0,0
ODISHA,2009,COLLAPSE OF STRUCTURE(HOUSE),10,0,0,0,6,4,10
ODISHA,2009,COLLAPSE OF STRUCTURE(BUILDING),0,0,0,0,0,0,0
ODISHA,2009,COLLAPSE OF STRUCTURE(DAM),0,0,0,0,0,0,0
ODISHA,2009,COLLAPSE OF STRUCTURE(BRIDGE),1,0,0,0,1,0,1
ODISHA,2009,COLLAPSE OF STRUCTURE(OTHERS),20,2,1,3,11,9,20
ODISHA,2009,DROWNING(BOAT CAPSIZE),55,0,0,0,52,7,59
ODISHA,2009,DROWNING(OTHER),587,0,6,6,348,137,485
ODISHA,2009,ELECTROCUTION,216,6,0,6,189,31,220
ODISHA,2009,EXPLOSION(BOMB EXPLOSION),6,0,0,0,5,1,6
ODISHA,2009,EXPLOSION(OTHER EXPLOSION LIKE BOIL,3,0,0,0,2,1,3
ODISHA,2009,FALLS(FALL FROM HEIGHT),335,2,0,2,279,54,333
ODISHA,2009,FALL INTO PIT/MANHOLE,32,9,0,9,28,1,29
ODISHA,2009,FACTORY/MACHINE ACCIDENTS,58,0,4,4,50,8,58
ODISHA,2009,FIRE(FIREWORKS/CRACKERS),3,1,0,1,1,1,2
ODISHA,2009,FIRE(SHORT-CIRCUIT),63,2,0,2,47,16,63
ODISHA,2009,GAS CYLINDER/STOVE BURST,25,0,0,0,14,11,25
ODISHA,2009,OTHER FIRE ACCIDENTS,443,3,1,4,249,192,441
ODISHA,2009,FIRE-ARMS,1,0,0,0,1,0,1
ODISHA,2009,SUDDEN DEATHS(HEART ATTACKS),117,0,0,0,102,16,118
ODISHA,2009,EPILEPTIC FITS/GIDDINESS,21,0,0,0,16,5,21
ODISHA,2009,ABORTIONS/CHILD BIRTH,3,0,0,0,0,4,4
ODISHA,2009,INFLUENCE OF ALCOHOL,22,0,0,0,18,4,22
ODISHA,2009,KILLED BY ANIMALS,89,3,0,3,69,20,89
ODISHA,2009,MINES OR QUARY DISASTER,2,0,0,0,2,0,2
ODISHA,2009,FOOD POISIONING/ACCIDENTAL INTAKE OF INSECTICIDES ETC.,104,0,0,0,52,53,105
ODISHA,2009,SPURIOUS/POISIONOUS LIQUOR,68,0,0,0,50,19,69
ODISHA,2009,LEAKAGE OF POISINOUS GASES ETC.,0,0,0,0,0,0,0
ODISHA,2009,SNAKE BITE/ANIMAL BITE,412,0,0,0,268,144,412
ODISHA,2009,OTHER,530,0,0,0,315,216,531
ODISHA,2009,STAMPEDE,3,0,0,0,3,0,3
ODISHA,2009,SUFFOCATION,1,0,0,0,3,0,3
ODISHA,2009,TRAFFIC ACCIDENTS(ROAD ACCIDENTS),8892,9163,2011,11174,3038,511,3549
ODISHA,2009,TRAFFIC ACCIDENTS(RAIL-ROAD ACCIDENTS),150,93,40,133,142,16,158
ODISHA,2009,OTHER RAILWAY ACCIDENTS,285,0,0,0,240,49,289
ODISHA,2009,OTHER,755,3,0,3,562,193,755
ODISHA,2009,CAUSES NOT KNOWN,2089,0,0,0,1475,614,2089
ODISHA,2009,TOTAL,15401,9287,2063,11350,7638,2337,9975
ODISHA,2009,TOTAL COLLAPSE,31,2,1,3,18,13,31
ODISHA,2009,TOTAL DROWNING,642,0,6,6,400,144,544
ODISHA,2009,TOTAL EXPLOSION,9,0,0,0,7,2,9
ODISHA,2009,TOTAL FALLS,367,11,0,11,307,55,362
ODISHA,2009,TOTAL FIRE,534,6,1,7,311,220,531
ODISHA,2009,TOTAL SUDDEN DEATHS,163,0,0,0,136,29,165
ODISHA,2009,TOTAL POISONING,1114,0,0,0,685,432,1117
ODISHA,2009,TOTAL TRAFFIC ACCIDENTS,9327,9256,2051,11307,3420,576,3996
ODISHA,2010,AIR-CRASH,0,0,0,0,0,0,0
ODISHA,2010,COLLAPSE OF STRUCTURE(HOUSE),4,0,0,0,4,0,4
ODISHA,2010,COLLAPSE OF STRUCTURE(BUILDING),3,0,0,0,0,3,3
ODISHA,2010,COLLAPSE OF STRUCTURE(DAM),0,0,0,0,0,0,0
ODISHA,2010,COLLAPSE OF STRUCTURE(BRIDGE),8,0,0,0,6,2,8
ODISHA,2010,COLLAPSE OF STRUCTURE(OTHERS),0,0,0,0,0,0,0
ODISHA,2010,DROWNING(BOAT CAPSIZE),15,2,2,4,8,7,15
ODISHA,2010,DROWNING(OTHER),414,2,2,4,323,106,429
ODISHA,2010,ELECTROCUTION,184,0,0,0,157,27,184
ODISHA,2010,EXPLOSION(BOMB EXPLOSION),0,0,0,0,0,0,0
ODISHA,2010,EXPLOSION(OTHER EXPLOSION LIKE BOIL,0,0,0,0,0,0,0
ODISHA,2010,FALLS(FALL FROM HEIGHT),406,0,0,0,326,83,409
ODISHA,2010,FALL INTO PIT/MANHOLE,21,1,0,1,11,10,21
ODISHA,2010,FACTORY/MACHINE ACCIDENTS,15,8,0,8,10,3,13
ODISHA,2010,FIRE(FIREWORKS/CRACKERS),1,1,0,1,0,1,1
ODISHA,2010,FIRE(SHORT-CIRCUIT),77,0,0,0,50,28,78
ODISHA,2010,GAS CYLINDER/STOVE BURST,182,5,0,5,72,113,185
ODISHA,2010,OTHER FIRE ACCIDENTS,268,1,1,2,91,177,268
ODISHA,2010,FIRE-ARMS,1,0,0,0,1,0,1
ODISHA,2010,SUDDEN DEATHS(HEART ATTACKS),105,0,0,0,98,14,112
ODISHA,2010,EPILEPTIC FITS/GIDDINESS,23,0,0,0,12,11,23
ODISHA,2010,ABORTIONS/CHILD BIRTH,3,0,0,0,0,3,3
ODISHA,2010,INFLUENCE OF ALCOHOL,30,0,0,0,26,4,30
ODISHA,2010,KILLED BY ANIMALS,80,1,0,1,55,24,79
ODISHA,2010,MINES OR QUARY DISASTER,4,0,0,0,2,2,4
ODISHA,2010,FOOD POISIONING/ACCIDENTAL INTAKE OF INSECTICIDES ETC.,172,0,0,0,72,100,172
ODISHA,2010,SPURIOUS/POISIONOUS LIQUOR,15,0,0,0,12,3,15
ODISHA,2010,LEAKAGE OF POISINOUS GASES ETC.,0,0,0,0,0,0,0
ODISHA,2010,SNAKE BITE/ANIMAL BITE,414,5,0,5,250,164,414
ODISHA,2010,OTHER,409,0,0,0,247,168,415
ODISHA,2010,STAMPEDE,1,0,0,0,1,0,1
ODISHA,2010,SUFFOCATION,2,0,0,0,4,2,6
ODISHA,2010,TRAFFIC ACCIDENTS(ROAD ACCIDENTS),9413,8697,2107,10804,3460,645,4105
ODISHA,2010,TRAFFIC ACCIDENTS(RAIL-ROAD ACCIDENTS),292,0,0,0,247,47,294
ODISHA,2010,OTHER RAILWAY ACCIDENTS,36,0,0,0,26,11,37
ODISHA,2010,OTHER,984,0,0,0,736,259,995
ODISHA,2010,CAUSES NOT KNOWN,2533,15,9,24,1997,545,2542
ODISHA,2010,TOTAL,16115,8738,2121,10859,8304,2562,10866
ODISHA,2010,TOTAL COLLAPSE,15,0,0,0,10,5,15
ODISHA,2010,TOTAL DROWNING,429,4,4,8,331,113,444
ODISHA,2010,TOTAL EXPLOSION,0,0,0,0,0,0,0
ODISHA,2010,TOTAL FALLS,427,1,0,1,337,93,430
ODISHA,2010,TOTAL FIRE,528,7,1,8,213,319,532
ODISHA,2010,TOTAL SUDDEN DEATHS,161,0,0,0,136,32,168
ODISHA,2010,TOTAL POISONING,1010,5,0,5,581,435,1016
ODISHA,2010,TOTAL TRAFFIC ACCIDENTS,9741,8697,2107,10804,3733,703,4436
ODISHA,2011,AIR-CRASH,0,0,0,0,0,0,0
ODISHA,2011,COLLAPSE OF STRUCTURE(HOUSE),2,3,1,4,2,0,2
ODISHA,2011,COLLAPSE OF STRUCTURE(BUILDING),2,0,0,0,1,1,2
ODISHA,2011,COLLAPSE OF STRUCTURE(DAM),0,0,0,0,0,0,0
ODISHA,2011,COLLAPSE OF STRUCTURE(BRIDGE),0,0,0,0,0,0,0
ODISHA,2011,COLLAPSE OF STRUCTURE(OTHERS),9,0,0,0,8,1,9
ODISHA,2011,DROWNING(BOAT CAPSIZE),33,0,0,0,24,11,35
ODISHA,2011,DROWNING(OTHER),543,5,6,11,416,125,541
ODISHA,2011,ELECTROCUTION,184,3,1,4,159,25,184
ODISHA,2011,EXPLOSION(BOMB EXPLOSION),0,0,0,0,0,0,0
ODISHA,2011,EXPLOSION(OTHER EXPLOSION LIKE BOIL,2,0,0,0,2,0,2
ODISHA,2011,FALLS(FALL FROM HEIGHT),358,19,2,21,283,73,356
ODISHA,2011,FALL INTO PIT/MANHOLE,39,0,0,0,33,6,39
ODISHA,2011,FACTORY/MACHINE ACCIDENTS,68,4,1,5,52,12,64
ODISHA,2011,FIRE(FIREWORKS/CRACKERS),7,0,0,0,7,0,7
ODISHA,2011,FIRE(SHORT-CIRCUIT),98,12,9,21,66,27,93
ODISHA,2011,GAS CYLINDER/STOVE BURST,13,0,0,0,5,8,13
ODISHA,2011,OTHER FIRE ACCIDENTS,301,6,4,10,109,188,297
ODISHA,2011,FIRE-ARMS,4,0,0,0,4,0,4
ODISHA,2011,SUDDEN DEATHS(HEART ATTACKS),87,0,0,0,63,24,87
ODISHA,2011,EPILEPTIC FITS/GIDDINESS,21,0,0,0,11,10,21
ODISHA,2011,ABORTIONS/CHILD BIRTH,8,0,0,0,0,8,8
ODISHA,2011,INFLUENCE OF ALCOHOL,41,4,3,7,40,1,41
ODISHA,2011,KILLED BY ANIMALS,61,7,21,28,47,14,61
ODISHA,2011,MINES OR QUARY DISASTER,0,0,0,0,0,0,0
ODISHA,2011,FOOD POISIONING/ACCIDENTAL INTAKE OF INSECTICIDES ETC.,236,2,3,5,103,130,233
ODISHA,2011,SPURIOUS/POISIONOUS LIQUOR,2,0,0,0,2,0,2
ODISHA,2011,LEAKAGE OF POISINOUS GASES ETC.,0,0,0,0,0,0,0
ODISHA,2011,SNAKE BITE/ANIMAL BITE,548,6,3,9,361,185,546
ODISHA,2011,OTHER,535,17,12,29,303,232,535
ODISHA,2011,STAMPEDE,0,0,0,0,0,0,0
ODISHA,2011,SUFFOCATION,1,0,0,0,1,0,1
ODISHA,2011,TRAFFIC ACCIDENTS(ROAD ACCIDENTS),9398,8392,2210,10602,3198,599,3797
ODISHA,2011,TRAFFIC ACCIDENTS(RAIL-ROAD ACCIDENTS),218,0,0,0,191,27,218
ODISHA,2011,OTHER RAILWAY ACCIDENTS,200,2,5,7,161,44,205
ODISHA,2011,OTHER,1410,27,19,46,994,420,1414
ODISHA,2011,CAUSES NOT KNOWN,1888,33,27,60,1363,528,1891
ODISHA,2011,TOTAL,16317,8542,2327,10869,8009,2699,10708
ODISHA,2011,TOTAL COLLAPSE,13,3,1,4,11,2,13
ODISHA,2011,TOTAL DROWNING,576,5,6,11,440,136,576
ODISHA,2011,TOTAL EXPLOSION,2,0,0,0,2,0,2
ODISHA,2011,TOTAL FALLS,397,19,2,21,316,79,395
ODISHA,2011,TOTAL FIRE,419,18,13,31,187,223,410
ODISHA,2011,TOTAL SUDDEN DEATHS,157,4,3,7,114,43,157
ODISHA,2011,TOTAL POISONING,1321,25,18,43,769,547,1316
ODISHA,2011,TOTAL TRAFFIC ACCIDENTS,9816,8394,2215,10609,3550,670,4220
ODISHA,2012,AIR-CRASH,0,0,0,0,0,0,0
ODISHA,2012,COLLAPSE OF STRUCTURE(HOUSE),15,0,0,0,11,4,15
ODISHA,2012,COLLAPSE OF STRUCTURE(BUILDING),1,0,0,0,1,0,1
ODISHA,2012,COLLAPSE OF STRUCTURE(DAM),0,0,0,0,0,0,0
ODISHA,2012,COLLAPSE OF STRUCTURE(BRIDGE),0,0,0,0,0,0,0
ODISHA,2012,COLLAPSE OF STRUCTURE(OTHERS),15,0,0,0,13,2,15
ODISHA,2012,DROWNING(BOAT CAPSIZE),4,0,0,0,3,1,4
ODISHA,2012,DROWNING(OTHER),623,0,0,0,448,180,628
ODISHA,2012,ELECTROCUTION,191,2,0,2,168,23,191
ODISHA,2012,EXPLOSION(BOMB EXPLOSION),3,1,0,1,0,2,2
ODISHA,2012,EXPLOSION(OTHER EXPLOSION LIKE BOIL,1,1,0,1,1,0,1
ODISHA,2012,FALLS(FALL FROM HEIGHT),340,0,0,0,291,49,340
ODISHA,2012,FALL INTO PIT/MANHOLE,5,0,0,0,3,2,5
ODISHA,2012,FACTORY/MACHINE ACCIDENTS,10,3,0,3,10,2,12
ODISHA,2012,FIRE(FIREWORKS/CRACKERS),8,0,0,0,8,0,8
ODISHA,2012,FIRE(SHORT-CIRCUIT),68,0,0,0,59,12,71
ODISHA,2012,GAS CYLINDER/STOVE BURST,20,0,2,2,2,18,20
ODISHA,2012,OTHER FIRE ACCIDENTS,542,0,0,0,229,315,544
ODISHA,2012,FIRE-ARMS,3,0,0,0,3,0,3
ODISHA,2012,SUDDEN DEATHS(HEART ATTACKS),225,0,0,0,184,41,225
ODISHA,2012,EPILEPTIC FITS/GIDDINESS,70,0,0,0,45,25,70
ODISHA,2012,ABORTIONS/CHILD BIRTH,5,0,0,0,0,5,5
ODISHA,2012,INFLUENCE OF ALCOHOL,39,0,0,0,39,0,39
ODISHA,2012,KILLED BY ANIMALS,79,0,0,0,59,22,81
ODISHA,2012,MINES OR QUARY DISASTER,17,0,0,0,9,8,17
ODISHA,2012,FOOD POISIONING/ACCIDENTAL INTAKE OF INSECTICIDES ETC.,386,0,0,0,194,192,386
ODISHA,2012,SPURIOUS/POISIONOUS LIQUOR,44,0,0,0,44,0,44
ODISHA,2012,LEAKAGE OF POISINOUS GASES ETC.,0,0,0,0,0,0,0
ODISHA,2012,SNAKE BITE/ANIMAL BITE,537,0,0,0,351,188,539
ODISHA,2012,OTHER,586,0,0,0,357,230,587
ODISHA,2012,STAMPEDE,1,0,0,0,0,1,1
ODISHA,2012,SUFFOCATION,164,0,0,0,133,31,164
ODISHA,2012,TRAFFIC ACCIDENTS(ROAD ACCIDENTS),9285,8546,2169,10715,3161,540,3701
ODISHA,2012,TRAFFIC ACCIDENTS(RAIL-ROAD ACCIDENTS),404,0,0,0,349,58,407
ODISHA,2012,OTHER RAILWAY ACCIDENTS,42,0,0,0,32,10,42
ODISHA,2012,OTHER,1130,0,0,0,770,361,1131
ODISHA,2012,CAUSES NOT KNOWN,2228,0,0,0,1557,683,2240
ODISHA,2012,TOTAL,17091,8553,2171,10724,8534,3005,11539
ODISHA,2012,TOTAL COLLAPSE,31,0,0,0,25,6,31
ODISHA,2012,TOTAL DROWNING,627,0,0,0,451,181,632
ODISHA,2012,TOTAL EXPLOSION,4,2,0,2,1,2,3
ODISHA,2012,TOTAL FALLS,345,0,0,0,294,51,345
ODISHA,2012,TOTAL FIRE,638,0,2,2,298,345,643
ODISHA,2012,TOTAL SUDDEN DEATHS,339,0,0,0,268,71,339
ODISHA,2012,TOTAL POISONING,1553,0,0,0,946,610,1556
ODISHA,2012,TOTAL TRAFFIC ACCIDENTS,9731,8546,2169,10715,3542,608,4150
PUNJAB,2001,AIR-CRASH,0,0,0,0,0,0,0
PUNJAB,2001,COLLAPSE OF STRUCTURE(HOUSE),21,2,1,3,14,4,18
PUNJAB,2001,COLLAPSE OF STRUCTURE(BUILDING),10,0,0,0,9,1,10
PUNJAB,2001,COLLAPSE OF STRUCTURE(DAM),0,0,0,0,0,0,0
PUNJAB,2001,COLLAPSE OF STRUCTURE(BRIDGE),0,0,0,0,0,0,0
PUNJAB,2001,COLLAPSE OF STRUCTURE(OTHERS),49,0,0,0,49,0,49
PUNJAB,2001,DROWNING(BOAT CAPSIZE),0,0,0,0,0,0,0
PUNJAB,2001,DROWNING(OTHER),235,0,0,0,200,35,235
PUNJAB,2001,ELECTROCUTION,148,0,0,0,142,6,148
PUNJAB,2001,EXPLOSION(BOMB EXPLOSION),0,0,0,0,0,0,0
PUNJAB,2001,EXPLOSION(OTHER EXPLOSION LIKE BOILERS,,5,0,0,0,4,1,5
PUNJAB,2001,FALLS(FALL FROM HEIGHT),43,1,0,1,38,4,42
PUNJAB,2001,FALL INTO PIT/MANHOLE,21,0,0,0,21,0,21
PUNJAB,2001,FACTORY/MACHINE ACCIDENTS,29,0,0,0,28,1,29
PUNJAB,2001,FIRE(FIREWORKS/CRACKERS),11,0,0,0,8,3,11
PUNJAB,2001,FIRE(SHORT-CIRCUIT),8,0,0,0,7,1,8
PUNJAB,2001,GAS CYLINDER/STOVE BURST,179,2,5,7,42,130,172
PUNJAB,2001,OTHER FIRE ACCIDENTS,169,0,0,0,59,110,169
PUNJAB,2001,FIRE-ARMS,30,1,0,1,25,4,29
PUNJAB,2001,SUDDEN DEATHS(HEART ATTACKS),182,0,0,0,174,8,182
PUNJAB,2001,EPILEPTIC FITS/GIDDINESS,89,0,0,0,79,10,89
PUNJAB,2001,ABORTIONS/CHILD BIRTH,0,0,0,0,0,0,0
PUNJAB,2001,INFLUENCE OF ALCOHOL,96,0,0,0,96,0,96
PUNJAB,2001,KILLED BY ANIMALS,0,0,0,0,0,0,0
PUNJAB,2001,MINES OR QUARY DISASTER,0,0,0,0,0,0,0
PUNJAB,2001,FOOD POISIONING/ACCIDENTAL INTAKE OF INSECTICIDES ETC.,143,0,0,0,115,28,143
PUNJAB,2001,SPURIOUS/POISIONOUS LIQUOR,117,0,0,0,85,32,117
PUNJAB,2001,LEAKAGE OF POISINOUS GASES ETC.,19,0,0,0,13,6,19
PUNJAB,2001,SNAKE BITE/ANIMAL BITE,34,0,0,0,28,6,34
PUNJAB,2001,OTHER,277,0,0,0,201,76,277
PUNJAB,2001,STAMPEDE,0,0,0,0,0,0,0
PUNJAB,2001,SUFFOCATION,9,0,0,0,9,0,9
PUNJAB,2001,TRAFFIC ACCIDENTS(ROAD ACCIDENTS),1808,1158,163,1321,1300,209,1509
PUNJAB,2001,TRAFFIC ACCIDENTS(RAIL-ROAD ACCIDENTS),30,0,0,0,13,17,30
PUNJAB,2001,OTHER RAILWAY ACCIDENTS,572,0,0,0,505,67,572
PUNJAB,2001,OTHER,318,0,1,1,256,61,317
PUNJAB,2001,CAUSES NOT KNOWN,226,0,0,0,190,36,226
PUNJAB,2001,TOTAL,4878,1164,170,1334,3710,856,4566
PUNJAB,2001,TOTAL COLLAPSE,80,2,1,3,72,5,77
PUNJAB,2001,TOTAL DROWNING,235,0,0,0,200,35,235
PUNJAB,2001,TOTAL EXPLOSION,5,0,0,0,4,1,5
PUNJAB,2001,TOTAL FALLS,64,1,0,1,59,4,63
PUNJAB,2001,TOTAL FIRE,367,2,5,7,116,244,360
PUNJAB,2001,TOTAL SUDDEN DEATHS,367,0,0,0,349,18,367
PUNJAB,2001,TOTAL POISONING,590,0,0,0,442,148,590
PUNJAB,2001,TOTAL TRAFFIC ACCIDENTS,2410,1158,163,1321,1818,293,2111
PUNJAB,2002,AIR-CRASH,2,0,2,2,0,0,0
PUNJAB,2002,COLLAPSE OF STRUCTURE(HOUSE),18,3,2,5,9,4,13
PUNJAB,2002,COLLAPSE OF STRUCTURE(BUILDING),2,0,0,0,1,1,2
PUNJAB,2002,COLLAPSE OF STRUCTURE(DAM),0,0,0,0,0,0,0
PUNJAB,2002,COLLAPSE OF STRUCTURE(BRIDGE),1,0,0,0,0,1,1
PUNJAB,2002,COLLAPSE OF STRUCTURE(OTHERS),49,0,26,26,21,2,23
PUNJAB,2002,DROWNING(BOAT CAPSIZE),0,0,0,0,0,0,0
PUNJAB,2002,DROWNING(OTHER),298,0,0,0,262,36,298
PUNJAB,2002,ELECTROCUTION,152,0,0,0,142,10,152
PUNJAB,2002,EXPLOSION(BOMB EXPLOSION),1,0,0,0,1,0,1
PUNJAB,2002,EXPLOSION(OTHER EXPLOSION LIKE BOILERS, GAS CYLINDER ETC.),3,0,0,0,3,0,3
PUNJAB,2002,FALLS(FALL FROM HEIGHT),67,0,0,0,61,6,67
PUNJAB,2002,FALL INTO PIT/MANHOLE,15,0,0,0,14,1,15
PUNJAB,2002,FACTORY/MACHINE ACCIDENTS,50,3,0,3,40,7,47
PUNJAB,2002,FIRE(FIREWORKS/CRACKERS),8,0,0,0,5,3,8
PUNJAB,2002,FIRE(SHORT-CIRCUIT),64,0,0,0,58,6,64
PUNJAB,2002,GAS CYLINDER/STOVE BURST,169,0,4,4,34,131,165
PUNJAB,2002,OTHER FIRE ACCIDENTS,25,0,0,0,20,5,25
PUNJAB,2002,FIRE-ARMS,261,0,0,0,232,29,261
PUNJAB,2002,SUDDEN DEATHS(HEART ATTACKS),44,0,0,0,38,6,44
PUNJAB,2002,EPILEPTIC FITS/GIDDINESS,3,0,0,0,0,3,3
PUNJAB,2002,ABORTIONS/CHILD BIRTH,101,0,0,0,0,101,101
PUNJAB,2002,INFLUENCE OF ALCOHOL,6,0,0,0,6,0,6
PUNJAB,2002,KILLED BY ANIMALS,6,0,0,0,3,3,6
PUNJAB,2002,MINES OR QUARY DISASTER,12,6,0,6,0,6,6
PUNJAB,2002,FOOD POISIONING/ACCIDENTAL INTAKE OF INSECTICIDES ETC.,141,0,0,0,111,30,141
PUNJAB,2002,SPURIOUS/POISIONOUS LIQUOR,190,2,1,3,147,40,187
PUNJAB,2002,LEAKAGE OF POISINOUS GASES ETC.,2,0,0,0,2,0,2
PUNJAB,2002,SNAKE BITE/ANIMAL BITE,23,0,0,0,19,4,23
PUNJAB,2002,OTHER,271,0,0,0,205,66,271
PUNJAB,2002,STAMPEDE,25,0,0,0,22,3,25
PUNJAB,2002,SUFFOCATION,1930,1235,205,1440,309,181,490
PUNJAB,2002,TRAFFIC ACCIDENTS(ROAD ACCIDENTS),1508,0,0,0,1435,173,1608
PUNJAB,2002,TRAFFIC ACCIDENTS(RAIL-ROAD ACCIDENTS),17,0,0,0,12,5,17
PUNJAB,2002,OTHER RAILWAY ACCIDENTS,371,0,0,0,340,31,371
PUNJAB,2002,OTHER,664,0,0,0,551,113,664
PUNJAB,2002,CAUSES NOT KNOWN,0,0,0,0,0,0,0
PUNJAB,2002,TOTAL,6499,1249,240,1489,4103,1007,5110
PUNJAB,2002,TOTAL COLLAPSE,70,3,28,31,31,8,39
PUNJAB,2002,TOTAL DROWNING,298,0,0,0,262,36,298
PUNJAB,2002,TOTAL EXPLOSION,4,0,0,0,4,0,4
PUNJAB,2002,TOTAL FALLS,82,0,0,0,75,7,82
PUNJAB,2002,TOTAL FIRE,266,0,4,4,117,145,262
PUNJAB,2002,TOTAL SUDDEN DEATHS,154,0,0,0,44,110,154
PUNJAB,2002,TOTAL POISONING,627,2,1,3,484,140,624
PUNJAB,2002,TOTAL TRAFFIC ACCIDENTS,1896,0,0,0,1787,209,1996
PUNJAB,2003,AIR-CRASH,7,0,0,0,3,4,7
PUNJAB,2003,COLLAPSE OF STRUCTURE(HOUSE),13,2,1,3,8,2,10
PUNJAB,2003,COLLAPSE OF STRUCTURE(BUILDING),27,0,0,0,22,5,27
PUNJAB,2003,COLLAPSE OF STRUCTURE(DAM),0,0,0,0,0,0,0
PUNJAB,2003,COLLAPSE OF STRUCTURE(BRIDGE),3,0,0,0,3,0,3
PUNJAB,2003,COLLAPSE OF STRUCTURE(OTHERS),32,0,0,0,32,0,32
PUNJAB,2003,DROWNING(BOAT CAPSIZE),0,0,0,0,0,0,0
PUNJAB,2003,DROWNING(OTHER),308,0,0,0,262,46,308
PUNJAB,2003,ELECTROCUTION,194,0,0,0,173,21,194
PUNJAB,2003,EXPLOSION(BOMB EXPLOSION),0,0,0,0,0,0,0
PUNJAB,2003,EXPLOSION(OTHER EXPLOSION LIKE BOILERS,,2,0,0,0,2,0,2
PUNJAB,2003,FALLS(FALL FROM HEIGHT),117,0,0,0,103,14,117
PUNJAB,2003,FALL INTO PIT/MANHOLE,35,0,0,0,35,0,35
PUNJAB,2003,FACTORY/MACHINE ACCIDENTS,28,1,0,1,26,1,27
PUNJAB,2003,FIRE(FIREWORKS/CRACKERS),6,0,0,0,6,0,6
PUNJAB,2003,FIRE(SHORT-CIRCUIT),19,0,0,0,16,3,19
PUNJAB,2003,GAS CYLINDER/STOVE BURST,109,0,0,0,43,66,109
PUNJAB,2003,OTHER FIRE ACCIDENTS,213,14,9,23,95,95,190
PUNJAB,2003,FIRE-ARMS,14,0,0,0,13,1,14
PUNJAB,2003,SUDDEN DEATHS(HEART ATTACKS),257,0,0,0,231,26,257
PUNJAB,2003,EPILEPTIC FITS/GIDDINESS,53,0,0,0,50,3,53
PUNJAB,2003,ABORTIONS/CHILD BIRTH,2,0,0,0,0,2,2
PUNJAB,2003,INFLUENCE OF ALCOHOL,82,0,0,0,82,0,82
PUNJAB,2003,KILLED BY ANIMALS,2,0,0,0,2,0,2
PUNJAB,2003,MINES OR QUARY DISASTER,1,0,0,0,1,0,1
PUNJAB,2003,FOOD POISIONING/ACCIDENTAL INTAKE OF INSECTICIDES ETC.,143,0,0,0,109,34,143
PUNJAB,2003,SPURIOUS/POISIONOUS LIQUOR,60,0,0,0,52,8,60
PUNJAB,2003,LEAKAGE OF POISINOUS GASES ETC.,62,0,0,0,45,17,62
PUNJAB,2003,SNAKE BITE/ANIMAL BITE,28,0,0,0,23,5,28
PUNJAB,2003,OTHER,256,0,0,0,190,66,256
PUNJAB,2003,STAMPEDE,0,0,0,0,0,0,0
PUNJAB,2003,SUFFOCATION,21,0,0,0,19,2,21
PUNJAB,2003,TRAFFIC ACCIDENTS(ROAD ACCIDENTS),1603,550,210,760,1405,152,1557
PUNJAB,2003,TRAFFIC ACCIDENTS(RAIL-ROAD ACCIDENTS),12,2,0,2,14,4,18
PUNJAB,2003,OTHER RAILWAY ACCIDENTS,701,0,0,0,560,141,701
PUNJAB,2003,OTHER,261,0,0,0,229,37,266
PUNJAB,2003,CAUSES NOT KNOWN,114,0,0,0,104,10,114
PUNJAB,2003,TOTAL,4785,569,220,789,3958,765,4723
PUNJAB,2003,TOTAL COLLAPSE,75,2,1,3,65,7,72
PUNJAB,2003,TOTAL DROWNING,308,0,0,0,262,46,308
PUNJAB,2003,TOTAL EXPLOSION,2,0,0,0,2,0,2
PUNJAB,2003,TOTAL FALLS,152,0,0,0,138,14,152
PUNJAB,2003,TOTAL FIRE,347,14,9,23,160,164,324
PUNJAB,2003,TOTAL SUDDEN DEATHS,394,0,0,0,363,31,394
PUNJAB,2003,TOTAL POISONING,549,0,0,0,419,130,549
PUNJAB,2003,TOTAL TRAFFIC ACCIDENTS,2316,552,210,762,1979,297,2276
PUNJAB,2004,AIR-CRASH,0,0,0,0,0,0,0
PUNJAB,2004,COLLAPSE OF STRUCTURE(HOUSE),16,0,0,0,10,6,16
PUNJAB,2004,COLLAPSE OF STRUCTURE(BUILDING),7,0,0,0,6,1,7
PUNJAB,2004,COLLAPSE OF STRUCTURE(DAM),0,0,0,0,0,0,0
PUNJAB,2004,COLLAPSE OF STRUCTURE(BRIDGE),0,0,0,0,0,0,0
PUNJAB,2004,COLLAPSE OF STRUCTURE(OTHERS),26,0,0,0,20,6,26
PUNJAB,2004,DROWNING(BOAT CAPSIZE),0,0,0,0,0,0,0
PUNJAB,2004,DROWNING(OTHER),423,0,0,0,50,373,423
PUNJAB,2004,ELECTROCUTION,206,0,0,0,198,8,206
PUNJAB,2004,EXPLOSION(BOMB EXPLOSION),1,0,0,0,1,0,1
PUNJAB,2004,EXPLOSION(OTHER EXPLOSION LIKE BOILERS,,2,0,0,0,0,2,2
PUNJAB,2004,FALLS(FALL FROM HEIGHT),97,0,0,0,88,9,97
PUNJAB,2004,FALL INTO PIT/MANHOLE,25,0,0,0,25,0,25
PUNJAB,2004,FACTORY/MACHINE ACCIDENTS,34,0,0,0,28,6,34
PUNJAB,2004,FIRE(FIREWORKS/CRACKERS),4,0,0,0,3,1,4
PUNJAB,2004,FIRE(SHORT-CIRCUIT),29,0,0,0,27,2,29
PUNJAB,2004,GAS CYLINDER/STOVE BURST,137,0,0,0,41,96,137
PUNJAB,2004,OTHER FIRE ACCIDENTS,120,0,0,0,55,65,120
PUNJAB,2004,FIRE-ARMS,18,0,0,0,17,1,18
PUNJAB,2004,SUDDEN DEATHS(HEART ATTACKS),264,0,0,0,234,30,264
PUNJAB,2004,EPILEPTIC FITS/GIDDINESS,57,0,0,0,46,11,57
PUNJAB,2004,ABORTIONS/CHILD BIRTH,5,0,0,0,0,5,5
PUNJAB,2004,INFLUENCE OF ALCOHOL,147,0,0,0,147,0,147
PUNJAB,2004,KILLED BY ANIMALS,6,0,0,0,5,1,6
PUNJAB,2004,MINES OR QUARY DISASTER,0,0,0,0,0,0,0
PUNJAB,2004,FOOD POISIONING/ACCIDENTAL INTAKE OF INSECTICIDES ETC.,244,0,0,0,188,56,244
PUNJAB,2004,SPURIOUS/POISIONOUS LIQUOR,103,0,0,0,64,39,103
PUNJAB,2004,LEAKAGE OF POISINOUS GASES ETC.,9,0,0,0,0,9,9
PUNJAB,2004,SNAKE BITE/ANIMAL BITE,37,0,0,0,32,5,37
PUNJAB,2004,OTHER,293,0,0,0,214,79,293
PUNJAB,2004,STAMPEDE,0,0,0,0,0,0,0
PUNJAB,2004,SUFFOCATION,10,0,0,0,10,0,10
PUNJAB,2004,TRAFFIC ACCIDENTS(ROAD ACCIDENTS),2036,0,0,0,1656,199,1855
PUNJAB,2004,TRAFFIC ACCIDENTS(RAIL-ROAD ACCIDENTS),16,5,8,13,22,4,26
PUNJAB,2004,OTHER RAILWAY ACCIDENTS,682,27,1,28,631,88,719
PUNJAB,2004,OTHER,336,0,0,0,286,50,336
PUNJAB,2004,CAUSES NOT KNOWN,273,0,0,0,239,34,273
PUNJAB,2004,TOTAL,5663,32,9,41,4343,1186,5529
PUNJAB,2004,TOTAL COLLAPSE,49,0,0,0,36,13,49
PUNJAB,2004,TOTAL DROWNING,423,0,0,0,50,373,423
PUNJAB,2004,TOTAL EXPLOSION,3,0,0,0,1,2,3
PUNJAB,2004,TOTAL FALLS,122,0,0,0,113,9,122
PUNJAB,2004,TOTAL FIRE,290,0,0,0,126,164,290
PUNJAB,2004,TOTAL SUDDEN DEATHS,473,0,0,0,427,46,473
PUNJAB,2004,TOTAL POISONING,686,0,0,0,498,188,686
PUNJAB,2004,TOTAL TRAFFIC ACCIDENTS,2734,32,9,41,2309,291,2600
PUNJAB,2005,AIR-CRASH,0,0,0,0,0,0,0
PUNJAB,2005,COLLAPSE OF STRUCTURE(HOUSE),2,0,0,0,1,1,2
PUNJAB,2005,COLLAPSE OF STRUCTURE(BUILDING),3,0,0,0,3,0,3
PUNJAB,2005,COLLAPSE OF STRUCTURE(DAM),0,0,0,0,0,0,0
PUNJAB,2005,COLLAPSE OF STRUCTURE(BRIDGE),1,0,0,0,1,0,1
PUNJAB,2005,COLLAPSE OF STRUCTURE(OTHERS),30,0,0,0,29,1,30
PUNJAB,2005,DROWNING(BOAT CAPSIZE),10,0,0,0,7,3,10
PUNJAB,2005,DROWNING(OTHER),383,0,0,0,317,66,383
PUNJAB,2005,ELECTROCUTION,231,0,0,0,216,15,231
PUNJAB,2005,EXPLOSION(BOMB EXPLOSION),4,0,0,0,4,0,4
PUNJAB,2005,EXPLOSION(OTHER EXPLOSION LIKE BOILERS,,2,0,0,0,2,0,2
PUNJAB,2005,FALLS(FALL FROM HEIGHT),101,0,0,0,89,12,101
PUNJAB,2005,FALL INTO PIT/MANHOLE,38,0,0,0,38,0,38
PUNJAB,2005,FACTORY/MACHINE ACCIDENTS,34,0,0,0,33,1,34
PUNJAB,2005,FIRE(FIREWORKS/CRACKERS),24,0,0,0,10,14,24
PUNJAB,2005,FIRE(SHORT-CIRCUIT),17,0,0,0,17,0,17
PUNJAB,2005,GAS CYLINDER/STOVE BURST,94,0,0,0,28,66,94
PUNJAB,2005,OTHER FIRE ACCIDENTS,105,0,0,0,53,52,105
PUNJAB,2005,FIRE-ARMS,15,0,0,0,13,2,15
PUNJAB,2005,SUDDEN DEATHS(HEART ATTACKS),285,0,0,0,258,27,285
PUNJAB,2005,EPILEPTIC FITS/GIDDINESS,92,0,0,0,84,8,92
PUNJAB,2005,ABORTIONS/CHILD BIRTH,4,0,0,0,0,4,4
PUNJAB,2005,INFLUENCE OF ALCOHOL,86,0,0,0,83,3,86
PUNJAB,2005,KILLED BY ANIMALS,19,0,0,0,19,0,19
PUNJAB,2005,MINES OR QUARY DISASTER,54,0,0,0,41,13,54
PUNJAB,2005,FOOD POISIONING/ACCIDENTAL INTAKE OF INSECTICIDES ETC.,33,0,0,0,24,9,33
PUNJAB,2005,SPURIOUS/POISIONOUS LIQUOR,212,0,0,0,150,62,212
PUNJAB,2005,LEAKAGE OF POISINOUS GASES ETC.,77,0,0,0,57,20,77
PUNJAB,2005,SNAKE BITE/ANIMAL BITE,7,0,0,0,6,1,7
PUNJAB,2005,OTHER,33,0,0,0,28,5,33
PUNJAB,2005,STAMPEDE,0,0,0,0,0,0,0
PUNJAB,2005,SUFFOCATION,245,0,0,0,194,51,245
PUNJAB,2005,TRAFFIC ACCIDENTS(ROAD ACCIDENTS),2152,1478,333,1811,1420,202,1622
PUNJAB,2005,TRAFFIC ACCIDENTS(RAIL-ROAD ACCIDENTS),0,0,0,0,0,0,0
PUNJAB,2005,OTHER RAILWAY ACCIDENTS,20,13,3,16,18,7,25
PUNJAB,2005,OTHER,654,6,2,8,589,65,654
PUNJAB,2005,CAUSES NOT KNOWN,551,0,0,0,486,65,551
PUNJAB,2005,TOTAL,5618,1497,338,1835,4318,775,5093
PUNJAB,2005,TOTAL COLLAPSE,36,0,0,0,34,2,36
PUNJAB,2005,TOTAL DROWNING,393,0,0,0,324,69,393
PUNJAB,2005,TOTAL EXPLOSION,6,0,0,0,6,0,6
PUNJAB,2005,TOTAL FALLS,139,0,0,0,127,12,139
PUNJAB,2005,TOTAL FIRE,240,0,0,0,108,132,240
PUNJAB,2005,TOTAL SUDDEN DEATHS,467,0,0,0,425,42,467
PUNJAB,2005,TOTAL POISONING,362,0,0,0,265,97,362
PUNJAB,2005,TOTAL TRAFFIC ACCIDENTS,2172,1491,336,1827,1438,209,1647
PUNJAB,2006,AIR-CRASH,0,0,0,0,0,0,0
PUNJAB,2006,COLLAPSE OF STRUCTURE(HOUSE),35,0,0,0,29,7,36
PUNJAB,2006,COLLAPSE OF STRUCTURE(BUILDING),7,0,0,0,8,0,8
PUNJAB,2006,COLLAPSE OF STRUCTURE(DAM),0,0,0,0,0,0,0
PUNJAB,2006,COLLAPSE OF STRUCTURE(BRIDGE),0,0,0,0,0,0,0
PUNJAB,2006,COLLAPSE OF STRUCTURE(OTHERS),17,0,0,0,17,0,17
PUNJAB,2006,DROWNING(BOAT CAPSIZE),0,0,0,0,0,0,0
PUNJAB,2006,DROWNING(OTHER),430,0,0,0,356,74,430
PUNJAB,2006,ELECTROCUTION,243,0,0,0,231,12,243
PUNJAB,2006,EXPLOSION(BOMB EXPLOSION),2,0,0,0,2,0,2
PUNJAB,2006,EXPLOSION(OTHER EXPLOSION LIKE BOIL,0,0,0,0,0,0,0
PUNJAB,2006,FALLS(FALL FROM HEIGHT),158,0,0,0,142,16,158
PUNJAB,2006,FALL INTO PIT/MANHOLE,54,0,0,0,52,2,54
PUNJAB,2006,FACTORY/MACHINE ACCIDENTS,43,0,0,0,40,3,43
PUNJAB,2006,FIRE(FIREWORKS/CRACKERS),15,0,0,0,14,1,15
PUNJAB,2006,FIRE(SHORT-CIRCUIT),32,0,0,0,28,4,32
PUNJAB,2006,GAS CYLINDER/STOVE BURST,120,0,0,0,26,94,120
PUNJAB,2006,OTHER FIRE ACCIDENTS,137,0,0,0,81,63,144
PUNJAB,2006,FIRE-ARMS,15,0,0,0,14,1,15
PUNJAB,2006,SUDDEN DEATHS(HEART ATTACKS),400,0,0,0,361,39,400
PUNJAB,2006,EPILEPTIC FITS/GIDDINESS,84,0,0,0,70,14,84
PUNJAB,2006,ABORTIONS/CHILD BIRTH,8,0,0,0,0,5,5
PUNJAB,2006,INFLUENCE OF ALCOHOL,190,0,0,0,189,1,190
PUNJAB,2006,KILLED BY ANIMALS,7,0,0,0,5,2,7
PUNJAB,2006,MINES OR QUARY DISASTER,0,0,0,0,0,0,0
PUNJAB,2006,FOOD POISIONING/ACCIDENTAL INTAKE OF INSECTICIDES ETC.,246,0,0,0,188,58,246
PUNJAB,2006,SPURIOUS/POISIONOUS LIQUOR,103,0,0,0,66,37,103
PUNJAB,2006,LEAKAGE OF POISINOUS GASES ETC.,86,0,0,0,70,16,86
PUNJAB,2006,SNAKE BITE/ANIMAL BITE,47,0,0,0,41,6,47
PUNJAB,2006,OTHER,243,0,0,0,188,57,245
PUNJAB,2006,STAMPEDE,0,0,0,0,0,0,0
PUNJAB,2006,SUFFOCATION,19,0,0,0,19,0,19
PUNJAB,2006,TRAFFIC ACCIDENTS(ROAD ACCIDENTS),2251,1348,292,1640,1766,282,2048
PUNJAB,2006,TRAFFIC ACCIDENTS(RAIL-ROAD ACCIDENTS),14,3,27,30,14,6,20
PUNJAB,2006,OTHER RAILWAY ACCIDENTS,780,0,0,0,687,93,780
PUNJAB,2006,OTHER,387,0,0,0,350,56,406
PUNJAB,2006,CAUSES NOT KNOWN,211,0,0,0,176,40,216
PUNJAB,2006,TOTAL,6384,1351,319,1670,5230,989,6219
PUNJAB,2006,TOTAL COLLAPSE,59,0,0,0,54,7,61
PUNJAB,2006,TOTAL DROWNING,430,0,0,0,356,74,430
PUNJAB,2006,TOTAL EXPLOSION,2,0,0,0,2,0,2
PUNJAB,2006,TOTAL FALLS,212,0,0,0,194,18,212
PUNJAB,2006,TOTAL FIRE,304,0,0,0,149,162,311
PUNJAB,2006,TOTAL SUDDEN DEATHS,682,0,0,0,620,59,679
PUNJAB,2006,TOTAL POISONING,725,0,0,0,553,174,727
PUNJAB,2006,TOTAL TRAFFIC ACCIDENTS,3045,1351,319,1670,2467,381,2848
PUNJAB,2007,AIR-CRASH,0,0,0,0,0,0,0
PUNJAB,2007,COLLAPSE OF STRUCTURE(HOUSE),13,0,0,0,12,2,14
PUNJAB,2007,COLLAPSE OF STRUCTURE(BUILDING),12,0,0,0,9,3,12
PUNJAB,2007,COLLAPSE OF STRUCTURE(DAM),0,0,0,0,0,0,0
PUNJAB,2007,COLLAPSE OF STRUCTURE(BRIDGE),0,0,0,0,0,0,0
PUNJAB,2007,COLLAPSE OF STRUCTURE(OTHERS),15,0,0,0,14,1,15
PUNJAB,2007,DROWNING(BOAT CAPSIZE),0,0,0,0,0,0,0
PUNJAB,2007,DROWNING(OTHER),500,0,0,0,448,53,501
PUNJAB,2007,ELECTROCUTION,254,0,0,0,244,10,254
PUNJAB,2007,EXPLOSION(BOMB EXPLOSION),0,0,0,0,0,0,0
PUNJAB,2007,EXPLOSION(OTHER EXPLOSION LIKE BOIL,6,0,0,0,3,3,6
PUNJAB,2007,FALLS(FALL FROM HEIGHT),108,0,0,0,100,8,108
PUNJAB,2007,FALL INTO PIT/MANHOLE,69,0,0,0,67,2,69
PUNJAB,2007,FACTORY/MACHINE ACCIDENTS,46,0,0,0,33,13,46
PUNJAB,2007,FIRE(FIREWORKS/CRACKERS),45,0,0,0,24,21,45
PUNJAB,2007,FIRE(SHORT-CIRCUIT),27,0,0,0,20,7,27
PUNJAB,2007,GAS CYLINDER/STOVE BURST,147,0,0,0,34,113,147
PUNJAB,2007,OTHER FIRE ACCIDENTS,157,0,0,0,90,71,161
PUNJAB,2007,FIRE-ARMS,24,0,0,0,20,4,24
PUNJAB,2007,SUDDEN DEATHS(HEART ATTACKS),513,0,0,0,453,60,513
PUNJAB,2007,EPILEPTIC FITS/GIDDINESS,75,0,0,0,65,10,75
PUNJAB,2007,ABORTIONS/CHILD BIRTH,6,0,0,0,0,6,6
PUNJAB,2007,INFLUENCE OF ALCOHOL,231,0,0,0,231,0,231
PUNJAB,2007,KILLED BY ANIMALS,29,0,0,0,22,7,29
PUNJAB,2007,MINES OR QUARY DISASTER,0,0,0,0,0,0,0
PUNJAB,2007,FOOD POISIONING/ACCIDENTAL INTAKE OF INSECTICIDES ETC.,331,0,0,0,231,100,331
PUNJAB,2007,SPURIOUS/POISIONOUS LIQUOR,175,0,0,0,127,48,175
PUNJAB,2007,LEAKAGE OF POISINOUS GASES ETC.,13,0,0,0,9,4,13
PUNJAB,2007,SNAKE BITE/ANIMAL BITE,46,0,0,0,37,9,46
PUNJAB,2007,OTHER,294,0,0,0,216,79,295
PUNJAB,2007,STAMPEDE,0,0,0,0,0,0,0
PUNJAB,2007,SUFFOCATION,16,0,0,0,11,7,18
PUNJAB,2007,TRAFFIC ACCIDENTS(ROAD ACCIDENTS),2391,1203,197,1400,1919,236,2155
PUNJAB,2007,TRAFFIC ACCIDENTS(RAIL-ROAD ACCIDENTS),21,18,4,22,38,17,55
PUNJAB,2007,OTHER RAILWAY ACCIDENTS,686,0,0,0,686,103,789
PUNJAB,2007,OTHER,579,0,0,0,499,80,579
PUNJAB,2007,CAUSES NOT KNOWN,58,0,0,0,49,9,58
PUNJAB,2007,TOTAL,6887,1221,201,1422,5711,1086,6797
PUNJAB,2007,TOTAL COLLAPSE,40,0,0,0,35,6,41
PUNJAB,2007,TOTAL DROWNING,500,0,0,0,448,53,501
PUNJAB,2007,TOTAL EXPLOSION,6,0,0,0,3,3,6
PUNJAB,2007,TOTAL FALLS,177,0,0,0,167,10,177
PUNJAB,2007,TOTAL FIRE,376,0,0,0,168,212,380
PUNJAB,2007,TOTAL SUDDEN DEATHS,825,0,0,0,749,76,825
PUNJAB,2007,TOTAL POISONING,859,0,0,0,620,240,860
PUNJAB,2007,TOTAL TRAFFIC ACCIDENTS,3098,1221,201,1422,2643,356,2999
PUNJAB,2008,AIR-CRASH,1,0,0,0,2,0,2
PUNJAB,2008,COLLAPSE OF STRUCTURE(HOUSE),19,0,0,0,16,3,19
PUNJAB,2008,COLLAPSE OF STRUCTURE(BUILDING),6,0,0,0,5,1,6
PUNJAB,2008,COLLAPSE OF STRUCTURE(DAM),7,0,0,0,4,2,6
PUNJAB,2008,COLLAPSE OF STRUCTURE(BRIDGE),0,0,0,0,0,0,0
PUNJAB,2008,COLLAPSE OF STRUCTURE(OTHERS),9,0,0,0,9,1,10
PUNJAB,2008,DROWNING(BOAT CAPSIZE),63,0,0,0,54,9,63
PUNJAB,2008,DROWNING(OTHER),455,0,0,0,433,61,494
PUNJAB,2008,ELECTROCUTION,268,0,0,0,274,15,289
PUNJAB,2008,EXPLOSION(BOMB EXPLOSION),0,0,0,0,0,0,0
PUNJAB,2008,EXPLOSION(OTHER EXPLOSION LIKE BOIL,1,0,0,0,0,1,1
PUNJAB,2008,FALLS(FALL FROM HEIGHT),129,0,0,0,145,5,150
PUNJAB,2008,FALL INTO PIT/MANHOLE,30,0,0,0,31,1,32
PUNJAB,2008,FACTORY/MACHINE ACCIDENTS,38,0,0,0,39,4,43
PUNJAB,2008,FIRE(FIREWORKS/CRACKERS),37,0,0,0,27,25,52
PUNJAB,2008,FIRE(SHORT-CIRCUIT),44,0,0,0,23,12,35
PUNJAB,2008,GAS CYLINDER/STOVE BURST,151,0,0,0,37,113,150
PUNJAB,2008,OTHER FIRE ACCIDENTS,138,0,0,0,88,60,148
PUNJAB,2008,FIRE-ARMS,24,0,0,0,33,5,38
PUNJAB,2008,SUDDEN DEATHS(HEART ATTACKS),453,0,0,0,450,40,490
PUNJAB,2008,EPILEPTIC FITS/GIDDINESS,68,0,0,0,60,8,68
PUNJAB,2008,ABORTIONS/CHILD BIRTH,11,0,0,0,0,3,3
PUNJAB,2008,INFLUENCE OF ALCOHOL,176,0,0,0,194,7,201
PUNJAB,2008,KILLED BY ANIMALS,3,0,0,0,4,0,4
PUNJAB,2008,MINES OR QUARY DISASTER,0,0,0,0,0,0,0
PUNJAB,2008,FOOD POISIONING/ACCIDENTAL INTAKE OF INSECTICIDES ETC.,257,0,0,0,206,78,284
PUNJAB,2008,SPURIOUS/POISIONOUS LIQUOR,182,0,0,0,167,52,219
PUNJAB,2008,LEAKAGE OF POISINOUS GASES ETC.,20,0,0,0,15,5,20
PUNJAB,2008,SNAKE BITE/ANIMAL BITE,43,0,0,0,35,10,45
PUNJAB,2008,OTHER,187,0,0,0,159,47,206
PUNJAB,2008,STAMPEDE,1,0,0,0,1,0,1
PUNJAB,2008,SUFFOCATION,12,0,0,0,11,2,13
PUNJAB,2008,TRAFFIC ACCIDENTS(ROAD ACCIDENTS),2394,1108,254,1362,1829,226,2055
PUNJAB,2008,TRAFFIC ACCIDENTS(RAIL-ROAD ACCIDENTS),15,1,0,1,19,10,29
PUNJAB,2008,OTHER RAILWAY ACCIDENTS,860,0,0,0,756,104,860
PUNJAB,2008,OTHER,586,0,0,0,496,89,585
PUNJAB,2008,CAUSES NOT KNOWN,111,0,0,0,90,15,105
PUNJAB,2008,TOTAL,6799,1109,254,1363,5712,1014,6726
PUNJAB,2008,TOTAL COLLAPSE,41,0,0,0,34,7,41
PUNJAB,2008,TOTAL DROWNING,518,0,0,0,487,70,557
PUNJAB,2008,TOTAL EXPLOSION,1,0,0,0,0,1,1
PUNJAB,2008,TOTAL FALLS,159,0,0,0,176,6,182
PUNJAB,2008,TOTAL FIRE,370,0,0,0,175,210,385
PUNJAB,2008,TOTAL SUDDEN DEATHS,708,0,0,0,704,58,762
PUNJAB,2008,TOTAL POISONING,689,0,0,0,582,192,774
PUNJAB,2008,TOTAL TRAFFIC ACCIDENTS,3269,1109,254,1363,2604,340,2944
PUNJAB,2009,AIR-CRASH,1,0,0,0,1,0,1
PUNJAB,2009,COLLAPSE OF STRUCTURE(HOUSE),15,0,0,0,14,1,15
PUNJAB,2009,COLLAPSE OF STRUCTURE(BUILDING),2,0,0,0,2,0,2
PUNJAB,2009,COLLAPSE OF STRUCTURE(DAM),1,1,0,1,2,0,2
PUNJAB,2009,COLLAPSE OF STRUCTURE(BRIDGE),0,0,0,0,0,0,0
PUNJAB,2009,COLLAPSE OF STRUCTURE(OTHERS),12,0,0,0,12,0,12
PUNJAB,2009,DROWNING(BOAT CAPSIZE),0,0,0,0,0,0,0
PUNJAB,2009,DROWNING(OTHER),592,0,0,0,511,81,592
PUNJAB,2009,ELECTROCUTION,297,1,0,1,282,15,297
PUNJAB,2009,EXPLOSION(BOMB EXPLOSION),0,0,0,0,0,0,0
PUNJAB,2009,EXPLOSION(OTHER EXPLOSION LIKE BOIL,14,0,0,0,11,3,14
PUNJAB,2009,FALLS(FALL FROM HEIGHT),166,0,0,0,154,12,166
PUNJAB,2009,FALL INTO PIT/MANHOLE,57,0,0,0,53,4,57
PUNJAB,2009,FACTORY/MACHINE ACCIDENTS,54,0,0,0,50,4,54
PUNJAB,2009,FIRE(FIREWORKS/CRACKERS),31,0,1,1,18,15,33
PUNJAB,2009,FIRE(SHORT-CIRCUIT),16,0,0,0,16,0,16
PUNJAB,2009,GAS CYLINDER/STOVE BURST,164,0,0,0,51,113,164
PUNJAB,2009,OTHER FIRE ACCIDENTS,158,0,0,0,63,95,158
PUNJAB,2009,FIRE-ARMS,15,0,0,0,12,3,15
PUNJAB,2009,SUDDEN DEATHS(HEART ATTACKS),535,0,0,0,486,51,537
PUNJAB,2009,EPILEPTIC FITS/GIDDINESS,78,0,0,0,69,9,78
PUNJAB,2009,ABORTIONS/CHILD BIRTH,4,0,0,0,0,4,4
PUNJAB,2009,INFLUENCE OF ALCOHOL,272,0,0,0,258,14,272
PUNJAB,2009,KILLED BY ANIMALS,11,0,0,0,8,3,11
PUNJAB,2009,MINES OR QUARY DISASTER,0,0,0,0,0,0,0
PUNJAB,2009,FOOD POISIONING/ACCIDENTAL INTAKE OF INSECTICIDES ETC.,323,0,0,0,227,102,329
PUNJAB,2009,SPURIOUS/POISIONOUS LIQUOR,185,0,0,0,149,36,185
PUNJAB,2009,LEAKAGE OF POISINOUS GASES ETC.,17,0,0,0,8,9,17
PUNJAB,2009,SNAKE BITE/ANIMAL BITE,68,0,0,0,57,11,68
PUNJAB,2009,OTHER,192,0,0,0,133,59,192
PUNJAB,2009,STAMPEDE,0,0,0,0,0,0,0
PUNJAB,2009,SUFFOCATION,19,0,0,0,17,6,23
PUNJAB,2009,TRAFFIC ACCIDENTS(ROAD ACCIDENTS),2684,995,191,1186,2150,242,2392
PUNJAB,2009,TRAFFIC ACCIDENTS(RAIL-ROAD ACCIDENTS),16,0,8,8,9,7,16
PUNJAB,2009,OTHER RAILWAY ACCIDENTS,832,1,0,1,719,113,832
PUNJAB,2009,OTHER,602,0,0,0,513,89,602
PUNJAB,2009,CAUSES NOT KNOWN,159,0,0,0,131,28,159
PUNJAB,2009,TOTAL,7592,998,200,1198,6186,1129,7315
PUNJAB,2009,TOTAL COLLAPSE,30,1,0,1,30,1,31
PUNJAB,2009,TOTAL DROWNING,592,0,0,0,511,81,592
PUNJAB,2009,TOTAL EXPLOSION,14,0,0,0,11,3,14
PUNJAB,2009,TOTAL FALLS,223,0,0,0,207,16,223
PUNJAB,2009,TOTAL FIRE,369,0,1,1,148,223,371
PUNJAB,2009,TOTAL SUDDEN DEATHS,889,0,0,0,813,78,891
PUNJAB,2009,TOTAL POISONING,785,0,0,0,574,217,791
PUNJAB,2009,TOTAL TRAFFIC ACCIDENTS,3532,996,199,1195,2878,362,3240
PUNJAB,2010,AIR-CRASH,0,0,0,0,0,0,0
PUNJAB,2010,COLLAPSE OF STRUCTURE(HOUSE),11,1,0,1,8,3,11
PUNJAB,2010,COLLAPSE OF STRUCTURE(BUILDING),6,0,0,0,5,1,6
PUNJAB,2010,COLLAPSE OF STRUCTURE(DAM),0,0,0,0,0,0,0
PUNJAB,2010,COLLAPSE OF STRUCTURE(BRIDGE),0,0,0,0,0,0,0
PUNJAB,2010,COLLAPSE OF STRUCTURE(OTHERS),60,1,0,1,54,7,61
PUNJAB,2010,DROWNING(BOAT CAPSIZE),4,2,2,4,0,0,0
PUNJAB,2010,DROWNING(OTHER),495,1,0,1,420,74,494
PUNJAB,2010,ELECTROCUTION,340,4,5,9,315,23,338
PUNJAB,2010,EXPLOSION(BOMB EXPLOSION),1,0,0,0,1,0,1
PUNJAB,2010,EXPLOSION(OTHER EXPLOSION LIKE BOIL,9,0,0,0,7,2,9
PUNJAB,2010,FALLS(FALL FROM HEIGHT),155,4,0,4,141,14,155
PUNJAB,2010,FALL INTO PIT/MANHOLE,28,1,0,1,25,5,30
PUNJAB,2010,FACTORY/MACHINE ACCIDENTS,60,3,0,3,47,13,60
PUNJAB,2010,FIRE(FIREWORKS/CRACKERS),16,0,0,0,8,8,16
PUNJAB,2010,FIRE(SHORT-CIRCUIT),31,0,1,1,26,5,31
PUNJAB,2010,GAS CYLINDER/STOVE BURST,177,0,6,6,48,123,171
PUNJAB,2010,OTHER FIRE ACCIDENTS,134,0,0,0,67,67,134
PUNJAB,2010,FIRE-ARMS,34,12,0,12,19,3,22
PUNJAB,2010,SUDDEN DEATHS(HEART ATTACKS),555,0,0,0,498,59,557
PUNJAB,2010,EPILEPTIC FITS/GIDDINESS,67,0,0,0,57,10,67
PUNJAB,2010,ABORTIONS/CHILD BIRTH,6,0,0,0,0,6,6
PUNJAB,2010,INFLUENCE OF ALCOHOL,234,0,0,0,226,8,234
PUNJAB,2010,KILLED BY ANIMALS,8,0,0,0,8,0,8
PUNJAB,2010,MINES OR QUARY DISASTER,0,0,0,0,0,0,0
PUNJAB,2010,FOOD POISIONING/ACCIDENTAL INTAKE OF INSECTICIDES ETC.,312,0,0,0,198,115,313
PUNJAB,2010,SPURIOUS/POISIONOUS LIQUOR,182,0,0,0,156,27,183
PUNJAB,2010,LEAKAGE OF POISINOUS GASES ETC.,23,2,0,2,14,9,23
PUNJAB,2010,SNAKE BITE/ANIMAL BITE,70,0,0,0,64,6,70
PUNJAB,2010,OTHER,199,0,0,0,141,58,199
PUNJAB,2010,STAMPEDE,5,0,0,0,3,2,5
PUNJAB,2010,SUFFOCATION,21,0,0,0,15,6,21
PUNJAB,2010,TRAFFIC ACCIDENTS(ROAD ACCIDENTS),2439,728,187,915,1881,252,2133
PUNJAB,2010,TRAFFIC ACCIDENTS(RAIL-ROAD ACCIDENTS),14,0,0,0,12,2,14
PUNJAB,2010,OTHER RAILWAY ACCIDENTS,949,0,0,0,865,84,949
PUNJAB,2010,OTHER,619,0,0,0,545,76,621
PUNJAB,2010,CAUSES NOT KNOWN,168,76,7,83,104,27,131
PUNJAB,2010,TOTAL,7432,835,208,1043,5978,1095,7073
PUNJAB,2010,TOTAL COLLAPSE,77,2,0,2,67,11,78
PUNJAB,2010,TOTAL DROWNING,499,3,2,5,420,74,494
PUNJAB,2010,TOTAL EXPLOSION,10,0,0,0,8,2,10
PUNJAB,2010,TOTAL FALLS,183,5,0,5,166,19,185
PUNJAB,2010,TOTAL FIRE,358,0,7,7,149,203,352
PUNJAB,2010,TOTAL SUDDEN DEATHS,862,0,0,0,781,83,864
PUNJAB,2010,TOTAL POISONING,786,2,0,2,573,215,788
PUNJAB,2010,TOTAL TRAFFIC ACCIDENTS,3402,728,187,915,2758,338,3096
PUNJAB,2011,AIR-CRASH,0,0,0,0,0,0,0
PUNJAB,2011,COLLAPSE OF STRUCTURE(HOUSE),20,0,0,0,13,9,22
PUNJAB,2011,COLLAPSE OF STRUCTURE(BUILDING),3,2,0,2,2,0,2
PUNJAB,2011,COLLAPSE OF STRUCTURE(DAM),0,0,0,0,0,0,0
PUNJAB,2011,COLLAPSE OF STRUCTURE(BRIDGE),0,0,0,0,0,0,0
PUNJAB,2011,COLLAPSE OF STRUCTURE(OTHERS),41,0,0,0,38,4,42
PUNJAB,2011,DROWNING(BOAT CAPSIZE),3,0,0,0,3,0,3
PUNJAB,2011,DROWNING(OTHER),498,0,0,0,441,60,501
PUNJAB,2011,ELECTROCUTION,271,0,0,0,258,13,271
PUNJAB,2011,EXPLOSION(BOMB EXPLOSION),0,0,0,0,0,0,0
PUNJAB,2011,EXPLOSION(OTHER EXPLOSION LIKE BOIL,7,0,0,0,5,2,7
PUNJAB,2011,FALLS(FALL FROM HEIGHT),151,1,1,2,141,11,152
PUNJAB,2011,FALL INTO PIT/MANHOLE,36,0,0,0,33,3,36
PUNJAB,2011,FACTORY/MACHINE ACCIDENTS,44,0,0,0,41,3,44
PUNJAB,2011,FIRE(FIREWORKS/CRACKERS),14,0,0,0,4,10,14
PUNJAB,2011,FIRE(SHORT-CIRCUIT),59,2,0,2,57,2,59
PUNJAB,2011,GAS CYLINDER/STOVE BURST,175,0,0,0,29,146,175
PUNJAB,2011,OTHER FIRE ACCIDENTS,139,0,0,0,77,62,139
PUNJAB,2011,FIRE-ARMS,21,0,0,0,20,1,21
PUNJAB,2011,SUDDEN DEATHS(HEART ATTACKS),535,0,0,0,493,42,535
PUNJAB,2011,EPILEPTIC FITS/GIDDINESS,68,0,0,0,59,9,68
PUNJAB,2011,ABORTIONS/CHILD BIRTH,3,0,0,0,0,3,3
PUNJAB,2011,INFLUENCE OF ALCOHOL,253,0,0,0,253,0,253
PUNJAB,2011,KILLED BY ANIMALS,10,0,0,0,10,0,10
PUNJAB,2011,MINES OR QUARY DISASTER,8,0,0,0,8,0,8
PUNJAB,2011,FOOD POISIONING/ACCIDENTAL INTAKE OF INSECTICIDES ETC.,318,0,0,0,214,104,318
PUNJAB,2011,SPURIOUS/POISIONOUS LIQUOR,105,0,0,0,82,23,105
PUNJAB,2011,LEAKAGE OF POISINOUS GASES ETC.,8,0,0,0,7,2,9
PUNJAB,2011,SNAKE BITE/ANIMAL BITE,57,0,0,0,44,13,57
PUNJAB,2011,OTHER,245,0,0,0,189,56,245
PUNJAB,2011,STAMPEDE,0,0,0,0,0,0,0
PUNJAB,2011,SUFFOCATION,19,0,0,0,19,3,22
PUNJAB,2011,TRAFFIC ACCIDENTS(ROAD ACCIDENTS),6496,3346,735,4081,4284,613,4897
PUNJAB,2011,TRAFFIC ACCIDENTS(RAIL-ROAD ACCIDENTS),17,0,0,0,29,5,34
PUNJAB,2011,OTHER RAILWAY ACCIDENTS,934,0,0,0,814,103,917
PUNJAB,2011,OTHER,410,0,0,0,362,50,412
PUNJAB,2011,CAUSES NOT KNOWN,131,0,0,0,125,26,151
PUNJAB,2011,TOTAL,11099,3351,736,4087,8154,1378,9532
PUNJAB,2011,TOTAL COLLAPSE,64,2,0,2,53,13,66
PUNJAB,2011,TOTAL DROWNING,501,0,0,0,444,60,504
PUNJAB,2011,TOTAL EXPLOSION,7,0,0,0,5,2,7
PUNJAB,2011,TOTAL FALLS,187,1,1,2,174,14,188
PUNJAB,2011,TOTAL FIRE,387,2,0,2,167,220,387
PUNJAB,2011,TOTAL SUDDEN DEATHS,859,0,0,0,805,54,859
PUNJAB,2011,TOTAL POISONING,733,0,0,0,536,198,734
PUNJAB,2011,TOTAL TRAFFIC ACCIDENTS,7447,3346,735,4081,5127,721,5848
PUNJAB,2012,AIR-CRASH,0,0,0,0,0,0,0
PUNJAB,2012,COLLAPSE OF STRUCTURE(HOUSE),37,6,7,13,42,34,76
PUNJAB,2012,COLLAPSE OF STRUCTURE(BUILDING),43,4,1,5,32,1,33
PUNJAB,2012,COLLAPSE OF STRUCTURE(DAM),0,0,0,0,0,0,0
PUNJAB,2012,COLLAPSE OF STRUCTURE(BRIDGE),10,5,3,8,5,0,5
PUNJAB,2012,COLLAPSE OF STRUCTURE(OTHERS),104,17,4,21,92,29,121
PUNJAB,2012,DROWNING(BOAT CAPSIZE),0,0,0,0,0,0,0
PUNJAB,2012,DROWNING(OTHER),545,22,2,24,435,72,507
PUNJAB,2012,ELECTROCUTION,260,12,3,15,247,16,263
PUNJAB,2012,EXPLOSION(BOMB EXPLOSION),0,0,0,0,0,0,0
PUNJAB,2012,EXPLOSION(OTHER EXPLOSION LIKE BOIL,23,8,6,14,18,8,26
PUNJAB,2012,FALLS(FALL FROM HEIGHT),151,0,0,0,140,15,155
PUNJAB,2012,FALL INTO PIT/MANHOLE,18,0,0,0,17,4,21
PUNJAB,2012,FACTORY/MACHINE ACCIDENTS,61,7,0,7,57,4,61
PUNJAB,2012,FIRE(FIREWORKS/CRACKERS),18,0,0,0,10,8,18
PUNJAB,2012,FIRE(SHORT-CIRCUIT),30,2,1,3,41,9,50
PUNJAB,2012,GAS CYLINDER/STOVE BURST,171,6,10,16,41,138,179
PUNJAB,2012,OTHER FIRE ACCIDENTS,113,13,3,16,58,57,115
PUNJAB,2012,FIRE-ARMS,19,0,0,0,18,1,19
PUNJAB,2012,SUDDEN DEATHS(HEART ATTACKS),670,8,0,8,594,62,656
PUNJAB,2012,EPILEPTIC FITS/GIDDINESS,120,0,0,0,94,26,120
PUNJAB,2012,ABORTIONS/CHILD BIRTH,22,0,3,3,0,13,13
PUNJAB,2012,INFLUENCE OF ALCOHOL,284,2,0,2,268,5,273
PUNJAB,2012,KILLED BY ANIMALS,14,4,2,6,10,3,13
PUNJAB,2012,MINES OR QUARY DISASTER,0,0,0,0,0,0,0
PUNJAB,2012,FOOD POISIONING/ACCIDENTAL INTAKE OF INSECTICIDES ETC.,404,0,0,0,274,130,404
PUNJAB,2012,SPURIOUS/POISIONOUS LIQUOR,20,0,0,0,19,1,20
PUNJAB,2012,LEAKAGE OF POISINOUS GASES ETC.,12,0,0,0,9,3,12
PUNJAB,2012,SNAKE BITE/ANIMAL BITE,42,2,0,2,36,7,43
PUNJAB,2012,OTHER,276,5,2,7,197,57,254
PUNJAB,2012,STAMPEDE,0,0,0,0,0,0,0
PUNJAB,2012,SUFFOCATION,22,0,0,0,21,2,23
PUNJAB,2012,TRAFFIC ACCIDENTS(ROAD ACCIDENTS),6328,3216,777,3993,4037,758,4795
PUNJAB,2012,TRAFFIC ACCIDENTS(RAIL-ROAD ACCIDENTS),13,4,0,4,15,10,25
PUNJAB,2012,OTHER RAILWAY ACCIDENTS,940,0,0,0,838,102,940
PUNJAB,2012,OTHER,460,4,1,5,481,58,539
PUNJAB,2012,CAUSES NOT KNOWN,157,0,0,0,132,19,151
PUNJAB,2012,TOTAL,11387,3347,825,4172,8278,1652,9930
PUNJAB,2012,TOTAL COLLAPSE,194,32,15,47,171,64,235
PUNJAB,2012,TOTAL DROWNING,545,22,2,24,435,72,507
PUNJAB,2012,TOTAL EXPLOSION,23,8,6,14,18,8,26
PUNJAB,2012,TOTAL FALLS,169,0,0,0,157,19,176
PUNJAB,2012,TOTAL FIRE,332,21,14,35,150,212,362
PUNJAB,2012,TOTAL SUDDEN DEATHS,1096,10,3,13,956,106,1062
PUNJAB,2012,TOTAL POISONING,754,7,2,9,535,198,733
PUNJAB,2012,TOTAL TRAFFIC ACCIDENTS,7281,3220,777,3997,4890,870,5760
RAJASTHAN,2001,AIR-CRASH,1,0,0,0,1,0,1
RAJASTHAN,2001,COLLAPSE OF STRUCTURE(HOUSE),46,0,0,0,31,15,46
RAJASTHAN,2001,COLLAPSE OF STRUCTURE(BUILDING),5,0,0,0,4,1,5
RAJASTHAN,2001,COLLAPSE OF STRUCTURE(DAM),5,0,0,0,4,1,5
RAJASTHAN,2001,COLLAPSE OF STRUCTURE(BRIDGE),1,0,0,0,1,0,1
RAJASTHAN,2001,COLLAPSE OF STRUCTURE(OTHERS),47,1,0,1,40,12,52
RAJASTHAN,2001,DROWNING(BOAT CAPSIZE),0,0,0,0,0,0,0
RAJASTHAN,2001,DROWNING(OTHER),1324,0,0,0,938,433,1371
RAJASTHAN,2001,ELECTROCUTION,360,0,0,0,322,44,366
RAJASTHAN,2001,EXPLOSION(BOMB EXPLOSION),4,0,0,0,4,0,4
RAJASTHAN,2001,EXPLOSION(OTHER EXPLOSION LIKE BOILERS,,11,0,0,0,11,0,11
RAJASTHAN,2001,FALLS(FALL FROM HEIGHT),393,0,0,0,324,71,395
RAJASTHAN,2001,FALL INTO PIT/MANHOLE,47,0,0,0,40,12,52
RAJASTHAN,2001,FACTORY/MACHINE ACCIDENTS,51,0,0,0,43,8,51
RAJASTHAN,2001,FIRE(FIREWORKS/CRACKERS),2,0,0,0,2,0,2
RAJASTHAN,2001,FIRE(SHORT-CIRCUIT),10,0,0,0,8,2,10
RAJASTHAN,2001,GAS CYLINDER/STOVE BURST,125,3,5,8,36,89,125
RAJASTHAN,2001,OTHER FIRE ACCIDENTS,636,0,0,0,248,393,641
RAJASTHAN,2001,FIRE-ARMS,7,0,0,0,7,0,7
RAJASTHAN,2001,SUDDEN DEATHS(HEART ATTACKS),329,0,0,0,288,41,329
RAJASTHAN,2001,EPILEPTIC FITS/GIDDINESS,231,0,0,0,192,39,231
RAJASTHAN,2001,ABORTIONS/CHILD BIRTH,26,0,0,0,0,26,26
RAJASTHAN,2001,INFLUENCE OF ALCOHOL,152,0,0,0,150,2,152
RAJASTHAN,2001,KILLED BY ANIMALS,17,0,0,0,14,3,17
RAJASTHAN,2001,MINES OR QUARY DISASTER,86,0,0,0,77,18,95
RAJASTHAN,2001,FOOD POISIONING/ACCIDENTAL INTAKE OF INSECTICIDES ETC.,714,0,0,0,439,278,717
RAJASTHAN,2001,SPURIOUS/POISIONOUS LIQUOR,0,0,0,0,0,0,0
RAJASTHAN,2001,LEAKAGE OF POISINOUS GASES ETC.,5,0,0,0,6,0,6
RAJASTHAN,2001,SNAKE BITE/ANIMAL BITE,73,0,0,0,55,18,73
RAJASTHAN,2001,OTHER,163,0,0,0,116,47,163
RAJASTHAN,2001,STAMPEDE,0,0,0,0,0,0,0
RAJASTHAN,2001,SUFFOCATION,154,0,0,0,115,42,157
RAJASTHAN,2001,TRAFFIC ACCIDENTS(ROAD ACCIDENTS),19999,21758,4236,25994,4358,829,5187
RAJASTHAN,2001,TRAFFIC ACCIDENTS(RAIL-ROAD ACCIDENTS),29,3,1,4,22,3,25
RAJASTHAN,2001,OTHER RAILWAY ACCIDENTS,449,6,5,11,351,100,451
RAJASTHAN,2001,OTHER,1867,0,0,0,1320,573,1893
RAJASTHAN,2001,CAUSES NOT KNOWN,983,0,0,0,764,219,983
RAJASTHAN,2001,TOTAL,28352,21771,4247,26018,10331,3319,13650
RAJASTHAN,2001,TOTAL COLLAPSE,104,1,0,1,80,29,109
RAJASTHAN,2001,TOTAL DROWNING,1324,0,0,0,938,433,1371
RAJASTHAN,2001,TOTAL EXPLOSION,15,0,0,0,15,0,15
RAJASTHAN,2001,TOTAL FALLS,440,0,0,0,364,83,447
RAJASTHAN,2001,TOTAL FIRE,773,3,5,8,294,484,778
RAJASTHAN,2001,TOTAL SUDDEN DEATHS,738,0,0,0,630,108,738
RAJASTHAN,2001,TOTAL POISONING,955,0,0,0,616,343,959
RAJASTHAN,2001,TOTAL TRAFFIC ACCIDENTS,20477,21767,4242,26009,4731,932,5663
RAJASTHAN,2002,AIR-CRASH,0,0,0,0,0,0,0
RAJASTHAN,2002,COLLAPSE OF STRUCTURE(HOUSE),42,0,0,0,36,6,42
RAJASTHAN,2002,COLLAPSE OF STRUCTURE(BUILDING),10,0,0,0,6,4,10
RAJASTHAN,2002,COLLAPSE OF STRUCTURE(DAM),0,0,0,0,0,0,0
RAJASTHAN,2002,COLLAPSE OF STRUCTURE(BRIDGE),3,12,0,12,3,0,3
RAJASTHAN,2002,COLLAPSE OF STRUCTURE(OTHERS),49,0,8,8,40,13,53
RAJASTHAN,2002,DROWNING(BOAT CAPSIZE),0,0,0,0,0,0,0
RAJASTHAN,2002,DROWNING(OTHER),1096,0,0,0,773,368,1141
RAJASTHAN,2002,ELECTROCUTION,354,1,0,1,321,44,365
RAJASTHAN,2002,EXPLOSION(BOMB EXPLOSION),27,9,1,10,23,4,27
RAJASTHAN,2002,EXPLOSION(OTHER EXPLOSION LIKE BOILERS, GAS CYLINDER ETC.),19,0,0,0,14,7,21
RAJASTHAN,2002,FALLS(FALL FROM HEIGHT),471,0,0,0,371,101,472
RAJASTHAN,2002,FALL INTO PIT/MANHOLE,128,0,0,0,104,26,130
RAJASTHAN,2002,FACTORY/MACHINE ACCIDENTS,46,0,0,0,39,7,46
RAJASTHAN,2002,FIRE(FIREWORKS/CRACKERS),3,0,0,0,3,0,3
RAJASTHAN,2002,FIRE(SHORT-CIRCUIT),13,0,0,0,6,9,15
RAJASTHAN,2002,GAS CYLINDER/STOVE BURST,124,1,2,3,31,92,123
RAJASTHAN,2002,OTHER FIRE ACCIDENTS,634,0,0,0,320,335,655
RAJASTHAN,2002,FIRE-ARMS,10,0,0,0,10,0,10
RAJASTHAN,2002,SUDDEN DEATHS(HEART ATTACKS),355,0,0,0,306,49,355
RAJASTHAN,2002,EPILEPTIC FITS/GIDDINESS,197,0,0,0,164,33,197
RAJASTHAN,2002,ABORTIONS/CHILD BIRTH,24,0,0,0,0,24,24
RAJASTHAN,2002,INFLUENCE OF ALCOHOL,198,0,0,0,198,1,199
RAJASTHAN,2002,KILLED BY ANIMALS,36,0,0,0,25,11,36
RAJASTHAN,2002,MINES OR QUARY DISASTER,92,0,0,0,74,23,97
RAJASTHAN,2002,FOOD POISIONING/ACCIDENTAL INTAKE OF INSECTICIDES ETC.,871,2,0,2,550,324,874
RAJASTHAN,2002,SPURIOUS/POISIONOUS LIQUOR,0,0,0,0,0,0,0
RAJASTHAN,2002,LEAKAGE OF POISINOUS GASES ETC.,0,0,0,0,0,0,0
RAJASTHAN,2002,SNAKE BITE/ANIMAL BITE,108,2,0,2,67,42,109
RAJASTHAN,2002,OTHER,172,0,0,0,126,47,173
RAJASTHAN,2002,STAMPEDE,0,0,0,0,0,0,0
RAJASTHAN,2002,SUFFOCATION,181,0,0,0,133,56,189
RAJASTHAN,2002,TRAFFIC ACCIDENTS(ROAD ACCIDENTS),20571,22894,4225,27119,4712,823,5535
RAJASTHAN,2002,TRAFFIC ACCIDENTS(RAIL-ROAD ACCIDENTS),17,0,0,0,12,5,17
RAJASTHAN,2002,OTHER RAILWAY ACCIDENTS,232,0,0,0,198,36,234
RAJASTHAN,2002,OTHER,1568,0,0,0,1259,454,1713
RAJASTHAN,2002,CAUSES NOT KNOWN,1171,0,0,0,892,282,1174
RAJASTHAN,2002,TOTAL,28822,22921,4236,27157,10816,3226,14042
RAJASTHAN,2002,TOTAL COLLAPSE,104,12,8,20,85,23,108
RAJASTHAN,2002,TOTAL DROWNING,1096,0,0,0,773,368,1141
RAJASTHAN,2002,TOTAL EXPLOSION,46,9,1,10,37,11,48
RAJASTHAN,2002,TOTAL FALLS,599,0,0,0,475,127,602
RAJASTHAN,2002,TOTAL FIRE,774,1,2,3,360,436,796
RAJASTHAN,2002,TOTAL SUDDEN DEATHS,774,0,0,0,668,107,775
RAJASTHAN,2002,TOTAL POISONING,1151,4,0,4,743,413,1156
RAJASTHAN,2002,TOTAL TRAFFIC ACCIDENTS,20820,22894,4225,27119,4922,864,5786
RAJASTHAN,2003,AIR-CRASH,3,0,0,0,3,0,3
RAJASTHAN,2003,COLLAPSE OF STRUCTURE(HOUSE),63,0,1,1,49,13,62
RAJASTHAN,2003,COLLAPSE OF STRUCTURE(BUILDING),8,0,0,0,6,2,8
RAJASTHAN,2003,COLLAPSE OF STRUCTURE(DAM),0,0,0,0,0,0,0
RAJASTHAN,2003,COLLAPSE OF STRUCTURE(BRIDGE),0,0,0,0,0,0,0
RAJASTHAN,2003,COLLAPSE OF STRUCTURE(OTHERS),42,0,0,0,36,8,44
RAJASTHAN,2003,DROWNING(BOAT CAPSIZE),0,0,0,0,0,0,0
RAJASTHAN,2003,DROWNING(OTHER),1411,1,0,1,1121,350,1471
RAJASTHAN,2003,ELECTROCUTION,364,0,0,0,326,44,370
RAJASTHAN,2003,EXPLOSION(BOMB EXPLOSION),2,0,0,0,2,0,2
RAJASTHAN,2003,EXPLOSION(OTHER EXPLOSION LIKE BOILERS,,28,0,0,0,19,15,34
RAJASTHAN,2003,FALLS(FALL FROM HEIGHT),486,3,0,3,379,104,483
RAJASTHAN,2003,FALL INTO PIT/MANHOLE,110,0,0,0,78,32,110
RAJASTHAN,2003,FACTORY/MACHINE ACCIDENTS,61,0,0,0,57,4,61
RAJASTHAN,2003,FIRE(FIREWORKS/CRACKERS),2,0,0,0,2,0,2
RAJASTHAN,2003,FIRE(SHORT-CIRCUIT),30,0,0,0,23,7,30
RAJASTHAN,2003,GAS CYLINDER/STOVE BURST,91,0,1,1,23,69,92
RAJASTHAN,2003,OTHER FIRE ACCIDENTS,515,1,0,1,215,308,523
RAJASTHAN,2003,FIRE-ARMS,6,0,0,0,6,0,6
RAJASTHAN,2003,SUDDEN DEATHS(HEART ATTACKS),461,0,0,0,374,87,461
RAJASTHAN,2003,EPILEPTIC FITS/GIDDINESS,174,0,0,0,153,23,176
RAJASTHAN,2003,ABORTIONS/CHILD BIRTH,24,0,0,0,0,24,24
RAJASTHAN,2003,INFLUENCE OF ALCOHOL,211,1,0,1,210,0,210
RAJASTHAN,2003,KILLED BY ANIMALS,23,0,0,0,17,7,24
RAJASTHAN,2003,MINES OR QUARY DISASTER,84,2,1,3,67,22,89
RAJASTHAN,2003,FOOD POISIONING/ACCIDENTAL INTAKE OF INSECTICIDES ETC.,1018,4,2,6,686,337,1023
RAJASTHAN,2003,SPURIOUS/POISIONOUS LIQUOR,1,0,0,0,2,0,2
RAJASTHAN,2003,LEAKAGE OF POISINOUS GASES ETC.,2,3,0,3,7,0,7
RAJASTHAN,2003,SNAKE BITE/ANIMAL BITE,73,0,0,0,50,23,73
RAJASTHAN,2003,OTHER,112,0,0,0,82,31,113
RAJASTHAN,2003,STAMPEDE,0,0,0,0,0,0,0
RAJASTHAN,2003,SUFFOCATION,237,0,0,0,200,41,241
RAJASTHAN,2003,TRAFFIC ACCIDENTS(ROAD ACCIDENTS),21933,24852,4227,29079,5107,918,6025
RAJASTHAN,2003,TRAFFIC ACCIDENTS(RAIL-ROAD ACCIDENTS),3,0,0,0,3,0,3
RAJASTHAN,2003,OTHER RAILWAY ACCIDENTS,264,0,0,0,231,34,265
RAJASTHAN,2003,OTHER,2120,3,1,4,1267,375,1642
RAJASTHAN,2003,CAUSES NOT KNOWN,1009,0,0,0,796,226,1022
RAJASTHAN,2003,TOTAL,30971,24870,4233,29103,11597,3104,14701
RAJASTHAN,2003,TOTAL COLLAPSE,113,0,1,1,91,23,114
RAJASTHAN,2003,TOTAL DROWNING,1411,1,0,1,1121,350,1471
RAJASTHAN,2003,TOTAL EXPLOSION,30,0,0,0,21,15,36
RAJASTHAN,2003,TOTAL FALLS,596,3,0,3,457,136,593
RAJASTHAN,2003,TOTAL FIRE,638,1,1,2,263,384,647
RAJASTHAN,2003,TOTAL SUDDEN DEATHS,870,1,0,1,737,134,871
RAJASTHAN,2003,TOTAL POISONING,1206,7,2,9,827,391,1218
RAJASTHAN,2003,TOTAL TRAFFIC ACCIDENTS,22200,24852,4227,29079,5341,952,6293
RAJASTHAN,2004,AIR-CRASH,1,0,0,0,1,0,1
RAJASTHAN,2004,COLLAPSE OF STRUCTURE(HOUSE),36,2,0,2,30,13,43
RAJASTHAN,2004,COLLAPSE OF STRUCTURE(BUILDING),3,0,0,0,1,2,3
RAJASTHAN,2004,COLLAPSE OF STRUCTURE(DAM),0,0,0,0,0,0,0
RAJASTHAN,2004,COLLAPSE OF STRUCTURE(BRIDGE),0,0,0,0,0,0,0
RAJASTHAN,2004,COLLAPSE OF STRUCTURE(OTHERS),41,1,0,1,32,14,46
RAJASTHAN,2004,DROWNING(BOAT CAPSIZE),42,0,0,0,32,12,44
RAJASTHAN,2004,DROWNING(OTHER),1251,7,2,9,930,376,1306
RAJASTHAN,2004,ELECTROCUTION,370,0,0,0,336,46,382
RAJASTHAN,2004,EXPLOSION(BOMB EXPLOSION),1,0,0,0,1,0,1
RAJASTHAN,2004,EXPLOSION(OTHER EXPLOSION LIKE BOILERS,,18,1,1,2,13,6,19
RAJASTHAN,2004,FALLS(FALL FROM HEIGHT),485,0,0,0,387,100,487
RAJASTHAN,2004,FALL INTO PIT/MANHOLE,86,0,0,0,70,16,86
RAJASTHAN,2004,FACTORY/MACHINE ACCIDENTS,43,1,0,1,44,10,54
RAJASTHAN,2004,FIRE(FIREWORKS/CRACKERS),5,1,0,1,5,2,7
RAJASTHAN,2004,FIRE(SHORT-CIRCUIT),35,0,0,0,34,3,37
RAJASTHAN,2004,GAS CYLINDER/STOVE BURST,101,1,1,2,29,72,101
RAJASTHAN,2004,OTHER FIRE ACCIDENTS,591,2,1,3,235,363,598
RAJASTHAN,2004,FIRE-ARMS,3,0,0,0,4,0,4
RAJASTHAN,2004,SUDDEN DEATHS(HEART ATTACKS),409,0,0,0,342,67,409
RAJASTHAN,2004,EPILEPTIC FITS/GIDDINESS,79,0,0,0,58,21,79
RAJASTHAN,2004,ABORTIONS/CHILD BIRTH,35,0,0,0,0,35,35
RAJASTHAN,2004,INFLUENCE OF ALCOHOL,183,0,0,0,180,3,183
RAJASTHAN,2004,KILLED BY ANIMALS,37,0,0,0,24,13,37
RAJASTHAN,2004,MINES OR QUARY DISASTER,98,0,0,0,88,19,107
RAJASTHAN,2004,FOOD POISIONING/ACCIDENTAL INTAKE OF INSECTICIDES ETC.,1101,0,0,0,761,354,1115
RAJASTHAN,2004,SPURIOUS/POISIONOUS LIQUOR,10,0,0,0,10,0,10
RAJASTHAN,2004,LEAKAGE OF POISINOUS GASES ETC.,2,0,0,0,3,0,3
RAJASTHAN,2004,SNAKE BITE/ANIMAL BITE,93,2,0,2,75,18,93
RAJASTHAN,2004,OTHER,84,0,0,0,57,27,84
RAJASTHAN,2004,STAMPEDE,0,0,0,0,0,0,0
RAJASTHAN,2004,SUFFOCATION,303,0,0,0,241,63,304
RAJASTHAN,2004,TRAFFIC ACCIDENTS(ROAD ACCIDENTS),23243,26728,4607,31335,5627,850,6477
RAJASTHAN,2004,TRAFFIC ACCIDENTS(RAIL-ROAD ACCIDENTS),13,0,0,0,10,3,13
RAJASTHAN,2004,OTHER RAILWAY ACCIDENTS,278,0,0,0,273,42,315
RAJASTHAN,2004,OTHER,1498,0,0,0,1171,333,1504
RAJASTHAN,2004,CAUSES NOT KNOWN,1365,7,0,7,1033,348,1381
RAJASTHAN,2004,TOTAL,31943,26753,4612,31365,12137,3231,15368
RAJASTHAN,2004,TOTAL COLLAPSE,80,3,0,3,63,29,92
RAJASTHAN,2004,TOTAL DROWNING,1293,7,2,9,962,388,1350
RAJASTHAN,2004,TOTAL EXPLOSION,19,1,1,2,14,6,20
RAJASTHAN,2004,TOTAL FALLS,571,0,0,0,457,116,573
RAJASTHAN,2004,TOTAL FIRE,732,4,2,6,303,440,743
RAJASTHAN,2004,TOTAL SUDDEN DEATHS,706,0,0,0,580,126,706
RAJASTHAN,2004,TOTAL POISONING,1290,2,0,2,906,399,1305
RAJASTHAN,2004,TOTAL TRAFFIC ACCIDENTS,23534,26728,4607,31335,5910,895,6805
RAJASTHAN,2005,AIR-CRASH,1,0,0,0,1,0,1
RAJASTHAN,2005,COLLAPSE OF STRUCTURE(HOUSE),38,0,0,0,27,14,41
RAJASTHAN,2005,COLLAPSE OF STRUCTURE(BUILDING),5,2,1,3,5,0,5
RAJASTHAN,2005,COLLAPSE OF STRUCTURE(DAM),0,0,0,0,0,0,0
RAJASTHAN,2005,COLLAPSE OF STRUCTURE(BRIDGE),1,0,0,0,1,0,1
RAJASTHAN,2005,COLLAPSE OF STRUCTURE(OTHERS),94,5,2,7,74,23,97
RAJASTHAN,2005,DROWNING(BOAT CAPSIZE),1,0,0,0,1,0,1
RAJASTHAN,2005,DROWNING(OTHER),1485,8,0,8,1106,430,1536
RAJASTHAN,2005,ELECTROCUTION,423,0,0,0,368,58,426
RAJASTHAN,2005,EXPLOSION(BOMB EXPLOSION),3,0,0,0,3,0,3
RAJASTHAN,2005,EXPLOSION(OTHER EXPLOSION LIKE BOILERS,,18,8,0,8,16,2,18
RAJASTHAN,2005,FALLS(FALL FROM HEIGHT),464,3,2,5,371,93,464
RAJASTHAN,2005,FALL INTO PIT/MANHOLE,54,2,1,3,48,9,57
RAJASTHAN,2005,FACTORY/MACHINE ACCIDENTS,60,5,0,5,53,7,60
RAJASTHAN,2005,FIRE(FIREWORKS/CRACKERS),10,2,1,3,8,2,10
RAJASTHAN,2005,FIRE(SHORT-CIRCUIT),16,0,0,0,9,7,16
RAJASTHAN,2005,GAS CYLINDER/STOVE BURST,94,0,0,0,31,63,94
RAJASTHAN,2005,OTHER FIRE ACCIDENTS,547,7,3,10,226,324,550
RAJASTHAN,2005,FIRE-ARMS,11,0,0,0,10,1,11
RAJASTHAN,2005,SUDDEN DEATHS(HEART ATTACKS),379,0,0,0,333,46,379
RAJASTHAN,2005,EPILEPTIC FITS/GIDDINESS,63,0,0,0,55,8,63
RAJASTHAN,2005,ABORTIONS/CHILD BIRTH,13,0,0,0,0,13,13
RAJASTHAN,2005,INFLUENCE OF ALCOHOL,187,1,0,1,184,2,186
RAJASTHAN,2005,KILLED BY ANIMALS,21,0,0,0,15,6,21
RAJASTHAN,2005,MINES OR QUARY DISASTER,77,0,0,0,71,15,86
RAJASTHAN,2005,FOOD POISIONING/ACCIDENTAL INTAKE OF INSECTICIDES ETC.,793,4,0,4,537,259,796
RAJASTHAN,2005,SPURIOUS/POISIONOUS LIQUOR,30,47,0,47,32,0,32
RAJASTHAN,2005,LEAKAGE OF POISINOUS GASES ETC.,4,0,0,0,6,0,6
RAJASTHAN,2005,SNAKE BITE/ANIMAL BITE,197,0,0,0,139,61,200
RAJASTHAN,2005,OTHER,164,0,0,0,109,58,167
RAJASTHAN,2005,STAMPEDE,0,0,0,0,0,0,0
RAJASTHAN,2005,SUFFOCATION,288,0,0,0,250,42,292
RAJASTHAN,2005,TRAFFIC ACCIDENTS(ROAD ACCIDENTS),23115,25227,4759,29986,5836,957,6793
RAJASTHAN,2005,TRAFFIC ACCIDENTS(RAIL-ROAD ACCIDENTS),64,0,0,0,2,2,4
RAJASTHAN,2005,OTHER RAILWAY ACCIDENTS,279,0,0,0,244,39,283
RAJASTHAN,2005,OTHER,1692,0,0,0,1384,348,1732
RAJASTHAN,2005,CAUSES NOT KNOWN,1356,0,0,0,1104,256,1360
RAJASTHAN,2005,TOTAL,32047,25321,4769,30090,12659,3145,15804
RAJASTHAN,2005,TOTAL COLLAPSE,138,7,3,10,107,37,144
RAJASTHAN,2005,TOTAL DROWNING,1486,8,0,8,1107,430,1537
RAJASTHAN,2005,TOTAL EXPLOSION,21,8,0,8,19,2,21
RAJASTHAN,2005,TOTAL FALLS,518,5,3,8,419,102,521
RAJASTHAN,2005,TOTAL FIRE,667,9,4,13,274,396,670
RAJASTHAN,2005,TOTAL SUDDEN DEATHS,642,1,0,1,572,69,641
RAJASTHAN,2005,TOTAL POISONING,1188,51,0,51,823,378,1201
RAJASTHAN,2005,TOTAL TRAFFIC ACCIDENTS,23458,25227,4759,29986,6082,998,7080
RAJASTHAN,2006,AIR-CRASH,1,0,0,0,2,0,2
RAJASTHAN,2006,COLLAPSE OF STRUCTURE(HOUSE),53,4,1,5,38,18,56
RAJASTHAN,2006,COLLAPSE OF STRUCTURE(BUILDING),6,0,1,1,4,2,6
RAJASTHAN,2006,COLLAPSE OF STRUCTURE(DAM),0,0,0,0,0,0,0
RAJASTHAN,2006,COLLAPSE OF STRUCTURE(BRIDGE),0,0,0,0,0,0,0
RAJASTHAN,2006,COLLAPSE OF STRUCTURE(OTHERS),38,4,3,7,31,10,41
RAJASTHAN,2006,DROWNING(BOAT CAPSIZE),1,0,0,0,1,0,1
RAJASTHAN,2006,DROWNING(OTHER),1499,1,0,1,1112,438,1550
RAJASTHAN,2006,ELECTROCUTION,437,0,1,1,382,64,446
RAJASTHAN,2006,EXPLOSION(BOMB EXPLOSION),4,0,0,0,4,0,4
RAJASTHAN,2006,EXPLOSION(OTHER EXPLOSION LIKE BOIL,15,3,2,5,13,3,16
RAJASTHAN,2006,FALLS(FALL FROM HEIGHT),607,5,3,8,498,110,608
RAJASTHAN,2006,FALL INTO PIT/MANHOLE,101,2,1,3,76,25,101
RAJASTHAN,2006,FACTORY/MACHINE ACCIDENTS,63,6,0,6,56,7,63
RAJASTHAN,2006,FIRE(FIREWORKS/CRACKERS),12,1,2,3,9,3,12
RAJASTHAN,2006,FIRE(SHORT-CIRCUIT),2,0,0,0,1,1,2
RAJASTHAN,2006,GAS CYLINDER/STOVE BURST,103,0,2,2,24,80,104
RAJASTHAN,2006,OTHER FIRE ACCIDENTS,567,6,3,9,235,339,574
RAJASTHAN,2006,FIRE-ARMS,2,0,0,0,2,0,2
RAJASTHAN,2006,SUDDEN DEATHS(HEART ATTACKS),437,0,0,0,357,80,437
RAJASTHAN,2006,EPILEPTIC FITS/GIDDINESS,84,0,0,0,69,15,84
RAJASTHAN,2006,ABORTIONS/CHILD BIRTH,24,0,0,0,0,24,24
RAJASTHAN,2006,INFLUENCE OF ALCOHOL,207,0,0,0,207,1,208
RAJASTHAN,2006,KILLED BY ANIMALS,20,0,0,0,12,8,20
RAJASTHAN,2006,MINES OR QUARY DISASTER,84,0,0,0,59,28,87
RAJASTHAN,2006,FOOD POISIONING/ACCIDENTAL INTAKE OF INSECTICIDES ETC.,872,0,0,0,583,294,877
RAJASTHAN,2006,SPURIOUS/POISIONOUS LIQUOR,3,0,0,0,3,0,3
RAJASTHAN,2006,LEAKAGE OF POISINOUS GASES ETC.,5,0,0,0,12,1,13
RAJASTHAN,2006,SNAKE BITE/ANIMAL BITE,218,0,0,0,159,59,218
RAJASTHAN,2006,OTHER,245,0,0,0,165,80,245
RAJASTHAN,2006,STAMPEDE,0,0,0,0,0,0,0
RAJASTHAN,2006,SUFFOCATION,215,0,0,0,113,116,229
RAJASTHAN,2006,TRAFFIC ACCIDENTS(ROAD ACCIDENTS),23348,24828,4966,29794,6045,1109,7154
RAJASTHAN,2006,TRAFFIC ACCIDENTS(RAIL-ROAD ACCIDENTS),30,0,0,0,24,7,31
RAJASTHAN,2006,OTHER RAILWAY ACCIDENTS,257,1,1,2,221,36,257
RAJASTHAN,2006,OTHER,1786,0,0,0,1399,395,1794
RAJASTHAN,2006,CAUSES NOT KNOWN,1619,0,0,0,1156,468,1624
RAJASTHAN,2006,TOTAL,32965,24861,4986,29847,13072,3821,16893
RAJASTHAN,2006,TOTAL COLLAPSE,97,8,5,13,73,30,103
RAJASTHAN,2006,TOTAL DROWNING,1500,1,0,1,1113,438,1551
RAJASTHAN,2006,TOTAL EXPLOSION,19,3,2,5,17,3,20
RAJASTHAN,2006,TOTAL FALLS,708,7,4,11,574,135,709
RAJASTHAN,2006,TOTAL FIRE,684,7,7,14,269,423,692
RAJASTHAN,2006,TOTAL SUDDEN DEATHS,752,0,0,0,633,120,753
RAJASTHAN,2006,TOTAL POISONING,1343,0,0,0,922,434,1356
RAJASTHAN,2006,TOTAL TRAFFIC ACCIDENTS,23635,24829,4967,29796,6290,1152,7442
RAJASTHAN,2007,AIR-CRASH,1,0,0,0,1,0,1
RAJASTHAN,2007,COLLAPSE OF STRUCTURE(HOUSE),46,2,0,2,39,10,49
RAJASTHAN,2007,COLLAPSE OF STRUCTURE(BUILDING),10,3,5,8,10,0,10
RAJASTHAN,2007,COLLAPSE OF STRUCTURE(DAM),0,0,0,0,0,0,0
RAJASTHAN,2007,COLLAPSE OF STRUCTURE(BRIDGE),0,0,0,0,0,0,0
RAJASTHAN,2007,COLLAPSE OF STRUCTURE(OTHERS),72,4,6,10,46,10,56
RAJASTHAN,2007,DROWNING(BOAT CAPSIZE),0,0,0,0,0,0,0
RAJASTHAN,2007,DROWNING(OTHER),1669,0,0,0,1131,546,1677
RAJASTHAN,2007,ELECTROCUTION,517,0,0,0,460,56,516
RAJASTHAN,2007,EXPLOSION(BOMB EXPLOSION),2,0,0,0,2,0,2
RAJASTHAN,2007,EXPLOSION(OTHER EXPLOSION LIKE BOIL,50,3,3,6,36,16,52
RAJASTHAN,2007,FALLS(FALL FROM HEIGHT),500,14,2,16,416,76,492
RAJASTHAN,2007,FALL INTO PIT/MANHOLE,126,0,0,0,108,23,131
RAJASTHAN,2007,FACTORY/MACHINE ACCIDENTS,54,0,0,0,49,5,54
RAJASTHAN,2007,FIRE(FIREWORKS/CRACKERS),9,2,2,4,7,2,9
RAJASTHAN,2007,FIRE(SHORT-CIRCUIT),14,0,0,0,18,6,24
RAJASTHAN,2007,GAS CYLINDER/STOVE BURST,102,6,0,6,26,76,102
RAJASTHAN,2007,OTHER FIRE ACCIDENTS,586,6,4,10,241,357,598
RAJASTHAN,2007,FIRE-ARMS,3,0,0,0,2,1,3
RAJASTHAN,2007,SUDDEN DEATHS(HEART ATTACKS),417,0,0,0,363,59,422
RAJASTHAN,2007,EPILEPTIC FITS/GIDDINESS,120,0,0,0,97,23,120
RAJASTHAN,2007,ABORTIONS/CHILD BIRTH,15,0,0,0,0,15,15
RAJASTHAN,2007,INFLUENCE OF ALCOHOL,199,0,0,0,206,2,208
RAJASTHAN,2007,KILLED BY ANIMALS,43,0,0,0,27,16,43
RAJASTHAN,2007,MINES OR QUARY DISASTER,93,1,0,1,78,18,96
RAJASTHAN,2007,FOOD POISIONING/ACCIDENTAL INTAKE OF INSECTICIDES ETC.,1049,0,0,0,732,323,1055
RAJASTHAN,2007,SPURIOUS/POISIONOUS LIQUOR,0,0,0,0,0,0,0
RAJASTHAN,2007,LEAKAGE OF POISINOUS GASES ETC.,4,0,0,0,6,0,6
RAJASTHAN,2007,SNAKE BITE/ANIMAL BITE,266,0,0,0,178,88,266
RAJASTHAN,2007,OTHER,409,0,0,0,308,105,413
RAJASTHAN,2007,STAMPEDE,0,0,0,0,0,0,0
RAJASTHAN,2007,SUFFOCATION,57,0,0,0,35,25,60
RAJASTHAN,2007,TRAFFIC ACCIDENTS(ROAD ACCIDENTS),23885,25963,5188,31151,6774,1371,8145
RAJASTHAN,2007,TRAFFIC ACCIDENTS(RAIL-ROAD ACCIDENTS),54,8,0,8,19,6,25
RAJASTHAN,2007,OTHER RAILWAY ACCIDENTS,273,1,0,1,241,32,273
RAJASTHAN,2007,OTHER,1943,0,0,0,1561,407,1968
RAJASTHAN,2007,CAUSES NOT KNOWN,1780,0,0,0,1356,472,1828
RAJASTHAN,2007,TOTAL,34368,26013,5210,31223,14573,4146,18719
RAJASTHAN,2007,TOTAL COLLAPSE,128,9,11,20,95,20,115
RAJASTHAN,2007,TOTAL DROWNING,1669,0,0,0,1131,546,1677
RAJASTHAN,2007,TOTAL EXPLOSION,52,3,3,6,38,16,54
RAJASTHAN,2007,TOTAL FALLS,626,14,2,16,524,99,623
RAJASTHAN,2007,TOTAL FIRE,711,14,6,20,292,441,733
RAJASTHAN,2007,TOTAL SUDDEN DEATHS,751,0,0,0,666,99,765
RAJASTHAN,2007,TOTAL POISONING,1728,0,0,0,1224,516,1740
RAJASTHAN,2007,TOTAL TRAFFIC ACCIDENTS,24212,25972,5188,31160,7034,1409,8443
RAJASTHAN,2008,AIR-CRASH,0,0,0,0,0,0,0
RAJASTHAN,2008,COLLAPSE OF STRUCTURE(HOUSE),47,6,4,10,41,14,55
RAJASTHAN,2008,COLLAPSE OF STRUCTURE(BUILDING),5,0,0,0,4,1,5
RAJASTHAN,2008,COLLAPSE OF STRUCTURE(DAM),0,0,0,0,0,0,0
RAJASTHAN,2008,COLLAPSE OF STRUCTURE(BRIDGE),0,0,0,0,0,0,0
RAJASTHAN,2008,COLLAPSE OF STRUCTURE(OTHERS),140,6,3,9,112,32,144
RAJASTHAN,2008,DROWNING(BOAT CAPSIZE),2,0,0,0,11,1,12
RAJASTHAN,2008,DROWNING(OTHER),1360,3,3,6,1031,360,1391
RAJASTHAN,2008,ELECTROCUTION,593,18,3,21,545,53,598
RAJASTHAN,2008,EXPLOSION(BOMB EXPLOSION),9,163,23,186,57,13,70
RAJASTHAN,2008,EXPLOSION(OTHER EXPLOSION LIKE BOIL,17,0,0,0,16,2,18
RAJASTHAN,2008,FALLS(FALL FROM HEIGHT),455,2,0,2,381,72,453
RAJASTHAN,2008,FALL INTO PIT/MANHOLE,121,0,0,0,112,9,121
RAJASTHAN,2008,FACTORY/MACHINE ACCIDENTS,70,2,1,3,65,4,69
RAJASTHAN,2008,FIRE(FIREWORKS/CRACKERS),3,1,1,2,3,0,3
RAJASTHAN,2008,FIRE(SHORT-CIRCUIT),21,5,7,12,19,2,21
RAJASTHAN,2008,GAS CYLINDER/STOVE BURST,120,2,1,3,41,77,118
RAJASTHAN,2008,OTHER FIRE ACCIDENTS,603,7,2,9,251,357,608
RAJASTHAN,2008,FIRE-ARMS,3,0,0,0,3,0,3
RAJASTHAN,2008,SUDDEN DEATHS(HEART ATTACKS),506,4,2,6,417,83,500
RAJASTHAN,2008,EPILEPTIC FITS/GIDDINESS,58,0,0,0,45,13,58
RAJASTHAN,2008,ABORTIONS/CHILD BIRTH,22,0,0,0,0,22,22
RAJASTHAN,2008,INFLUENCE OF ALCOHOL,202,0,0,0,204,0,204
RAJASTHAN,2008,KILLED BY ANIMALS,39,3,1,4,28,10,38
RAJASTHAN,2008,MINES OR QUARY DISASTER,64,2,3,5,56,19,75
RAJASTHAN,2008,FOOD POISIONING/ACCIDENTAL INTAKE OF INSECTICIDES ETC.,800,1,0,1,578,227,805
RAJASTHAN,2008,SPURIOUS/POISIONOUS LIQUOR,6,0,0,0,28,0,28
RAJASTHAN,2008,LEAKAGE OF POISINOUS GASES ETC.,1,0,0,0,1,0,1
RAJASTHAN,2008,SNAKE BITE/ANIMAL BITE,298,4,1,5,191,107,298
RAJASTHAN,2008,OTHER,556,0,0,0,413,148,561
RAJASTHAN,2008,STAMPEDE,1,91,1,92,216,0,216
RAJASTHAN,2008,SUFFOCATION,35,0,0,0,41,9,50
RAJASTHAN,2008,TRAFFIC ACCIDENTS(ROAD ACCIDENTS),23704,25757,5100,30857,7194,1194,8388
RAJASTHAN,2008,TRAFFIC ACCIDENTS(RAIL-ROAD ACCIDENTS),16,2,0,2,13,1,14
RAJASTHAN,2008,OTHER RAILWAY ACCIDENTS,324,0,0,0,284,41,325
RAJASTHAN,2008,OTHER,2149,9,11,20,1680,460,2140
RAJASTHAN,2008,CAUSES NOT KNOWN,1448,539,223,762,1007,326,1333
RAJASTHAN,2008,TOTAL,33798,26627,5390,32017,15088,3657,18745
RAJASTHAN,2008,TOTAL COLLAPSE,192,12,7,19,157,47,204
RAJASTHAN,2008,TOTAL DROWNING,1362,3,3,6,1042,361,1403
RAJASTHAN,2008,TOTAL EXPLOSION,26,163,23,186,73,15,88
RAJASTHAN,2008,TOTAL FALLS,576,2,0,2,493,81,574
RAJASTHAN,2008,TOTAL FIRE,747,15,11,26,314,436,750
RAJASTHAN,2008,TOTAL SUDDEN DEATHS,788,4,2,6,666,118,784
RAJASTHAN,2008,TOTAL POISONING,1661,5,1,6,1211,482,1693
RAJASTHAN,2008,TOTAL TRAFFIC ACCIDENTS,24044,25759,5100,30859,7491,1236,8727
RAJASTHAN,2009,AIR-CRASH,0,0,0,0,0,0,0
RAJASTHAN,2009,COLLAPSE OF STRUCTURE(HOUSE),46,7,2,9,35,19,54
RAJASTHAN,2009,COLLAPSE OF STRUCTURE(BUILDING),2,1,0,1,1,1,2
RAJASTHAN,2009,COLLAPSE OF STRUCTURE(DAM),0,0,0,0,0,0,0
RAJASTHAN,2009,COLLAPSE OF STRUCTURE(BRIDGE),0,0,0,0,0,0,0
RAJASTHAN,2009,COLLAPSE OF STRUCTURE(OTHERS),150,7,4,11,115,38,153
RAJASTHAN,2009,DROWNING(BOAT CAPSIZE),1,0,0,0,4,2,6
RAJASTHAN,2009,DROWNING(OTHER),1227,4,2,6,985,357,1342
RAJASTHAN,2009,ELECTROCUTION,624,9,6,15,570,61,631
RAJASTHAN,2009,EXPLOSION(BOMB EXPLOSION),5,0,0,0,5,0,5
RAJASTHAN,2009,EXPLOSION(OTHER EXPLOSION LIKE BOIL,28,105,0,105,28,4,32
RAJASTHAN,2009,FALLS(FALL FROM HEIGHT),498,0,0,0,397,106,503
RAJASTHAN,2009,FALL INTO PIT/MANHOLE,146,0,0,0,114,33,147
RAJASTHAN,2009,FACTORY/MACHINE ACCIDENTS,98,3,2,5,92,7,99
RAJASTHAN,2009,FIRE(FIREWORKS/CRACKERS),4,0,0,0,2,2,4
RAJASTHAN,2009,FIRE(SHORT-CIRCUIT),29,5,4,9,22,7,29
RAJASTHAN,2009,GAS CYLINDER/STOVE BURST,159,9,1,10,43,120,163
RAJASTHAN,2009,OTHER FIRE ACCIDENTS,580,7,3,10,274,316,590
RAJASTHAN,2009,FIRE-ARMS,8,0,0,0,6,3,9
RAJASTHAN,2009,SUDDEN DEATHS(HEART ATTACKS),581,5,7,12,506,63,569
RAJASTHAN,2009,EPILEPTIC FITS/GIDDINESS,98,0,0,0,77,21,98
RAJASTHAN,2009,ABORTIONS/CHILD BIRTH,19,0,0,0,0,19,19
RAJASTHAN,2009,INFLUENCE OF ALCOHOL,188,0,0,0,188,0,188
RAJASTHAN,2009,KILLED BY ANIMALS,44,3,2,5,31,13,44
RAJASTHAN,2009,MINES OR QUARY DISASTER,69,0,0,0,69,15,84
RAJASTHAN,2009,FOOD POISIONING/ACCIDENTAL INTAKE OF INSECTICIDES ETC.,771,0,1,1,561,270,831
RAJASTHAN,2009,SPURIOUS/POISIONOUS LIQUOR,2,0,0,0,9,3,12
RAJASTHAN,2009,LEAKAGE OF POISINOUS GASES ETC.,3,0,0,0,4,0,4
RAJASTHAN,2009,SNAKE BITE/ANIMAL BITE,295,0,0,0,198,97,295
RAJASTHAN,2009,OTHER,559,0,0,0,440,158,598
RAJASTHAN,2009,STAMPEDE,0,0,0,0,0,0,0
RAJASTHAN,2009,SUFFOCATION,33,0,0,0,32,7,39
RAJASTHAN,2009,TRAFFIC ACCIDENTS(ROAD ACCIDENTS),25114,26976,5341,32317,7723,1322,9045
RAJASTHAN,2009,TRAFFIC ACCIDENTS(RAIL-ROAD ACCIDENTS),20,0,0,0,22,4,26
RAJASTHAN,2009,OTHER RAILWAY ACCIDENTS,368,0,0,0,318,53,371
RAJASTHAN,2009,OTHER,1803,14,8,22,1473,353,1826
RAJASTHAN,2009,CAUSES NOT KNOWN,1390,0,0,0,1063,402,1465
RAJASTHAN,2009,TOTAL,34962,27155,5383,32538,15407,3876,19283
RAJASTHAN,2009,TOTAL COLLAPSE,198,15,6,21,151,58,209
RAJASTHAN,2009,TOTAL DROWNING,1228,4,2,6,989,359,1348
RAJASTHAN,2009,TOTAL EXPLOSION,33,105,0,105,33,4,37
RAJASTHAN,2009,TOTAL FALLS,644,0,0,0,511,139,650
RAJASTHAN,2009,TOTAL FIRE,772,21,8,29,341,445,786
RAJASTHAN,2009,TOTAL SUDDEN DEATHS,886,5,7,12,771,103,874
RAJASTHAN,2009,TOTAL POISONING,1630,0,1,1,1212,528,1740
RAJASTHAN,2009,TOTAL TRAFFIC ACCIDENTS,25502,26976,5341,32317,8063,1379,9442
RAJASTHAN,2010,AIR-CRASH,0,0,0,0,0,0,0
RAJASTHAN,2010,COLLAPSE OF STRUCTURE(HOUSE),50,7,1,8,42,13,55
RAJASTHAN,2010,COLLAPSE OF STRUCTURE(BUILDING),6,0,0,0,6,2,8
RAJASTHAN,2010,COLLAPSE OF STRUCTURE(DAM),0,0,0,0,0,0,0
RAJASTHAN,2010,COLLAPSE OF STRUCTURE(BRIDGE),2,0,0,0,2,0,2
RAJASTHAN,2010,COLLAPSE OF STRUCTURE(OTHERS),81,8,5,13,76,15,91
RAJASTHAN,2010,DROWNING(BOAT CAPSIZE),3,0,0,0,1,2,3
RAJASTHAN,2010,DROWNING(OTHER),1341,3,1,4,1086,317,1403
RAJASTHAN,2010,ELECTROCUTION,735,15,5,20,635,113,748
RAJASTHAN,2010,EXPLOSION(BOMB EXPLOSION),1,0,0,0,1,0,1
RAJASTHAN,2010,EXPLOSION(OTHER EXPLOSION LIKE BOIL,22,0,0,0,20,2,22
RAJASTHAN,2010,FALLS(FALL FROM HEIGHT),582,0,0,0,482,101,583
RAJASTHAN,2010,FALL INTO PIT/MANHOLE,158,0,0,0,126,34,160
RAJASTHAN,2010,FACTORY/MACHINE ACCIDENTS,81,2,0,2,70,12,82
RAJASTHAN,2010,FIRE(FIREWORKS/CRACKERS),12,0,0,0,6,6,12
RAJASTHAN,2010,FIRE(SHORT-CIRCUIT),31,4,3,7,26,5,31
RAJASTHAN,2010,GAS CYLINDER/STOVE BURST,159,0,0,0,56,105,161
RAJASTHAN,2010,OTHER FIRE ACCIDENTS,599,10,4,14,265,348,613
RAJASTHAN,2010,FIRE-ARMS,2,0,0,0,2,0,2
RAJASTHAN,2010,SUDDEN DEATHS(HEART ATTACKS),657,5,3,8,571,79,650
RAJASTHAN,2010,EPILEPTIC FITS/GIDDINESS,139,0,0,0,105,34,139
RAJASTHAN,2010,ABORTIONS/CHILD BIRTH,25,0,0,0,0,25,25
RAJASTHAN,2010,INFLUENCE OF ALCOHOL,225,0,0,0,225,0,225
RAJASTHAN,2010,KILLED BY ANIMALS,33,2,1,3,27,6,33
RAJASTHAN,2010,MINES OR QUARY DISASTER,62,2,1,3,55,11,66
RAJASTHAN,2010,FOOD POISIONING/ACCIDENTAL INTAKE OF INSECTICIDES ETC.,729,1,0,1,485,250,735
RAJASTHAN,2010,SPURIOUS/POISIONOUS LIQUOR,0,0,0,0,0,0,0
RAJASTHAN,2010,LEAKAGE OF POISINOUS GASES ETC.,2,0,0,0,2,0,2
RAJASTHAN,2010,SNAKE BITE/ANIMAL BITE,402,0,0,0,271,133,404
RAJASTHAN,2010,OTHER,343,0,0,0,259,84,343
RAJASTHAN,2010,STAMPEDE,0,0,0,0,0,0,0
RAJASTHAN,2010,SUFFOCATION,68,0,0,0,52,16,68
RAJASTHAN,2010,TRAFFIC ACCIDENTS(ROAD ACCIDENTS),24302,25384,5649,31033,7945,1218,9163
RAJASTHAN,2010,TRAFFIC ACCIDENTS(RAIL-ROAD ACCIDENTS),21,3,0,3,15,2,17
RAJASTHAN,2010,OTHER RAILWAY ACCIDENTS,328,0,0,0,291,37,328
RAJASTHAN,2010,OTHER,2012,10,2,12,1594,425,2019
RAJASTHAN,2010,CAUSES NOT KNOWN,2028,0,0,0,1632,424,2056
RAJASTHAN,2010,TOTAL,35241,25456,5675,31131,16431,3819,20250
RAJASTHAN,2010,TOTAL COLLAPSE,139,15,6,21,126,30,156
RAJASTHAN,2010,TOTAL DROWNING,1344,3,1,4,1087,319,1406
RAJASTHAN,2010,TOTAL EXPLOSION,23,0,0,0,21,2,23
RAJASTHAN,2010,TOTAL FALLS,740,0,0,0,608,135,743
RAJASTHAN,2010,TOTAL FIRE,801,14,7,21,353,464,817
RAJASTHAN,2010,TOTAL SUDDEN DEATHS,1046,5,3,8,901,138,1039
RAJASTHAN,2010,TOTAL POISONING,1476,1,0,1,1017,467,1484
RAJASTHAN,2010,TOTAL TRAFFIC ACCIDENTS,24651,25387,5649,31036,8251,1257,9508
RAJASTHAN,2011,AIR-CRASH,1,0,0,0,4,0,4
RAJASTHAN,2011,COLLAPSE OF STRUCTURE(HOUSE),91,4,3,7,65,35,100
RAJASTHAN,2011,COLLAPSE OF STRUCTURE(BUILDING),1,0,0,0,1,0,1
RAJASTHAN,2011,COLLAPSE OF STRUCTURE(DAM),1,0,0,0,1,0,1
RAJASTHAN,2011,COLLAPSE OF STRUCTURE(BRIDGE),6,0,0,0,4,2,6
RAJASTHAN,2011,COLLAPSE OF STRUCTURE(OTHERS),70,12,6,18,58,13,71
RAJASTHAN,2011,DROWNING(BOAT CAPSIZE),2,0,0,0,3,0,3
RAJASTHAN,2011,DROWNING(OTHER),1554,2,1,3,1188,460,1648
RAJASTHAN,2011,ELECTROCUTION,720,10,6,16,625,98,723
RAJASTHAN,2011,EXPLOSION(BOMB EXPLOSION),0,0,0,0,0,0,0
RAJASTHAN,2011,EXPLOSION(OTHER EXPLOSION LIKE BOIL,17,1,0,1,17,3,20
RAJASTHAN,2011,FALLS(FALL FROM HEIGHT),528,1,0,1,485,97,582
RAJASTHAN,2011,FALL INTO PIT/MANHOLE,163,4,0,4,130,33,163
RAJASTHAN,2011,FACTORY/MACHINE ACCIDENTS,106,5,0,5,102,9,111
RAJASTHAN,2011,FIRE(FIREWORKS/CRACKERS),1,0,0,0,0,1,1
RAJASTHAN,2011,FIRE(SHORT-CIRCUIT),35,4,2,6,26,8,34
RAJASTHAN,2011,GAS CYLINDER/STOVE BURST,160,0,2,2,45,116,161
RAJASTHAN,2011,OTHER FIRE ACCIDENTS,643,6,2,8,246,408,654
RAJASTHAN,2011,FIRE-ARMS,6,0,0,0,6,0,6
RAJASTHAN,2011,SUDDEN DEATHS(HEART ATTACKS),491,0,0,0,428,63,491
RAJASTHAN,2011,EPILEPTIC FITS/GIDDINESS,153,1,0,1,119,33,152
RAJASTHAN,2011,ABORTIONS/CHILD BIRTH,23,0,0,0,0,23,23
RAJASTHAN,2011,INFLUENCE OF ALCOHOL,206,0,0,0,206,3,209
RAJASTHAN,2011,KILLED BY ANIMALS,31,2,1,3,25,6,31
RAJASTHAN,2011,MINES OR QUARY DISASTER,68,7,0,7,62,13,75
RAJASTHAN,2011,FOOD POISIONING/ACCIDENTAL INTAKE OF INSECTICIDES ETC.,824,4,1,5,539,288,827
RAJASTHAN,2011,SPURIOUS/POISIONOUS LIQUOR,0,0,0,0,0,0,0
RAJASTHAN,2011,LEAKAGE OF POISINOUS GASES ETC.,0,0,0,0,0,0,0
RAJASTHAN,2011,SNAKE BITE/ANIMAL BITE,506,0,0,0,347,160,507
RAJASTHAN,2011,OTHER,347,5,0,5,258,98,356
RAJASTHAN,2011,STAMPEDE,0,0,0,0,0,0,0
RAJASTHAN,2011,SUFFOCATION,43,0,0,0,35,8,43
RAJASTHAN,2011,TRAFFIC ACCIDENTS(ROAD ACCIDENTS),23245,23542,5124,28666,7978,1254,9232
RAJASTHAN,2011,TRAFFIC ACCIDENTS(RAIL-ROAD ACCIDENTS),3,0,0,0,5,0,5
RAJASTHAN,2011,OTHER RAILWAY ACCIDENTS,313,0,0,0,289,42,331
RAJASTHAN,2011,OTHER,2464,10,4,14,1936,553,2489
RAJASTHAN,2011,CAUSES NOT KNOWN,1419,1,0,1,1091,327,1418
RAJASTHAN,2011,TOTAL,34241,23621,5152,28773,16324,4154,20478
RAJASTHAN,2011,TOTAL COLLAPSE,169,16,9,25,129,50,179
RAJASTHAN,2011,TOTAL DROWNING,1556,2,1,3,1191,460,1651
RAJASTHAN,2011,TOTAL EXPLOSION,17,1,0,1,17,3,20
RAJASTHAN,2011,TOTAL FALLS,691,5,0,5,615,130,745
RAJASTHAN,2011,TOTAL FIRE,839,10,6,16,317,533,850
RAJASTHAN,2011,TOTAL SUDDEN DEATHS,873,1,0,1,753,122,875
RAJASTHAN,2011,TOTAL POISONING,1677,9,1,10,1144,546,1690
RAJASTHAN,2011,TOTAL TRAFFIC ACCIDENTS,23561,23542,5124,28666,8272,1296,9568
RAJASTHAN,2012,AIR-CRASH,2,0,0,0,0,2,2
RAJASTHAN,2012,COLLAPSE OF STRUCTURE(HOUSE),51,5,4,9,43,12,55
RAJASTHAN,2012,COLLAPSE OF STRUCTURE(BUILDING),7,0,0,0,7,2,9
RAJASTHAN,2012,COLLAPSE OF STRUCTURE(DAM),0,0,0,0,0,0,0
RAJASTHAN,2012,COLLAPSE OF STRUCTURE(BRIDGE),0,0,0,0,0,0,0
RAJASTHAN,2012,COLLAPSE OF STRUCTURE(OTHERS),76,8,6,14,57,25,82
RAJASTHAN,2012,DROWNING(BOAT CAPSIZE),4,0,0,0,2,2,4
RAJASTHAN,2012,DROWNING(OTHER),1560,3,2,5,1223,410,1633
RAJASTHAN,2012,ELECTROCUTION,823,6,2,8,732,104,836
RAJASTHAN,2012,EXPLOSION(BOMB EXPLOSION),3,0,0,0,3,0,3
RAJASTHAN,2012,EXPLOSION(OTHER EXPLOSION LIKE BOIL,21,1,2,3,17,5,22
RAJASTHAN,2012,FALLS(FALL FROM HEIGHT),615,0,0,0,511,107,618
RAJASTHAN,2012,FALL INTO PIT/MANHOLE,140,0,0,0,121,26,147
RAJASTHAN,2012,FACTORY/MACHINE ACCIDENTS,70,6,0,6,62,8,70
RAJASTHAN,2012,FIRE(FIREWORKS/CRACKERS),0,0,0,0,0,0,0
RAJASTHAN,2012,FIRE(SHORT-CIRCUIT),65,2,1,3,40,25,65
RAJASTHAN,2012,GAS CYLINDER/STOVE BURST,223,0,0,0,66,160,226
RAJASTHAN,2012,OTHER FIRE ACCIDENTS,713,0,0,0,375,351,726
RAJASTHAN,2012,FIRE-ARMS,7,0,0,0,6,1,7
RAJASTHAN,2012,SUDDEN DEATHS(HEART ATTACKS),609,0,0,0,535,74,609
RAJASTHAN,2012,EPILEPTIC FITS/GIDDINESS,173,0,0,0,125,48,173
RAJASTHAN,2012,ABORTIONS/CHILD BIRTH,23,0,0,0,0,23,23
RAJASTHAN,2012,INFLUENCE OF ALCOHOL,228,0,0,0,228,0,228
RAJASTHAN,2012,KILLED BY ANIMALS,53,2,1,3,40,13,53
RAJASTHAN,2012,MINES OR QUARY DISASTER,76,10,1,11,62,14,76
RAJASTHAN,2012,FOOD POISIONING/ACCIDENTAL INTAKE OF INSECTICIDES ETC.,700,2,1,3,464,233,697
RAJASTHAN,2012,SPURIOUS/POISIONOUS LIQUOR,0,0,0,0,0,0,0
RAJASTHAN,2012,LEAKAGE OF POISINOUS GASES ETC.,3,0,0,0,7,0,7
RAJASTHAN,2012,SNAKE BITE/ANIMAL BITE,452,0,0,0,295,157,452
RAJASTHAN,2012,OTHER,380,0,0,0,289,91,380
RAJASTHAN,2012,STAMPEDE,0,0,0,0,0,0,0
RAJASTHAN,2012,SUFFOCATION,36,0,0,0,32,5,37
RAJASTHAN,2012,TRAFFIC ACCIDENTS(ROAD ACCIDENTS),22969,22905,5230,28135,8217,1311,9528
RAJASTHAN,2012,TRAFFIC ACCIDENTS(RAIL-ROAD ACCIDENTS),7,0,0,0,6,1,7
RAJASTHAN,2012,OTHER RAILWAY ACCIDENTS,341,0,0,0,310,38,348
RAJASTHAN,2012,OTHER,2736,0,0,0,1965,751,2716
RAJASTHAN,2012,CAUSES NOT KNOWN,1297,15,10,25,970,296,1266
RAJASTHAN,2012,TOTAL,34463,22965,5260,28225,16810,4295,21105
RAJASTHAN,2012,TOTAL COLLAPSE,134,13,10,23,107,39,146
RAJASTHAN,2012,TOTAL DROWNING,1564,3,2,5,1225,412,1637
RAJASTHAN,2012,TOTAL EXPLOSION,24,1,2,3,20,5,25
RAJASTHAN,2012,TOTAL FALLS,755,0,0,0,632,133,765
RAJASTHAN,2012,TOTAL FIRE,1001,2,1,3,481,536,1017
RAJASTHAN,2012,TOTAL SUDDEN DEATHS,1033,0,0,0,888,145,1033
RAJASTHAN,2012,TOTAL POISONING,1535,2,1,3,1055,481,1536
RAJASTHAN,2012,TOTAL TRAFFIC ACCIDENTS,23317,22905,5230,28135,8533,1350,9883
SIKKIM,2001,AIR-CRASH,0,0,0,0,0,0,0
SIKKIM,2001,COLLAPSE OF STRUCTURE(HOUSE),1,0,0,0,1,0,1
SIKKIM,2001,COLLAPSE OF STRUCTURE(BUILDING),0,0,0,0,0,0,0
SIKKIM,2001,COLLAPSE OF STRUCTURE(DAM),0,0,0,0,0,0,0
SIKKIM,2001,COLLAPSE OF STRUCTURE(BRIDGE),1,1,0,1,1,0,1
SIKKIM,2001,COLLAPSE OF STRUCTURE(OTHERS),0,0,0,0,0,0,0
SIKKIM,2001,DROWNING(BOAT CAPSIZE),0,0,0,0,0,0,0
SIKKIM,2001,DROWNING(OTHER),8,5,0,5,4,0,4
SIKKIM,2001,ELECTROCUTION,3,0,0,0,3,0,3
SIKKIM,2001,EXPLOSION(BOMB EXPLOSION),0,0,0,0,0,0,0
SIKKIM,2001,EXPLOSION(OTHER EXPLOSION LIKE BOILERS,,0,0,0,0,0,0,0
SIKKIM,2001,FALLS(FALL FROM HEIGHT),29,2,0,2,26,5,31
SIKKIM,2001,FALL INTO PIT/MANHOLE,0,0,0,0,0,0,0
SIKKIM,2001,FACTORY/MACHINE ACCIDENTS,0,0,0,0,0,0,0
SIKKIM,2001,FIRE(FIREWORKS/CRACKERS),0,0,0,0,0,0,0
SIKKIM,2001,FIRE(SHORT-CIRCUIT),0,0,0,0,0,0,0
SIKKIM,2001,GAS CYLINDER/STOVE BURST,0,0,0,0,0,0,0
SIKKIM,2001,OTHER FIRE ACCIDENTS,0,0,0,0,0,0,0
SIKKIM,2001,FIRE-ARMS,0,0,0,0,0,0,0
SIKKIM,2001,SUDDEN DEATHS(HEART ATTACKS),0,0,0,0,0,0,0
SIKKIM,2001,EPILEPTIC FITS/GIDDINESS,0,0,0,0,0,0,0
SIKKIM,2001,ABORTIONS/CHILD BIRTH,0,0,0,0,0,0,0
SIKKIM,2001,INFLUENCE OF ALCOHOL,1,0,0,0,1,0,1
SIKKIM,2001,KILLED BY ANIMALS,1,0,0,0,1,0,1
SIKKIM,2001,MINES OR QUARY DISASTER,0,0,0,0,0,0,0
SIKKIM,2001,FOOD POISIONING/ACCIDENTAL INTAKE OF INSECTICIDES ETC.,4,1,0,1,1,4,5
SIKKIM,2001,SPURIOUS/POISIONOUS LIQUOR,0,0,0,0,0,0,0
SIKKIM,2001,LEAKAGE OF POISINOUS GASES ETC.,0,0,0,0,0,0,0
SIKKIM,2001,SNAKE BITE/ANIMAL BITE,0,0,0,0,0,0,0
SIKKIM,2001,OTHER,0,0,0,0,0,0,0
SIKKIM,2001,STAMPEDE,5,0,0,0,3,1,4
SIKKIM,2001,SUFFOCATION,4,0,0,0,1,3,4
SIKKIM,2001,TRAFFIC ACCIDENTS(ROAD ACCIDENTS),55,75,16,91,36,9,45
SIKKIM,2001,TRAFFIC ACCIDENTS(RAIL-ROAD ACCIDENTS),0,0,0,0,0,0,0
SIKKIM,2001,OTHER RAILWAY ACCIDENTS,0,0,0,0,0,0,0
SIKKIM,2001,OTHER,8,0,1,1,6,0,6
SIKKIM,2001,CAUSES NOT KNOWN,10,0,0,0,10,2,12
SIKKIM,2001,TOTAL,130,84,17,101,94,24,118
SIKKIM,2001,TOTAL COLLAPSE,2,1,0,1,2,0,2
SIKKIM,2001,TOTAL DROWNING,8,5,0,5,4,0,4
SIKKIM,2001,TOTAL EXPLOSION,0,0,0,0,0,0,0
SIKKIM,2001,TOTAL FALLS,29,2,0,2,26,5,31
SIKKIM,2001,TOTAL FIRE,0,0,0,0,0,0,0
SIKKIM,2001,TOTAL SUDDEN DEATHS,1,0,0,0,1,0,1
SIKKIM,2001,TOTAL POISONING,4,1,0,1,1,4,5
SIKKIM,2001,TOTAL TRAFFIC ACCIDENTS,55,75,16,91,36,9,45
SIKKIM,2002,AIR-CRASH,0,0,0,0,0,0,0
SIKKIM,2002,COLLAPSE OF STRUCTURE(HOUSE),0,0,0,0,0,0,0
SIKKIM,2002,COLLAPSE OF STRUCTURE(BUILDING),1,1,0,1,1,0,1
SIKKIM,2002,COLLAPSE OF STRUCTURE(DAM),0,0,0,0,0,0,0
SIKKIM,2002,COLLAPSE OF STRUCTURE(BRIDGE),0,0,0,0,0,0,0
SIKKIM,2002,COLLAPSE OF STRUCTURE(OTHERS),4,0,0,0,7,0,7
SIKKIM,2002,DROWNING(BOAT CAPSIZE),0,0,0,0,0,0,0
SIKKIM,2002,DROWNING(OTHER),13,3,1,4,12,1,13
SIKKIM,2002,ELECTROCUTION,0,0,0,0,0,0,0
SIKKIM,2002,EXPLOSION(BOMB EXPLOSION),0,0,0,0,0,0,0
SIKKIM,2002,EXPLOSION(OTHER EXPLOSION LIKE BOILERS, GAS CYLINDER ETC.),1,1,0,1,1,0,1
SIKKIM,2002,FALLS(FALL FROM HEIGHT),20,4,1,5,18,2,20
SIKKIM,2002,FALL INTO PIT/MANHOLE,0,0,0,0,0,0,0
SIKKIM,2002,FACTORY/MACHINE ACCIDENTS,0,0,0,0,0,0,0
SIKKIM,2002,FIRE(FIREWORKS/CRACKERS),0,0,0,0,0,0,0
SIKKIM,2002,FIRE(SHORT-CIRCUIT),0,0,0,0,0,0,0
SIKKIM,2002,GAS CYLINDER/STOVE BURST,3,0,2,2,1,2,3
SIKKIM,2002,OTHER FIRE ACCIDENTS,1,1,1,2,0,1,1
SIKKIM,2002,FIRE-ARMS,5,1,1,2,3,0,3
SIKKIM,2002,SUDDEN DEATHS(HEART ATTACKS),2,0,0,0,2,0,2
SIKKIM,2002,EPILEPTIC FITS/GIDDINESS,1,0,0,0,1,0,1
SIKKIM,2002,ABORTIONS/CHILD BIRTH,0,0,0,0,0,0,0
SIKKIM,2002,INFLUENCE OF ALCOHOL,8,0,0,0,8,0,8
SIKKIM,2002,KILLED BY ANIMALS,0,0,0,0,0,0,0
SIKKIM,2002,MINES OR QUARY DISASTER,0,0,0,0,0,0,0
SIKKIM,2002,FOOD POISIONING/ACCIDENTAL INTAKE OF INSECTICIDES ETC.,12,0,0,0,3,0,3
SIKKIM,2002,SPURIOUS/POISIONOUS LIQUOR,0,0,0,0,0,0,0
SIKKIM,2002,LEAKAGE OF POISINOUS GASES ETC.,1,1,0,1,1,0,1
SIKKIM,2002,SNAKE BITE/ANIMAL BITE,1,0,0,0,1,0,1
SIKKIM,2002,OTHER,1,0,0,0,1,0,1
SIKKIM,2002,STAMPEDE,0,0,0,0,0,0,0
SIKKIM,2002,SUFFOCATION,0,0,0,0,0,0,0
SIKKIM,2002,TRAFFIC ACCIDENTS(ROAD ACCIDENTS),351,244,106,350,35,20,55
SIKKIM,2002,TRAFFIC ACCIDENTS(RAIL-ROAD ACCIDENTS),0,0,0,0,0,0,0
SIKKIM,2002,OTHER RAILWAY ACCIDENTS,0,0,0,0,0,0,0
SIKKIM,2002,OTHER,24,0,0,0,21,5,26
SIKKIM,2002,CAUSES NOT KNOWN,9,0,0,0,9,4,13
SIKKIM,2002,TOTAL,458,256,112,368,125,35,160
SIKKIM,2002,TOTAL COLLAPSE,5,1,0,1,8,0,8
SIKKIM,2002,TOTAL DROWNING,13,3,1,4,12,1,13
SIKKIM,2002,TOTAL EXPLOSION,1,1,0,1,1,0,1
SIKKIM,2002,TOTAL FALLS,20,4,1,5,18,2,20
SIKKIM,2002,TOTAL FIRE,4,1,3,4,1,3,4
SIKKIM,2002,TOTAL SUDDEN DEATHS,11,0,0,0,11,0,11
SIKKIM,2002,TOTAL POISONING,15,1,0,1,6,0,6
SIKKIM,2002,TOTAL TRAFFIC ACCIDENTS,351,244,106,350,35,20,55
SIKKIM,2003,AIR-CRASH,0,0,0,0,0,0,0
SIKKIM,2003,COLLAPSE OF STRUCTURE(HOUSE),0,0,0,0,0,0,0
SIKKIM,2003,COLLAPSE OF STRUCTURE(BUILDING),0,0,0,0,0,0,0
SIKKIM,2003,COLLAPSE OF STRUCTURE(DAM),5,0,0,0,6,0,6
SIKKIM,2003,COLLAPSE OF STRUCTURE(BRIDGE),0,0,0,0,0,0,0
SIKKIM,2003,COLLAPSE OF STRUCTURE(OTHERS),0,0,0,0,0,0,0
SIKKIM,2003,DROWNING(BOAT CAPSIZE),0,0,0,0,0,0,0
SIKKIM,2003,DROWNING(OTHER),20,0,0,0,15,5,20
SIKKIM,2003,ELECTROCUTION,2,0,0,0,2,0,2
SIKKIM,2003,EXPLOSION(BOMB EXPLOSION),0,0,0,0,0,0,0
SIKKIM,2003,EXPLOSION(OTHER EXPLOSION LIKE BOILERS,,0,0,0,0,0,0,0
SIKKIM,2003,FALLS(FALL FROM HEIGHT),21,0,0,0,17,4,21
SIKKIM,2003,FALL INTO PIT/MANHOLE,0,0,0,0,0,0,0
SIKKIM,2003,FACTORY/MACHINE ACCIDENTS,0,0,0,0,0,0,0
SIKKIM,2003,FIRE(FIREWORKS/CRACKERS),0,0,0,0,0,0,0
SIKKIM,2003,FIRE(SHORT-CIRCUIT),0,0,0,0,0,0,0
SIKKIM,2003,GAS CYLINDER/STOVE BURST,2,0,0,0,2,0,2
SIKKIM,2003,OTHER FIRE ACCIDENTS,7,0,0,0,1,6,7
SIKKIM,2003,FIRE-ARMS,0,0,0,0,0,0,0
SIKKIM,2003,SUDDEN DEATHS(HEART ATTACKS),1,0,0,0,1,0,1
SIKKIM,2003,EPILEPTIC FITS/GIDDINESS,0,0,0,0,0,0,0
SIKKIM,2003,ABORTIONS/CHILD BIRTH,0,0,0,0,0,0,0
SIKKIM,2003,INFLUENCE OF ALCOHOL,9,0,0,0,9,0,9
SIKKIM,2003,KILLED BY ANIMALS,0,0,0,0,0,0,0
SIKKIM,2003,MINES OR QUARY DISASTER,0,0,0,0,0,0,0
SIKKIM,2003,FOOD POISIONING/ACCIDENTAL INTAKE OF INSECTICIDES ETC.,2,0,0,0,2,0,2
SIKKIM,2003,SPURIOUS/POISIONOUS LIQUOR,0,0,0,0,0,0,0
SIKKIM,2003,LEAKAGE OF POISINOUS GASES ETC.,0,0,0,0,0,0,0
SIKKIM,2003,SNAKE BITE/ANIMAL BITE,0,0,0,0,0,0,0
SIKKIM,2003,OTHER,1,0,0,0,0,1,1
SIKKIM,2003,STAMPEDE,0,0,0,0,0,0,0
SIKKIM,2003,SUFFOCATION,1,0,0,0,1,0,1
SIKKIM,2003,TRAFFIC ACCIDENTS(ROAD ACCIDENTS),131,168,81,249,30,10,40
SIKKIM,2003,TRAFFIC ACCIDENTS(RAIL-ROAD ACCIDENTS),0,0,0,0,0,0,0
SIKKIM,2003,OTHER RAILWAY ACCIDENTS,0,0,0,0,0,0,0
SIKKIM,2003,OTHER,0,0,0,0,0,0,0
SIKKIM,2003,CAUSES NOT KNOWN,23,0,0,0,28,12,40
SIKKIM,2003,TOTAL,225,168,81,249,114,38,152
SIKKIM,2003,TOTAL COLLAPSE,5,0,0,0,6,0,6
SIKKIM,2003,TOTAL DROWNING,20,0,0,0,15,5,20
SIKKIM,2003,TOTAL EXPLOSION,0,0,0,0,0,0,0
SIKKIM,2003,TOTAL FALLS,21,0,0,0,17,4,21
SIKKIM,2003,TOTAL FIRE,9,0,0,0,3,6,9
SIKKIM,2003,TOTAL SUDDEN DEATHS,10,0,0,0,10,0,10
SIKKIM,2003,TOTAL POISONING,3,0,0,0,2,1,3
SIKKIM,2003,TOTAL TRAFFIC ACCIDENTS,131,168,81,249,30,10,40
SIKKIM,2004,AIR-CRASH,0,0,0,0,0,0,0
SIKKIM,2004,COLLAPSE OF STRUCTURE(HOUSE),1,0,0,0,1,0,1
SIKKIM,2004,COLLAPSE OF STRUCTURE(BUILDING),0,0,0,0,0,0,0
SIKKIM,2004,COLLAPSE OF STRUCTURE(DAM),0,0,0,0,0,0,0
SIKKIM,2004,COLLAPSE OF STRUCTURE(BRIDGE),0,0,0,0,0,0,0
SIKKIM,2004,COLLAPSE OF STRUCTURE(OTHERS),16,0,0,0,12,5,17
SIKKIM,2004,DROWNING(BOAT CAPSIZE),0,0,0,0,0,0,0
SIKKIM,2004,DROWNING(OTHER),10,0,0,0,7,3,10
SIKKIM,2004,ELECTROCUTION,9,0,0,0,9,0,9
SIKKIM,2004,EXPLOSION(BOMB EXPLOSION),0,0,0,0,0,0,0
SIKKIM,2004,EXPLOSION(OTHER EXPLOSION LIKE BOILERS,,7,0,0,0,1,6,7
SIKKIM,2004,FALLS(FALL FROM HEIGHT),25,0,0,0,22,3,25
SIKKIM,2004,FALL INTO PIT/MANHOLE,1,0,0,0,1,0,1
SIKKIM,2004,FACTORY/MACHINE ACCIDENTS,0,0,0,0,0,0,0
SIKKIM,2004,FIRE(FIREWORKS/CRACKERS),0,0,0,0,0,0,0
SIKKIM,2004,FIRE(SHORT-CIRCUIT),2,0,0,0,2,0,2
SIKKIM,2004,GAS CYLINDER/STOVE BURST,7,0,0,0,1,6,7
SIKKIM,2004,OTHER FIRE ACCIDENTS,0,0,0,0,0,0,0
SIKKIM,2004,FIRE-ARMS,2,0,0,0,2,0,2
SIKKIM,2004,SUDDEN DEATHS(HEART ATTACKS),10,0,0,0,7,3,10
SIKKIM,2004,EPILEPTIC FITS/GIDDINESS,4,0,0,0,3,1,4
SIKKIM,2004,ABORTIONS/CHILD BIRTH,0,0,0,0,0,0,0
SIKKIM,2004,INFLUENCE OF ALCOHOL,5,0,0,0,5,0,5
SIKKIM,2004,KILLED BY ANIMALS,0,0,0,0,0,0,0
SIKKIM,2004,MINES OR QUARY DISASTER,0,0,0,0,0,0,0
SIKKIM,2004,FOOD POISIONING/ACCIDENTAL INTAKE OF INSECTICIDES ETC.,0,0,0,0,0,0,0
SIKKIM,2004,SPURIOUS/POISIONOUS LIQUOR,0,0,0,0,0,0,0
SIKKIM,2004,LEAKAGE OF POISINOUS GASES ETC.,0,0,0,0,0,0,0
SIKKIM,2004,SNAKE BITE/ANIMAL BITE,0,0,0,0,0,0,0
SIKKIM,2004,OTHER,33,0,0,0,27,6,33
SIKKIM,2004,STAMPEDE,0,0,0,0,0,0,0
SIKKIM,2004,SUFFOCATION,0,0,0,0,0,0,0
SIKKIM,2004,TRAFFIC ACCIDENTS(ROAD ACCIDENTS),159,184,94,278,38,13,51
SIKKIM,2004,TRAFFIC ACCIDENTS(RAIL-ROAD ACCIDENTS),0,0,0,0,0,0,0
SIKKIM,2004,OTHER RAILWAY ACCIDENTS,0,0,0,0,0,0,0
SIKKIM,2004,OTHER,0,0,0,0,0,0,0
SIKKIM,2004,CAUSES NOT KNOWN,0,0,0,0,0,0,0
SIKKIM,2004,TOTAL,291,184,94,278,138,46,184
SIKKIM,2004,TOTAL COLLAPSE,17,0,0,0,13,5,18
SIKKIM,2004,TOTAL DROWNING,10,0,0,0,7,3,10
SIKKIM,2004,TOTAL EXPLOSION,7,0,0,0,1,6,7
SIKKIM,2004,TOTAL FALLS,26,0,0,0,23,3,26
SIKKIM,2004,TOTAL FIRE,9,0,0,0,3,6,9
SIKKIM,2004,TOTAL SUDDEN DEATHS,19,0,0,0,15,4,19
SIKKIM,2004,TOTAL POISONING,33,0,0,0,27,6,33
SIKKIM,2004,TOTAL TRAFFIC ACCIDENTS,159,184,94,278,38,13,51
SIKKIM,2005,AIR-CRASH,0,0,0,0,0,0,0
SIKKIM,2005,COLLAPSE OF STRUCTURE(HOUSE),0,0,0,0,0,0,0
SIKKIM,2005,COLLAPSE OF STRUCTURE(BUILDING),0,0,0,0,0,0,0
SIKKIM,2005,COLLAPSE OF STRUCTURE(DAM),0,0,0,0,0,0,0
SIKKIM,2005,COLLAPSE OF STRUCTURE(BRIDGE),0,0,0,0,0,0,0
SIKKIM,2005,COLLAPSE OF STRUCTURE(OTHERS),7,0,0,0,11,1,12
SIKKIM,2005,DROWNING(BOAT CAPSIZE),0,0,0,0,0,0,0
SIKKIM,2005,DROWNING(OTHER),23,1,0,1,20,4,24
SIKKIM,2005,ELECTROCUTION,9,1,0,1,8,1,9
SIKKIM,2005,EXPLOSION(BOMB EXPLOSION),0,0,0,0,0,0,0
SIKKIM,2005,EXPLOSION(OTHER EXPLOSION LIKE BOILERS,,0,0,0,0,0,0,0
SIKKIM,2005,FALLS(FALL FROM HEIGHT),40,0,0,0,36,4,40
SIKKIM,2005,FALL INTO PIT/MANHOLE,1,0,0,0,0,1,1
SIKKIM,2005,FACTORY/MACHINE ACCIDENTS,0,0,0,0,0,0,0
SIKKIM,2005,FIRE(FIREWORKS/CRACKERS),0,0,0,0,0,0,0
SIKKIM,2005,FIRE(SHORT-CIRCUIT),0,0,0,0,0,0,0
SIKKIM,2005,GAS CYLINDER/STOVE BURST,0,0,0,0,0,0,0
SIKKIM,2005,OTHER FIRE ACCIDENTS,7,0,0,0,3,4,7
SIKKIM,2005,FIRE-ARMS,0,0,0,0,0,0,0
SIKKIM,2005,SUDDEN DEATHS(HEART ATTACKS),4,0,0,0,3,1,4
SIKKIM,2005,EPILEPTIC FITS/GIDDINESS,3,0,0,0,3,0,3
SIKKIM,2005,ABORTIONS/CHILD BIRTH,0,0,0,0,0,0,0
SIKKIM,2005,INFLUENCE OF ALCOHOL,1,0,0,0,1,0,1
SIKKIM,2005,KILLED BY ANIMALS,1,0,0,0,1,0,1
SIKKIM,2005,MINES OR QUARY DISASTER,0,0,0,0,0,0,0
SIKKIM,2005,FOOD POISIONING/ACCIDENTAL INTAKE OF INSECTICIDES ETC.,0,0,0,0,0,0,0
SIKKIM,2005,SPURIOUS/POISIONOUS LIQUOR,1,0,0,0,1,0,1
SIKKIM,2005,LEAKAGE OF POISINOUS GASES ETC.,0,0,0,0,0,0,0
SIKKIM,2005,SNAKE BITE/ANIMAL BITE,0,0,0,0,0,0,0
SIKKIM,2005,OTHER,18,0,0,0,17,1,18
SIKKIM,2005,STAMPEDE,0,0,0,0,0,0,0
SIKKIM,2005,SUFFOCATION,1,0,0,0,1,0,1
SIKKIM,2005,TRAFFIC ACCIDENTS(ROAD ACCIDENTS),189,397,65,462,65,12,77
SIKKIM,2005,TRAFFIC ACCIDENTS(RAIL-ROAD ACCIDENTS),0,0,0,0,0,0,0
SIKKIM,2005,OTHER RAILWAY ACCIDENTS,0,0,0,0,0,0,0
SIKKIM,2005,OTHER,43,0,0,0,25,3,28
SIKKIM,2005,CAUSES NOT KNOWN,0,0,0,0,0,0,0
SIKKIM,2005,TOTAL,348,399,65,464,195,32,227
SIKKIM,2005,TOTAL COLLAPSE,7,0,0,0,11,1,12
SIKKIM,2005,TOTAL DROWNING,23,1,0,1,20,4,24
SIKKIM,2005,TOTAL EXPLOSION,0,0,0,0,0,0,0
SIKKIM,2005,TOTAL FALLS,41,0,0,0,36,5,41
SIKKIM,2005,TOTAL FIRE,7,0,0,0,3,4,7
SIKKIM,2005,TOTAL SUDDEN DEATHS,8,0,0,0,7,1,8
SIKKIM,2005,TOTAL POISONING,19,0,0,0,18,1,19
SIKKIM,2005,TOTAL TRAFFIC ACCIDENTS,189,397,65,462,65,12,77
SIKKIM,2006,AIR-CRASH,0,0,0,0,0,0,0
SIKKIM,2006,COLLAPSE OF STRUCTURE(HOUSE),0,0,0,0,0,0,0
SIKKIM,2006,COLLAPSE OF STRUCTURE(BUILDING),4,0,0,0,5,0,5
SIKKIM,2006,COLLAPSE OF STRUCTURE(DAM),0,0,0,0,0,0,0
SIKKIM,2006,COLLAPSE OF STRUCTURE(BRIDGE),0,0,0,0,0,0,0
SIKKIM,2006,COLLAPSE OF STRUCTURE(OTHERS),7,0,0,0,6,1,7
SIKKIM,2006,DROWNING(BOAT CAPSIZE),0,0,0,0,0,0,0
SIKKIM,2006,DROWNING(OTHER),59,0,0,0,48,11,59
SIKKIM,2006,ELECTROCUTION,5,0,0,0,5,0,5
SIKKIM,2006,EXPLOSION(BOMB EXPLOSION),0,0,0,0,0,0,0
SIKKIM,2006,EXPLOSION(OTHER EXPLOSION LIKE BOIL,0,0,0,0,0,0,0
SIKKIM,2006,FALLS(FALL FROM HEIGHT),52,0,0,0,48,4,52
SIKKIM,2006,FALL INTO PIT/MANHOLE,0,0,0,0,0,0,0
SIKKIM,2006,FACTORY/MACHINE ACCIDENTS,0,0,0,0,0,0,0
SIKKIM,2006,FIRE(FIREWORKS/CRACKERS),0,0,0,0,0,0,0
SIKKIM,2006,FIRE(SHORT-CIRCUIT),0,0,0,0,0,0,0
SIKKIM,2006,GAS CYLINDER/STOVE BURST,1,0,0,0,0,1,1
SIKKIM,2006,OTHER FIRE ACCIDENTS,0,0,0,0,0,0,0
SIKKIM,2006,FIRE-ARMS,1,0,0,0,1,0,1
SIKKIM,2006,SUDDEN DEATHS(HEART ATTACKS),0,0,0,0,0,0,0
SIKKIM,2006,EPILEPTIC FITS/GIDDINESS,0,0,0,0,0,0,0
SIKKIM,2006,ABORTIONS/CHILD BIRTH,0,0,0,0,0,0,0
SIKKIM,2006,INFLUENCE OF ALCOHOL,4,0,0,0,3,1,4
SIKKIM,2006,KILLED BY ANIMALS,0,0,0,0,0,0,0
SIKKIM,2006,MINES OR QUARY DISASTER,0,0,0,0,0,0,0
SIKKIM,2006,FOOD POISIONING/ACCIDENTAL INTAKE OF INSECTICIDES ETC.,0,0,0,0,0,0,0
SIKKIM,2006,SPURIOUS/POISIONOUS LIQUOR,0,0,0,0,0,0,0
SIKKIM,2006,LEAKAGE OF POISINOUS GASES ETC.,0,0,0,0,0,0,0
SIKKIM,2006,SNAKE BITE/ANIMAL BITE,0,0,0,0,0,0,0
SIKKIM,2006,OTHER,7,0,0,0,5,2,7
SIKKIM,2006,STAMPEDE,0,0,0,0,0,0,0
SIKKIM,2006,SUFFOCATION,0,0,0,0,0,0,0
SIKKIM,2006,TRAFFIC ACCIDENTS(ROAD ACCIDENTS),39,0,0,0,59,29,88
SIKKIM,2006,TRAFFIC ACCIDENTS(RAIL-ROAD ACCIDENTS),0,0,0,0,0,0,0
SIKKIM,2006,OTHER RAILWAY ACCIDENTS,0,0,0,0,0,0,0
SIKKIM,2006,OTHER,1,0,0,0,1,0,1
SIKKIM,2006,CAUSES NOT KNOWN,0,0,0,0,0,0,0
SIKKIM,2006,TOTAL,180,0,0,0,181,49,230
SIKKIM,2006,TOTAL COLLAPSE,11,0,0,0,11,1,12
SIKKIM,2006,TOTAL DROWNING,59,0,0,0,48,11,59
SIKKIM,2006,TOTAL EXPLOSION,0,0,0,0,0,0,0
SIKKIM,2006,TOTAL FALLS,52,0,0,0,48,4,52
SIKKIM,2006,TOTAL FIRE,1,0,0,0,0,1,1
SIKKIM,2006,TOTAL SUDDEN DEATHS,4,0,0,0,3,1,4
SIKKIM,2006,TOTAL POISONING,7,0,0,0,5,2,7
SIKKIM,2006,TOTAL TRAFFIC ACCIDENTS,39,0,0,0,59,29,88
SIKKIM,2007,AIR-CRASH,0,0,0,0,0,0,0
SIKKIM,2007,COLLAPSE OF STRUCTURE(HOUSE),0,0,0,0,0,0,0
SIKKIM,2007,COLLAPSE OF STRUCTURE(BUILDING),0,0,0,0,0,0,0
SIKKIM,2007,COLLAPSE OF STRUCTURE(DAM),0,0,0,0,0,0,0
SIKKIM,2007,COLLAPSE OF STRUCTURE(BRIDGE),0,0,0,0,0,0,0
SIKKIM,2007,COLLAPSE OF STRUCTURE(OTHERS),5,0,0,0,5,2,7
SIKKIM,2007,DROWNING(BOAT CAPSIZE),0,0,0,0,0,0,0
SIKKIM,2007,DROWNING(OTHER),0,0,0,0,0,0,0
SIKKIM,2007,ELECTROCUTION,5,0,0,0,5,0,5
SIKKIM,2007,EXPLOSION(BOMB EXPLOSION),0,0,0,0,0,0,0
SIKKIM,2007,EXPLOSION(OTHER EXPLOSION LIKE BOIL,0,0,0,0,0,0,0
SIKKIM,2007,FALLS(FALL FROM HEIGHT),1,0,0,0,1,0,1
SIKKIM,2007,FALL INTO PIT/MANHOLE,0,0,0,0,0,0,0
SIKKIM,2007,FACTORY/MACHINE ACCIDENTS,0,0,0,0,0,0,0
SIKKIM,2007,FIRE(FIREWORKS/CRACKERS),0,0,0,0,0,0,0
SIKKIM,2007,FIRE(SHORT-CIRCUIT),0,0,0,0,0,0,0
SIKKIM,2007,GAS CYLINDER/STOVE BURST,0,0,0,0,0,0,0
SIKKIM,2007,OTHER FIRE ACCIDENTS,0,0,0,0,0,0,0
SIKKIM,2007,FIRE-ARMS,0,0,0,0,0,0,0
SIKKIM,2007,SUDDEN DEATHS(HEART ATTACKS),0,0,0,0,0,0,0
SIKKIM,2007,EPILEPTIC FITS/GIDDINESS,1,0,0,0,1,0,1
SIKKIM,2007,ABORTIONS/CHILD BIRTH,0,0,0,0,0,0,0
SIKKIM,2007,INFLUENCE OF ALCOHOL,1,0,0,0,1,0,1
SIKKIM,2007,KILLED BY ANIMALS,0,0,0,0,0,0,0
SIKKIM,2007,MINES OR QUARY DISASTER,0,0,0,0,0,0,0
SIKKIM,2007,FOOD POISIONING/ACCIDENTAL INTAKE OF INSECTICIDES ETC.,5,0,0,0,2,3,5
SIKKIM,2007,SPURIOUS/POISIONOUS LIQUOR,0,0,0,0,0,0,0
SIKKIM,2007,LEAKAGE OF POISINOUS GASES ETC.,0,0,0,0,0,0,0
SIKKIM,2007,SNAKE BITE/ANIMAL BITE,0,0,0,0,0,0,0
SIKKIM,2007,OTHER,1,0,0,0,0,1,1
SIKKIM,2007,STAMPEDE,0,0,0,0,0,0,0
SIKKIM,2007,SUFFOCATION,0,0,0,0,0,0,0
SIKKIM,2007,TRAFFIC ACCIDENTS(ROAD ACCIDENTS),150,218,54,272,40,12,52
SIKKIM,2007,TRAFFIC ACCIDENTS(RAIL-ROAD ACCIDENTS),0,0,0,0,0,0,0
SIKKIM,2007,OTHER RAILWAY ACCIDENTS,0,0,0,0,0,0,0
SIKKIM,2007,OTHER,0,0,0,0,0,0,0
SIKKIM,2007,CAUSES NOT KNOWN,0,0,0,0,0,0,0
SIKKIM,2007,TOTAL,169,218,54,272,55,18,73
SIKKIM,2007,TOTAL COLLAPSE,5,0,0,0,5,2,7
SIKKIM,2007,TOTAL DROWNING,0,0,0,0,0,0,0
SIKKIM,2007,TOTAL EXPLOSION,0,0,0,0,0,0,0
SIKKIM,2007,TOTAL FALLS,1,0,0,0,1,0,1
SIKKIM,2007,TOTAL FIRE,0,0,0,0,0,0,0
SIKKIM,2007,TOTAL SUDDEN DEATHS,2,0,0,0,2,0,2
SIKKIM,2007,TOTAL POISONING,6,0,0,0,2,4,6
SIKKIM,2007,TOTAL TRAFFIC ACCIDENTS,150,218,54,272,40,12,52
SIKKIM,2008,AIR-CRASH,0,0,0,0,0,0,0
SIKKIM,2008,COLLAPSE OF STRUCTURE(HOUSE),0,0,0,0,0,0,0
SIKKIM,2008,COLLAPSE OF STRUCTURE(BUILDING),0,0,0,0,0,0,0
SIKKIM,2008,COLLAPSE OF STRUCTURE(DAM),0,0,0,0,0,0,0
SIKKIM,2008,COLLAPSE OF STRUCTURE(BRIDGE),0,0,0,0,0,0,0
SIKKIM,2008,COLLAPSE OF STRUCTURE(OTHERS),0,0,0,0,0,0,0
SIKKIM,2008,DROWNING(BOAT CAPSIZE),0,0,0,0,0,0,0
SIKKIM,2008,DROWNING(OTHER),6,0,0,0,3,3,6
SIKKIM,2008,ELECTROCUTION,1,0,0,0,1,0,1
SIKKIM,2008,EXPLOSION(BOMB EXPLOSION),0,0,0,0,0,0,0
SIKKIM,2008,EXPLOSION(OTHER EXPLOSION LIKE BOIL,0,0,0,0,0,0,0
SIKKIM,2008,FALLS(FALL FROM HEIGHT),9,0,0,0,5,4,9
SIKKIM,2008,FALL INTO PIT/MANHOLE,0,0,0,0,0,0,0
SIKKIM,2008,FACTORY/MACHINE ACCIDENTS,0,0,0,0,0,0,0
SIKKIM,2008,FIRE(FIREWORKS/CRACKERS),0,0,0,0,0,0,0
SIKKIM,2008,FIRE(SHORT-CIRCUIT),0,0,0,0,0,0,0
SIKKIM,2008,GAS CYLINDER/STOVE BURST,0,0,0,0,0,0,0
SIKKIM,2008,OTHER FIRE ACCIDENTS,6,0,0,0,2,4,6
SIKKIM,2008,FIRE-ARMS,0,0,0,0,0,0,0
SIKKIM,2008,SUDDEN DEATHS(HEART ATTACKS),1,0,0,0,1,0,1
SIKKIM,2008,EPILEPTIC FITS/GIDDINESS,0,0,0,0,0,0,0
SIKKIM,2008,ABORTIONS/CHILD BIRTH,0,0,0,0,0,0,0
SIKKIM,2008,INFLUENCE OF ALCOHOL,3,0,0,0,3,0,3
SIKKIM,2008,KILLED BY ANIMALS,0,0,0,0,0,0,0
SIKKIM,2008,MINES OR QUARY DISASTER,0,0,0,0,0,0,0
SIKKIM,2008,FOOD POISIONING/ACCIDENTAL INTAKE OF INSECTICIDES ETC.,4,0,0,0,2,2,4
SIKKIM,2008,SPURIOUS/POISIONOUS LIQUOR,0,0,0,0,0,0,0
SIKKIM,2008,LEAKAGE OF POISINOUS GASES ETC.,0,0,0,0,0,0,0
SIKKIM,2008,SNAKE BITE/ANIMAL BITE,0,0,0,0,0,0,0
SIKKIM,2008,OTHER,0,0,0,0,0,0,0
SIKKIM,2008,STAMPEDE,0,0,0,0,0,0,0
SIKKIM,2008,SUFFOCATION,0,0,0,0,0,0,0
SIKKIM,2008,TRAFFIC ACCIDENTS(ROAD ACCIDENTS),196,126,120,246,67,12,79
SIKKIM,2008,TRAFFIC ACCIDENTS(RAIL-ROAD ACCIDENTS),0,0,0,0,0,0,0
SIKKIM,2008,OTHER RAILWAY ACCIDENTS,0,0,0,0,0,0,0
SIKKIM,2008,OTHER,0,0,0,0,0,0,0
SIKKIM,2008,CAUSES NOT KNOWN,0,0,0,0,0,0,0
SIKKIM,2008,TOTAL,226,126,120,246,84,25,109
SIKKIM,2008,TOTAL COLLAPSE,0,0,0,0,0,0,0
SIKKIM,2008,TOTAL DROWNING,6,0,0,0,3,3,6
SIKKIM,2008,TOTAL EXPLOSION,0,0,0,0,0,0,0
SIKKIM,2008,TOTAL FALLS,9,0,0,0,5,4,9
SIKKIM,2008,TOTAL FIRE,6,0,0,0,2,4,6
SIKKIM,2008,TOTAL SUDDEN DEATHS,4,0,0,0,4,0,4
SIKKIM,2008,TOTAL POISONING,4,0,0,0,2,2,4
SIKKIM,2008,TOTAL TRAFFIC ACCIDENTS,196,126,120,246,67,12,79
SIKKIM,2009,AIR-CRASH,0,0,0,0,0,0,0
SIKKIM,2009,COLLAPSE OF STRUCTURE(HOUSE),0,0,0,0,0,0,0
SIKKIM,2009,COLLAPSE OF STRUCTURE(BUILDING),0,0,0,0,0,0,0
SIKKIM,2009,COLLAPSE OF STRUCTURE(DAM),0,0,0,0,0,0,0
SIKKIM,2009,COLLAPSE OF STRUCTURE(BRIDGE),0,0,0,0,0,0,0
SIKKIM,2009,COLLAPSE OF STRUCTURE(OTHERS),0,0,0,0,0,0,0
SIKKIM,2009,DROWNING(BOAT CAPSIZE),0,0,0,0,0,0,0
SIKKIM,2009,DROWNING(OTHER),30,0,0,0,25,5,30
SIKKIM,2009,ELECTROCUTION,6,0,0,0,4,2,6
SIKKIM,2009,EXPLOSION(BOMB EXPLOSION),0,0,0,0,0,0,0
SIKKIM,2009,EXPLOSION(OTHER EXPLOSION LIKE BOIL,0,0,0,0,0,0,0
SIKKIM,2009,FALLS(FALL FROM HEIGHT),48,0,0,0,45,3,48
SIKKIM,2009,FALL INTO PIT/MANHOLE,0,0,0,0,0,0,0
SIKKIM,2009,FACTORY/MACHINE ACCIDENTS,0,0,0,0,0,0,0
SIKKIM,2009,FIRE(FIREWORKS/CRACKERS),0,0,0,0,0,0,0
SIKKIM,2009,FIRE(SHORT-CIRCUIT),0,0,0,0,0,0,0
SIKKIM,2009,GAS CYLINDER/STOVE BURST,0,0,0,0,0,0,0
SIKKIM,2009,OTHER FIRE ACCIDENTS,7,0,0,0,2,5,7
SIKKIM,2009,FIRE-ARMS,0,0,0,0,0,0,0
SIKKIM,2009,SUDDEN DEATHS(HEART ATTACKS),0,0,0,0,0,0,0
SIKKIM,2009,EPILEPTIC FITS/GIDDINESS,2,0,0,0,2,0,2
SIKKIM,2009,ABORTIONS/CHILD BIRTH,0,0,0,0,0,0,0
SIKKIM,2009,INFLUENCE OF ALCOHOL,3,0,0,0,1,2,3
SIKKIM,2009,KILLED BY ANIMALS,0,0,0,0,0,0,0
SIKKIM,2009,MINES OR QUARY DISASTER,0,0,0,0,0,0,0
SIKKIM,2009,FOOD POISIONING/ACCIDENTAL INTAKE OF INSECTICIDES ETC.,0,0,0,0,0,0,0
SIKKIM,2009,SPURIOUS/POISIONOUS LIQUOR,0,0,0,0,0,0,0
SIKKIM,2009,LEAKAGE OF POISINOUS GASES ETC.,0,0,0,0,0,0,0
SIKKIM,2009,SNAKE BITE/ANIMAL BITE,0,0,0,0,0,0,0
SIKKIM,2009,OTHER,8,0,0,0,6,2,8
SIKKIM,2009,STAMPEDE,0,0,0,0,0,0,0
SIKKIM,2009,SUFFOCATION,0,0,0,0,0,0,0
SIKKIM,2009,TRAFFIC ACCIDENTS(ROAD ACCIDENTS),564,220,214,434,47,40,87
SIKKIM,2009,TRAFFIC ACCIDENTS(RAIL-ROAD ACCIDENTS),0,0,0,0,0,0,0
SIKKIM,2009,OTHER RAILWAY ACCIDENTS,0,0,0,0,0,0,0
SIKKIM,2009,OTHER,0,0,0,0,0,0,0
SIKKIM,2009,CAUSES NOT KNOWN,0,0,0,0,0,0,0
SIKKIM,2009,TOTAL,668,220,214,434,132,59,191
SIKKIM,2009,TOTAL COLLAPSE,0,0,0,0,0,0,0
SIKKIM,2009,TOTAL DROWNING,30,0,0,0,25,5,30
SIKKIM,2009,TOTAL EXPLOSION,0,0,0,0,0,0,0
SIKKIM,2009,TOTAL FALLS,48,0,0,0,45,3,48
SIKKIM,2009,TOTAL FIRE,7,0,0,0,2,5,7
SIKKIM,2009,TOTAL SUDDEN DEATHS,5,0,0,0,3,2,5
SIKKIM,2009,TOTAL POISONING,8,0,0,0,6,2,8
SIKKIM,2009,TOTAL TRAFFIC ACCIDENTS,564,220,214,434,47,40,87
SIKKIM,2010,AIR-CRASH,0,0,0,0,0,0,0
SIKKIM,2010,COLLAPSE OF STRUCTURE(HOUSE),0,0,0,0,0,0,0
SIKKIM,2010,COLLAPSE OF STRUCTURE(BUILDING),0,0,0,0,0,0,0
SIKKIM,2010,COLLAPSE OF STRUCTURE(DAM),0,0,0,0,0,0,0
SIKKIM,2010,COLLAPSE OF STRUCTURE(BRIDGE),0,0,0,0,0,0,0
SIKKIM,2010,COLLAPSE OF STRUCTURE(OTHERS),0,0,0,0,0,0,0
SIKKIM,2010,DROWNING(BOAT CAPSIZE),0,0,0,0,0,0,0
SIKKIM,2010,DROWNING(OTHER),15,0,0,0,13,2,15
SIKKIM,2010,ELECTROCUTION,10,0,0,0,9,1,10
SIKKIM,2010,EXPLOSION(BOMB EXPLOSION),0,0,0,0,0,0,0
SIKKIM,2010,EXPLOSION(OTHER EXPLOSION LIKE BOIL,0,0,0,0,0,0,0
SIKKIM,2010,FALLS(FALL FROM HEIGHT),49,0,0,0,43,6,49
SIKKIM,2010,FALL INTO PIT/MANHOLE,0,0,0,0,0,0,0
SIKKIM,2010,FACTORY/MACHINE ACCIDENTS,0,0,0,0,0,0,0
SIKKIM,2010,FIRE(FIREWORKS/CRACKERS),0,0,0,0,0,0,0
SIKKIM,2010,FIRE(SHORT-CIRCUIT),0,0,0,0,0,0,0
SIKKIM,2010,GAS CYLINDER/STOVE BURST,0,0,0,0,0,0,0
SIKKIM,2010,OTHER FIRE ACCIDENTS,15,0,0,0,5,10,15
SIKKIM,2010,FIRE-ARMS,0,0,0,0,0,0,0
SIKKIM,2010,SUDDEN DEATHS(HEART ATTACKS),1,0,0,0,1,0,1
SIKKIM,2010,EPILEPTIC FITS/GIDDINESS,0,0,0,0,0,0,0
SIKKIM,2010,ABORTIONS/CHILD BIRTH,0,0,0,0,0,0,0
SIKKIM,2010,INFLUENCE OF ALCOHOL,3,0,0,0,2,1,3
SIKKIM,2010,KILLED BY ANIMALS,0,0,0,0,0,0,0
SIKKIM,2010,MINES OR QUARY DISASTER,0,0,0,0,0,0,0
SIKKIM,2010,FOOD POISIONING/ACCIDENTAL INTAKE OF INSECTICIDES ETC.,0,0,0,0,0,0,0
SIKKIM,2010,SPURIOUS/POISIONOUS LIQUOR,0,0,0,0,0,0,0
SIKKIM,2010,LEAKAGE OF POISINOUS GASES ETC.,0,0,0,0,0,0,0
SIKKIM,2010,SNAKE BITE/ANIMAL BITE,0,0,0,0,0,0,0
SIKKIM,2010,OTHER,11,0,0,0,8,3,11
SIKKIM,2010,STAMPEDE,0,0,0,0,0,0,0
SIKKIM,2010,SUFFOCATION,0,0,0,0,0,0,0
SIKKIM,2010,TRAFFIC ACCIDENTS(ROAD ACCIDENTS),186,325,74,399,55,16,71
SIKKIM,2010,TRAFFIC ACCIDENTS(RAIL-ROAD ACCIDENTS),0,0,0,0,0,0,0
SIKKIM,2010,OTHER RAILWAY ACCIDENTS,0,0,0,0,0,0,0
SIKKIM,2010,OTHER,0,0,0,0,0,0,0
SIKKIM,2010,CAUSES NOT KNOWN,0,0,0,0,0,0,0
SIKKIM,2010,TOTAL,290,325,74,399,136,39,175
SIKKIM,2010,TOTAL COLLAPSE,0,0,0,0,0,0,0
SIKKIM,2010,TOTAL DROWNING,15,0,0,0,13,2,15
SIKKIM,2010,TOTAL EXPLOSION,0,0,0,0,0,0,0
SIKKIM,2010,TOTAL FALLS,49,0,0,0,43,6,49
SIKKIM,2010,TOTAL FIRE,15,0,0,0,5,10,15
SIKKIM,2010,TOTAL SUDDEN DEATHS,4,0,0,0,3,1,4
SIKKIM,2010,TOTAL POISONING,11,0,0,0,8,3,11
SIKKIM,2010,TOTAL TRAFFIC ACCIDENTS,186,325,74,399,55,16,71
SIKKIM,2011,AIR-CRASH,0,0,0,0,0,0,0
SIKKIM,2011,COLLAPSE OF STRUCTURE(HOUSE),82,45,35,80,2,0,2
SIKKIM,2011,COLLAPSE OF STRUCTURE(BUILDING),50,30,20,50,0,0,0
SIKKIM,2011,COLLAPSE OF STRUCTURE(DAM),0,0,0,0,0,0,0
SIKKIM,2011,COLLAPSE OF STRUCTURE(BRIDGE),0,0,0,0,0,0,0
SIKKIM,2011,COLLAPSE OF STRUCTURE(OTHERS),0,0,0,0,0,0,0
SIKKIM,2011,DROWNING(BOAT CAPSIZE),0,0,0,0,0,0,0
SIKKIM,2011,DROWNING(OTHER),28,0,0,0,20,8,28
SIKKIM,2011,ELECTROCUTION,5,0,0,0,5,0,5
SIKKIM,2011,EXPLOSION(BOMB EXPLOSION),0,0,0,0,0,0,0
SIKKIM,2011,EXPLOSION(OTHER EXPLOSION LIKE BOIL,0,0,0,0,0,0,0
SIKKIM,2011,FALLS(FALL FROM HEIGHT),40,0,0,0,36,4,40
SIKKIM,2011,FALL INTO PIT/MANHOLE,0,0,0,0,0,0,0
SIKKIM,2011,FACTORY/MACHINE ACCIDENTS,0,0,0,0,0,0,0
SIKKIM,2011,FIRE(FIREWORKS/CRACKERS),0,0,0,0,0,0,0
SIKKIM,2011,FIRE(SHORT-CIRCUIT),0,0,0,0,0,0,0
SIKKIM,2011,GAS CYLINDER/STOVE BURST,0,0,0,0,0,0,0
SIKKIM,2011,OTHER FIRE ACCIDENTS,6,0,0,0,0,6,6
SIKKIM,2011,FIRE-ARMS,0,0,0,0,0,0,0
SIKKIM,2011,SUDDEN DEATHS(HEART ATTACKS),0,0,0,0,0,0,0
SIKKIM,2011,EPILEPTIC FITS/GIDDINESS,1,0,0,0,1,0,1
SIKKIM,2011,ABORTIONS/CHILD BIRTH,0,0,0,0,0,0,0
SIKKIM,2011,INFLUENCE OF ALCOHOL,4,0,0,0,4,0,4
SIKKIM,2011,KILLED BY ANIMALS,0,0,0,0,0,0,0
SIKKIM,2011,MINES OR QUARY DISASTER,0,0,0,0,0,0,0
SIKKIM,2011,FOOD POISIONING/ACCIDENTAL INTAKE OF INSECTICIDES ETC.,0,0,0,0,0,0,0
SIKKIM,2011,SPURIOUS/POISIONOUS LIQUOR,0,0,0,0,0,0,0
SIKKIM,2011,LEAKAGE OF POISINOUS GASES ETC.,0,0,0,0,0,0,0
SIKKIM,2011,SNAKE BITE/ANIMAL BITE,0,0,0,0,0,0,0
SIKKIM,2011,OTHER,10,0,0,0,5,5,10
SIKKIM,2011,STAMPEDE,0,0,0,0,0,0,0
SIKKIM,2011,SUFFOCATION,0,0,0,0,0,0,0
SIKKIM,2011,TRAFFIC ACCIDENTS(ROAD ACCIDENTS),129,239,82,321,87,19,106
SIKKIM,2011,TRAFFIC ACCIDENTS(RAIL-ROAD ACCIDENTS),0,0,0,0,0,0,0
SIKKIM,2011,OTHER RAILWAY ACCIDENTS,0,0,0,0,0,0,0
SIKKIM,2011,OTHER,0,0,0,0,0,0,0
SIKKIM,2011,CAUSES NOT KNOWN,0,0,0,0,0,0,0
SIKKIM,2011,TOTAL,355,314,137,451,160,42,202
SIKKIM,2011,TOTAL COLLAPSE,132,75,55,130,2,0,2
SIKKIM,2011,TOTAL DROWNING,28,0,0,0,20,8,28
SIKKIM,2011,TOTAL EXPLOSION,0,0,0,0,0,0,0
SIKKIM,2011,TOTAL FALLS,40,0,0,0,36,4,40
SIKKIM,2011,TOTAL FIRE,6,0,0,0,0,6,6
SIKKIM,2011,TOTAL SUDDEN DEATHS,5,0,0,0,5,0,5
SIKKIM,2011,TOTAL POISONING,10,0,0,0,5,5,10
SIKKIM,2011,TOTAL TRAFFIC ACCIDENTS,129,239,82,321,87,19,106
SIKKIM,2012,AIR-CRASH,0,0,0,0,0,0,0
SIKKIM,2012,COLLAPSE OF STRUCTURE(HOUSE),0,0,0,0,0,0,0
SIKKIM,2012,COLLAPSE OF STRUCTURE(BUILDING),0,0,0,0,0,0,0
SIKKIM,2012,COLLAPSE OF STRUCTURE(DAM),0,0,0,0,0,0,0
SIKKIM,2012,COLLAPSE OF STRUCTURE(BRIDGE),0,0,0,0,0,0,0
SIKKIM,2012,COLLAPSE OF STRUCTURE(OTHERS),0,0,0,0,0,0,0
SIKKIM,2012,DROWNING(BOAT CAPSIZE),0,0,0,0,0,0,0
SIKKIM,2012,DROWNING(OTHER),0,0,0,0,0,0,0
SIKKIM,2012,ELECTROCUTION,2,0,0,0,2,0,2
SIKKIM,2012,EXPLOSION(BOMB EXPLOSION),0,0,0,0,0,0,0
SIKKIM,2012,EXPLOSION(OTHER EXPLOSION LIKE BOIL,0,0,0,0,0,0,0
SIKKIM,2012,FALLS(FALL FROM HEIGHT),35,0,0,0,32,3,35
SIKKIM,2012,FALL INTO PIT/MANHOLE,0,0,0,0,0,0,0
SIKKIM,2012,FACTORY/MACHINE ACCIDENTS,1,0,0,0,1,0,1
SIKKIM,2012,FIRE(FIREWORKS/CRACKERS),0,0,0,0,0,0,0
SIKKIM,2012,FIRE(SHORT-CIRCUIT),0,0,0,0,0,0,0
SIKKIM,2012,GAS CYLINDER/STOVE BURST,0,0,0,0,0,0,0
SIKKIM,2012,OTHER FIRE ACCIDENTS,6,0,0,0,4,2,6
SIKKIM,2012,FIRE-ARMS,0,0,0,0,0,0,0
SIKKIM,2012,SUDDEN DEATHS(HEART ATTACKS),17,0,0,0,14,3,17
SIKKIM,2012,EPILEPTIC FITS/GIDDINESS,2,0,0,0,1,1,2
SIKKIM,2012,ABORTIONS/CHILD BIRTH,0,0,0,0,0,0,0
SIKKIM,2012,INFLUENCE OF ALCOHOL,22,0,0,0,22,0,22
SIKKIM,2012,KILLED BY ANIMALS,1,0,0,0,1,0,1
SIKKIM,2012,MINES OR QUARY DISASTER,0,0,0,0,0,0,0
SIKKIM,2012,FOOD POISIONING/ACCIDENTAL INTAKE OF INSECTICIDES ETC.,4,0,0,0,1,3,4
SIKKIM,2012,SPURIOUS/POISIONOUS LIQUOR,0,0,0,0,0,0,0
SIKKIM,2012,LEAKAGE OF POISINOUS GASES ETC.,0,0,0,0,0,0,0
SIKKIM,2012,SNAKE BITE/ANIMAL BITE,0,0,0,0,0,0,0
SIKKIM,2012,OTHER,0,0,0,0,0,0,0
SIKKIM,2012,STAMPEDE,0,0,0,0,0,0,0
SIKKIM,2012,SUFFOCATION,0,0,0,0,0,0,0
SIKKIM,2012,TRAFFIC ACCIDENTS(ROAD ACCIDENTS),123,201,34,235,37,7,44
SIKKIM,2012,TRAFFIC ACCIDENTS(RAIL-ROAD ACCIDENTS),0,0,0,0,0,0,0
SIKKIM,2012,OTHER RAILWAY ACCIDENTS,0,0,0,0,0,0,0
SIKKIM,2012,OTHER,0,0,0,0,0,0,0
SIKKIM,2012,CAUSES NOT KNOWN,0,0,0,0,0,0,0
SIKKIM,2012,TOTAL,213,201,34,235,115,19,134
SIKKIM,2012,TOTAL COLLAPSE,0,0,0,0,0,0,0
SIKKIM,2012,TOTAL DROWNING,0,0,0,0,0,0,0
SIKKIM,2012,TOTAL EXPLOSION,0,0,0,0,0,0,0
SIKKIM,2012,TOTAL FALLS,35,0,0,0,32,3,35
SIKKIM,2012,TOTAL FIRE,6,0,0,0,4,2,6
SIKKIM,2012,TOTAL SUDDEN DEATHS,41,0,0,0,37,4,41
SIKKIM,2012,TOTAL POISONING,4,0,0,0,1,3,4
SIKKIM,2012,TOTAL TRAFFIC ACCIDENTS,123,201,34,235,37,7,44
TAMIL NADU,2001,AIR-CRASH,1,0,0,0,2,0,2
TAMIL NADU,2001,COLLAPSE OF STRUCTURE(HOUSE),34,2,3,5,24,10,34
TAMIL NADU,2001,COLLAPSE OF STRUCTURE(BUILDING),87,25,20,45,65,61,126
TAMIL NADU,2001,COLLAPSE OF STRUCTURE(DAM),0,0,0,0,0,0,0
TAMIL NADU,2001,COLLAPSE OF STRUCTURE(BRIDGE),3,1,1,2,2,1,3
TAMIL NADU,2001,COLLAPSE OF STRUCTURE(OTHERS),51,18,5,23,31,9,40
TAMIL NADU,2001,DROWNING(BOAT CAPSIZE),48,0,0,0,49,2,51
TAMIL NADU,2001,DROWNING(OTHER),894,5,3,8,658,305,963
TAMIL NADU,2001,ELECTROCUTION,226,3,1,4,206,26,232
TAMIL NADU,2001,EXPLOSION(BOMB EXPLOSION),1,0,0,0,1,1,2
TAMIL NADU,2001,EXPLOSION(OTHER EXPLOSION LIKE BOILERS,,13,2,3,5,6,10,16
TAMIL NADU,2001,FALLS(FALL FROM HEIGHT),359,13,10,23,328,42,370
TAMIL NADU,2001,FALL INTO PIT/MANHOLE,24,0,0,0,20,4,24
TAMIL NADU,2001,FACTORY/MACHINE ACCIDENTS,28,3,0,3,23,4,27
TAMIL NADU,2001,FIRE(FIREWORKS/CRACKERS),46,18,2,20,18,16,34
TAMIL NADU,2001,FIRE(SHORT-CIRCUIT),38,4,4,8,24,14,38
TAMIL NADU,2001,GAS CYLINDER/STOVE BURST,684,14,43,57,116,631,747
TAMIL NADU,2001,OTHER FIRE ACCIDENTS,1291,7,10,17,497,831,1328
TAMIL NADU,2001,FIRE-ARMS,1,1,0,1,0,0,0
TAMIL NADU,2001,SUDDEN DEATHS(HEART ATTACKS),645,0,0,0,553,92,645
TAMIL NADU,2001,EPILEPTIC FITS/GIDDINESS,89,0,0,0,76,13,89
TAMIL NADU,2001,ABORTIONS/CHILD BIRTH,6,0,0,0,0,6,6
TAMIL NADU,2001,INFLUENCE OF ALCOHOL,45,0,0,0,57,4,61
TAMIL NADU,2001,KILLED BY ANIMALS,44,5,0,5,29,11,40
TAMIL NADU,2001,MINES OR QUARY DISASTER,0,0,0,0,0,0,0
TAMIL NADU,2001,FOOD POISIONING/ACCIDENTAL INTAKE OF INSECTICIDES ETC.,425,2,5,7,285,154,439
TAMIL NADU,2001,SPURIOUS/POISIONOUS LIQUOR,3,0,0,0,90,8,98
TAMIL NADU,2001,LEAKAGE OF POISINOUS GASES ETC.,1,0,0,0,2,0,2
TAMIL NADU,2001,SNAKE BITE/ANIMAL BITE,447,0,0,0,289,160,449
TAMIL NADU,2001,OTHER,2076,12,6,18,1357,804,2161
TAMIL NADU,2001,STAMPEDE,0,0,0,0,0,0,0
TAMIL NADU,2001,SUFFOCATION,0,0,0,0,0,0,0
TAMIL NADU,2001,TRAFFIC ACCIDENTS(ROAD ACCIDENTS),51978,45408,8874,54282,7874,1697,9571
TAMIL NADU,2001,TRAFFIC ACCIDENTS(RAIL-ROAD ACCIDENTS),617,301,52,353,412,206,618
TAMIL NADU,2001,OTHER RAILWAY ACCIDENTS,5,0,0,0,4,1,5
TAMIL NADU,2001,OTHER,1283,4,5,9,925,398,1323
TAMIL NADU,2001,CAUSES NOT KNOWN,307,33,17,50,175,101,276
TAMIL NADU,2001,TOTAL,61800,45881,9064,54945,14198,5622,19820
TAMIL NADU,2001,TOTAL COLLAPSE,175,46,29,75,122,81,203
TAMIL NADU,2001,TOTAL DROWNING,942,5,3,8,707,307,1014
TAMIL NADU,2001,TOTAL EXPLOSION,14,2,3,5,7,11,18
TAMIL NADU,2001,TOTAL FALLS,383,13,10,23,348,46,394
TAMIL NADU,2001,TOTAL FIRE,2059,43,59,102,655,1492,2147
TAMIL NADU,2001,TOTAL SUDDEN DEATHS,785,0,0,0,686,115,801
TAMIL NADU,2001,TOTAL POISONING,2952,14,11,25,2023,1126,3149
TAMIL NADU,2001,TOTAL TRAFFIC ACCIDENTS,52600,45709,8926,54635,8290,1904,10194
TAMIL NADU,2002,AIR-CRASH,1,0,0,0,1,1,2
TAMIL NADU,2002,COLLAPSE OF STRUCTURE(HOUSE),107,41,6,47,35,25,60
TAMIL NADU,2002,COLLAPSE OF STRUCTURE(BUILDING),69,5,2,7,50,12,62
TAMIL NADU,2002,COLLAPSE OF STRUCTURE(DAM),0,0,0,0,0,0,0
TAMIL NADU,2002,COLLAPSE OF STRUCTURE(BRIDGE),7,0,0,0,5,2,7
TAMIL NADU,2002,COLLAPSE OF STRUCTURE(OTHERS),186,16,14,30,136,23,159
TAMIL NADU,2002,DROWNING(BOAT CAPSIZE),52,0,0,0,53,12,65
TAMIL NADU,2002,DROWNING(OTHER),686,5,1,6,525,196,721
TAMIL NADU,2002,ELECTROCUTION,317,12,2,14,276,32,308
TAMIL NADU,2002,EXPLOSION(BOMB EXPLOSION),4,0,0,0,4,0,4
TAMIL NADU,2002,EXPLOSION(OTHER EXPLOSION LIKE BOILERS, GAS CYLINDER ETC.),75,0,15,15,51,26,77
TAMIL NADU,2002,FALLS(FALL FROM HEIGHT),407,28,2,30,350,58,408
TAMIL NADU,2002,FALL INTO PIT/MANHOLE,24,0,1,1,21,4,25
TAMIL NADU,2002,FACTORY/MACHINE ACCIDENTS,65,12,0,12,48,6,54
TAMIL NADU,2002,FIRE(FIREWORKS/CRACKERS),20,3,0,3,15,3,18
TAMIL NADU,2002,FIRE(SHORT-CIRCUIT),110,4,0,4,67,44,111
TAMIL NADU,2002,GAS CYLINDER/STOVE BURST,745,25,4,29,151,596,747
TAMIL NADU,2002,OTHER FIRE ACCIDENTS,1151,18,54,72,390,819,1209
TAMIL NADU,2002,FIRE-ARMS,11,5,0,5,10,1,11
TAMIL NADU,2002,SUDDEN DEATHS(HEART ATTACKS),542,8,0,8,459,99,558
TAMIL NADU,2002,EPILEPTIC FITS/GIDDINESS,195,3,9,12,145,51,196
TAMIL NADU,2002,ABORTIONS/CHILD BIRTH,16,0,0,0,0,16,16
TAMIL NADU,2002,INFLUENCE OF ALCOHOL,115,1,0,1,111,3,114
TAMIL NADU,2002,KILLED BY ANIMALS,46,3,2,5,38,4,42
TAMIL NADU,2002,MINES OR QUARY DISASTER,40,3,1,4,30,6,36
TAMIL NADU,2002,FOOD POISIONING/ACCIDENTAL INTAKE OF INSECTICIDES ETC.,140,2,1,3,96,69,165
TAMIL NADU,2002,SPURIOUS/POISIONOUS LIQUOR,0,0,0,0,0,0,0
TAMIL NADU,2002,LEAKAGE OF POISINOUS GASES ETC.,51,0,0,0,21,24,45
TAMIL NADU,2002,SNAKE BITE/ANIMAL BITE,353,1,0,1,252,100,352
TAMIL NADU,2002,OTHER,1355,4,0,4,944,486,1430
TAMIL NADU,2002,STAMPEDE,0,0,0,0,0,0,0
TAMIL NADU,2002,SUFFOCATION,17,9,4,13,2,2,4
TAMIL NADU,2002,TRAFFIC ACCIDENTS(ROAD ACCIDENTS),53503,46007,9118,55125,8431,1508,9939
TAMIL NADU,2002,TRAFFIC ACCIDENTS(RAIL-ROAD ACCIDENTS),216,185,30,215,9,2,11
TAMIL NADU,2002,OTHER RAILWAY ACCIDENTS,0,0,0,0,0,0,0
TAMIL NADU,2002,OTHER,1921,0,0,0,1499,430,1929
TAMIL NADU,2002,CAUSES NOT KNOWN,651,11,5,16,348,316,664
TAMIL NADU,2002,TOTAL,63198,46411,9271,55682,14573,4976,19549
TAMIL NADU,2002,TOTAL COLLAPSE,369,62,22,84,226,62,288
TAMIL NADU,2002,TOTAL DROWNING,738,5,1,6,578,208,786
TAMIL NADU,2002,TOTAL EXPLOSION,79,0,15,15,55,26,81
TAMIL NADU,2002,TOTAL FALLS,431,28,3,31,371,62,433
TAMIL NADU,2002,TOTAL FIRE,2026,50,58,108,623,1462,2085
TAMIL NADU,2002,TOTAL SUDDEN DEATHS,868,12,9,21,715,169,884
TAMIL NADU,2002,TOTAL POISONING,1899,7,1,8,1313,679,1992
TAMIL NADU,2002,TOTAL TRAFFIC ACCIDENTS,53719,46192,9148,55340,8440,1510,9950
TAMIL NADU,2003,AIR-CRASH,0,0,0,0,0,0,0
TAMIL NADU,2003,COLLAPSE OF STRUCTURE(HOUSE),35,1,1,2,27,13,40
TAMIL NADU,2003,COLLAPSE OF STRUCTURE(BUILDING),26,2,1,3,19,7,26
TAMIL NADU,2003,COLLAPSE OF STRUCTURE(DAM),0,0,0,0,0,0,0
TAMIL NADU,2003,COLLAPSE OF STRUCTURE(BRIDGE),0,0,0,0,0,0,0
TAMIL NADU,2003,COLLAPSE OF STRUCTURE(OTHERS),66,3,1,4,53,12,65
TAMIL NADU,2003,DROWNING(BOAT CAPSIZE),18,4,0,4,19,1,20
TAMIL NADU,2003,DROWNING(OTHER),815,13,8,21,589,232,821
TAMIL NADU,2003,ELECTROCUTION,261,9,0,9,225,35,260
TAMIL NADU,2003,EXPLOSION(BOMB EXPLOSION),4,4,0,4,5,0,5
TAMIL NADU,2003,EXPLOSION(OTHER EXPLOSION LIKE BOILERS,,26,2,1,3,20,4,24
TAMIL NADU,2003,FALLS(FALL FROM HEIGHT),372,6,2,8,314,51,365
TAMIL NADU,2003,FALL INTO PIT/MANHOLE,35,0,1,1,29,5,34
TAMIL NADU,2003,FACTORY/MACHINE ACCIDENTS,21,5,0,5,16,2,18
TAMIL NADU,2003,FIRE(FIREWORKS/CRACKERS),11,1,2,3,2,7,9
TAMIL NADU,2003,FIRE(SHORT-CIRCUIT),73,2,0,2,49,22,71
TAMIL NADU,2003,GAS CYLINDER/STOVE BURST,567,3,11,14,110,460,570
TAMIL NADU,2003,OTHER FIRE ACCIDENTS,830,6,7,13,303,536,839
TAMIL NADU,2003,FIRE-ARMS,0,0,0,0,0,0,0
TAMIL NADU,2003,SUDDEN DEATHS(HEART ATTACKS),610,0,0,0,526,85,611
TAMIL NADU,2003,EPILEPTIC FITS/GIDDINESS,98,5,0,5,73,25,98
TAMIL NADU,2003,ABORTIONS/CHILD BIRTH,21,0,0,0,0,21,21
TAMIL NADU,2003,INFLUENCE OF ALCOHOL,95,0,0,0,95,0,95
TAMIL NADU,2003,KILLED BY ANIMALS,60,6,2,8,47,7,54
TAMIL NADU,2003,MINES OR QUARY DISASTER,15,6,0,6,10,0,10
TAMIL NADU,2003,FOOD POISIONING/ACCIDENTAL INTAKE OF INSECTICIDES ETC.,175,0,0,0,117,52,169
TAMIL NADU,2003,SPURIOUS/POISIONOUS LIQUOR,1,88,0,88,16,0,16
TAMIL NADU,2003,LEAKAGE OF POISINOUS GASES ETC.,4,0,0,0,4,1,5
TAMIL NADU,2003,SNAKE BITE/ANIMAL BITE,368,0,0,0,260,110,370
TAMIL NADU,2003,OTHER,1141,4,2,6,794,360,1154
TAMIL NADU,2003,STAMPEDE,0,0,0,0,0,0,0
TAMIL NADU,2003,SUFFOCATION,0,0,0,0,0,0,0
TAMIL NADU,2003,TRAFFIC ACCIDENTS(ROAD ACCIDENTS),51025,45342,9900,55242,7692,1583,9275
TAMIL NADU,2003,TRAFFIC ACCIDENTS(RAIL-ROAD ACCIDENTS),224,53,22,75,11,4,15
TAMIL NADU,2003,OTHER RAILWAY ACCIDENTS,0,0,0,0,0,0,0
TAMIL NADU,2003,OTHER,1719,10,6,16,1292,415,1707
TAMIL NADU,2003,CAUSES NOT KNOWN,760,0,0,0,487,273,760
TAMIL NADU,2003,TOTAL,59476,45575,9967,55542,13204,4323,17527
TAMIL NADU,2003,TOTAL COLLAPSE,127,6,3,9,99,32,131
TAMIL NADU,2003,TOTAL DROWNING,833,17,8,25,608,233,841
TAMIL NADU,2003,TOTAL EXPLOSION,30,6,1,7,25,4,29
TAMIL NADU,2003,TOTAL FALLS,407,6,3,9,343,56,399
TAMIL NADU,2003,TOTAL FIRE,1481,12,20,32,464,1025,1489
TAMIL NADU,2003,TOTAL SUDDEN DEATHS,824,5,0,5,694,131,825
TAMIL NADU,2003,TOTAL POISONING,1689,92,2,94,1191,523,1714
TAMIL NADU,2003,TOTAL TRAFFIC ACCIDENTS,51249,45395,9922,55317,7703,1587,9290
TAMIL NADU,2004,AIR-CRASH,0,0,0,0,0,0,0
TAMIL NADU,2004,COLLAPSE OF STRUCTURE(HOUSE),58,3,4,7,35,29,64
TAMIL NADU,2004,COLLAPSE OF STRUCTURE(BUILDING),28,7,0,7,21,6,27
TAMIL NADU,2004,COLLAPSE OF STRUCTURE(DAM),0,0,0,0,0,0,0
TAMIL NADU,2004,COLLAPSE OF STRUCTURE(BRIDGE),4,0,0,0,4,0,4
TAMIL NADU,2004,COLLAPSE OF STRUCTURE(OTHERS),138,31,7,38,109,27,136
TAMIL NADU,2004,DROWNING(BOAT CAPSIZE),13,0,0,0,28,21,49
TAMIL NADU,2004,DROWNING(OTHER),932,11,1,12,737,226,963
TAMIL NADU,2004,ELECTROCUTION,272,1,1,2,230,46,276
TAMIL NADU,2004,EXPLOSION(BOMB EXPLOSION),1,0,0,0,1,0,1
TAMIL NADU,2004,EXPLOSION(OTHER EXPLOSION LIKE BOILERS,,56,0,15,15,19,38,57
TAMIL NADU,2004,FALLS(FALL FROM HEIGHT),330,29,1,30,290,40,330
TAMIL NADU,2004,FALL INTO PIT/MANHOLE,48,0,0,0,40,8,48
TAMIL NADU,2004,FACTORY/MACHINE ACCIDENTS,54,21,2,23,43,11,54
TAMIL NADU,2004,FIRE(FIREWORKS/CRACKERS),6,0,0,0,6,0,6
TAMIL NADU,2004,FIRE(SHORT-CIRCUIT),52,2,0,2,48,3,51
TAMIL NADU,2004,GAS CYLINDER/STOVE BURST,704,48,15,63,135,587,722
TAMIL NADU,2004,OTHER FIRE ACCIDENTS,970,13,17,30,360,650,1010
TAMIL NADU,2004,FIRE-ARMS,4,2,2,4,0,0,0
TAMIL NADU,2004,SUDDEN DEATHS(HEART ATTACKS),613,23,9,32,515,93,608
TAMIL NADU,2004,EPILEPTIC FITS/GIDDINESS,109,0,0,0,79,31,110
TAMIL NADU,2004,ABORTIONS/CHILD BIRTH,10,0,0,0,0,10,10
TAMIL NADU,2004,INFLUENCE OF ALCOHOL,116,6,0,6,109,3,112
TAMIL NADU,2004,KILLED BY ANIMALS,51,0,0,0,47,5,52
TAMIL NADU,2004,MINES OR QUARY DISASTER,6,1,1,2,4,0,4
TAMIL NADU,2004,FOOD POISIONING/ACCIDENTAL INTAKE OF INSECTICIDES ETC.,230,6,8,14,155,69,224
TAMIL NADU,2004,SPURIOUS/POISIONOUS LIQUOR,51,0,0,0,34,18,52
TAMIL NADU,2004,LEAKAGE OF POISINOUS GASES ETC.,2,0,0,0,4,0,4
TAMIL NADU,2004,SNAKE BITE/ANIMAL BITE,316,9,8,17,192,108,300
TAMIL NADU,2004,OTHER,930,3,2,5,608,325,933
TAMIL NADU,2004,STAMPEDE,1,0,4,4,1,0,1
TAMIL NADU,2004,SUFFOCATION,19,0,0,0,14,5,19
TAMIL NADU,2004,TRAFFIC ACCIDENTS(ROAD ACCIDENTS),52508,47722,9561,57283,8031,1476,9507
TAMIL NADU,2004,TRAFFIC ACCIDENTS(RAIL-ROAD ACCIDENTS),228,154,54,208,10,0,10
TAMIL NADU,2004,OTHER RAILWAY ACCIDENTS,0,0,0,0,0,0,0
TAMIL NADU,2004,OTHER,668,27,14,41,478,215,693
TAMIL NADU,2004,CAUSES NOT KNOWN,2275,36,20,56,1828,420,2248
TAMIL NADU,2004,TOTAL,61803,48155,9746,57901,14215,4470,18685
TAMIL NADU,2004,TOTAL COLLAPSE,228,41,11,52,169,62,231
TAMIL NADU,2004,TOTAL DROWNING,945,11,1,12,765,247,1012
TAMIL NADU,2004,TOTAL EXPLOSION,57,0,15,15,20,38,58
TAMIL NADU,2004,TOTAL FALLS,378,29,1,30,330,48,378
TAMIL NADU,2004,TOTAL FIRE,1732,63,32,95,549,1240,1789
TAMIL NADU,2004,TOTAL SUDDEN DEATHS,848,29,9,38,703,137,840
TAMIL NADU,2004,TOTAL POISONING,1529,18,18,36,993,520,1513
TAMIL NADU,2004,TOTAL TRAFFIC ACCIDENTS,52736,47876,9615,57491,8041,1476,9517
TAMIL NADU,2005,AIR-CRASH,0,0,0,0,0,0,0
TAMIL NADU,2005,COLLAPSE OF STRUCTURE(HOUSE),64,0,1,1,43,36,79
TAMIL NADU,2005,COLLAPSE OF STRUCTURE(BUILDING),25,0,6,6,23,7,30
TAMIL NADU,2005,COLLAPSE OF STRUCTURE(DAM),0,0,0,0,0,0,0
TAMIL NADU,2005,COLLAPSE OF STRUCTURE(BRIDGE),2,0,0,0,2,0,2
TAMIL NADU,2005,COLLAPSE OF STRUCTURE(OTHERS),92,0,1,1,71,22,93
TAMIL NADU,2005,DROWNING(BOAT CAPSIZE),14,0,0,0,14,0,14
TAMIL NADU,2005,DROWNING(OTHER),984,0,1,1,769,237,1006
TAMIL NADU,2005,ELECTROCUTION,272,0,1,1,231,49,280
TAMIL NADU,2005,EXPLOSION(BOMB EXPLOSION),3,0,0,0,3,0,3
TAMIL NADU,2005,EXPLOSION(OTHER EXPLOSION LIKE BOILERS,,25,0,0,0,11,15,26
TAMIL NADU,2005,FALLS(FALL FROM HEIGHT),388,1,2,3,350,49,399
TAMIL NADU,2005,FALL INTO PIT/MANHOLE,90,0,0,0,74,17,91
TAMIL NADU,2005,FACTORY/MACHINE ACCIDENTS,39,0,2,2,35,16,51
TAMIL NADU,2005,FIRE(FIREWORKS/CRACKERS),29,35,67,102,22,19,41
TAMIL NADU,2005,FIRE(SHORT-CIRCUIT),47,0,0,0,41,6,47
TAMIL NADU,2005,GAS CYLINDER/STOVE BURST,756,2,10,12,152,614,766
TAMIL NADU,2005,OTHER FIRE ACCIDENTS,913,0,9,9,330,646,976
TAMIL NADU,2005,FIRE-ARMS,5,0,2,2,1,0,1
TAMIL NADU,2005,SUDDEN DEATHS(HEART ATTACKS),651,0,0,0,638,78,716
TAMIL NADU,2005,EPILEPTIC FITS/GIDDINESS,92,0,0,0,67,30,97
TAMIL NADU,2005,ABORTIONS/CHILD BIRTH,8,0,0,0,0,8,8
TAMIL NADU,2005,INFLUENCE OF ALCOHOL,99,0,0,0,101,1,102
TAMIL NADU,2005,KILLED BY ANIMALS,59,0,0,0,57,3,60
TAMIL NADU,2005,MINES OR QUARY DISASTER,6,0,1,1,6,0,6
TAMIL NADU,2005,FOOD POISIONING/ACCIDENTAL INTAKE OF INSECTICIDES ETC.,177,0,6,6,116,59,175
TAMIL NADU,2005,SPURIOUS/POISIONOUS LIQUOR,52,0,0,0,35,18,53
TAMIL NADU,2005,LEAKAGE OF POISINOUS GASES ETC.,9,0,0,0,12,0,12
TAMIL NADU,2005,SNAKE BITE/ANIMAL BITE,323,0,0,0,216,107,323
TAMIL NADU,2005,OTHER,931,0,2,2,710,260,970
TAMIL NADU,2005,STAMPEDE,4,0,4,4,0,1,1
TAMIL NADU,2005,SUFFOCATION,6,0,0,0,6,0,6
TAMIL NADU,2005,TRAFFIC ACCIDENTS(ROAD ACCIDENTS),75480,77127,9793,86920,11867,2094,13961
TAMIL NADU,2005,TRAFFIC ACCIDENTS(RAIL-ROAD ACCIDENTS),18,0,3,3,6,0,6
TAMIL NADU,2005,OTHER RAILWAY ACCIDENTS,0,0,0,0,0,0,0
TAMIL NADU,2005,OTHER,981,0,16,16,654,331,985
TAMIL NADU,2005,CAUSES NOT KNOWN,370,0,1,1,291,104,395
TAMIL NADU,2005,TOTAL,83014,77165,9928,87093,16954,4827,21781
TAMIL NADU,2005,TOTAL COLLAPSE,183,0,8,8,139,65,204
TAMIL NADU,2005,TOTAL DROWNING,998,0,1,1,783,237,1020
TAMIL NADU,2005,TOTAL EXPLOSION,28,0,0,0,14,15,29
TAMIL NADU,2005,TOTAL FALLS,478,1,2,3,424,66,490
TAMIL NADU,2005,TOTAL FIRE,1745,37,86,123,545,1285,1830
TAMIL NADU,2005,TOTAL SUDDEN DEATHS,850,0,0,0,806,117,923
TAMIL NADU,2005,TOTAL POISONING,1492,0,8,8,1089,444,1533
TAMIL NADU,2005,TOTAL TRAFFIC ACCIDENTS,75498,77127,9796,86923,11873,2094,13967
TAMIL NADU,2006,AIR-CRASH,0,0,0,0,0,0,0
TAMIL NADU,2006,COLLAPSE OF STRUCTURE(HOUSE),41,2,4,6,37,19,56
TAMIL NADU,2006,COLLAPSE OF STRUCTURE(BUILDING),18,4,4,8,14,8,22
TAMIL NADU,2006,COLLAPSE OF STRUCTURE(DAM),6,0,0,0,3,3,6
TAMIL NADU,2006,COLLAPSE OF STRUCTURE(BRIDGE),3,0,0,0,86,36,122
TAMIL NADU,2006,COLLAPSE OF STRUCTURE(OTHERS),98,28,14,42,74,20,94
TAMIL NADU,2006,DROWNING(BOAT CAPSIZE),15,1,0,1,48,5,53
TAMIL NADU,2006,DROWNING(OTHER),1046,68,18,86,935,249,1184
TAMIL NADU,2006,ELECTROCUTION,331,48,9,57,318,64,382
TAMIL NADU,2006,EXPLOSION(BOMB EXPLOSION),3,8,0,8,8,3,11
TAMIL NADU,2006,EXPLOSION(OTHER EXPLOSION LIKE BOIL,5,4,0,4,1,0,1
TAMIL NADU,2006,FALLS(FALL FROM HEIGHT),396,22,2,24,376,54,430
TAMIL NADU,2006,FALL INTO PIT/MANHOLE,29,4,1,5,32,6,38
TAMIL NADU,2006,FACTORY/MACHINE ACCIDENTS,53,6,3,9,45,7,52
TAMIL NADU,2006,FIRE(FIREWORKS/CRACKERS),14,37,43,80,19,8,27
TAMIL NADU,2006,FIRE(SHORT-CIRCUIT),29,0,0,0,18,11,29
TAMIL NADU,2006,GAS CYLINDER/STOVE BURST,477,9,51,60,71,446,517
TAMIL NADU,2006,OTHER FIRE ACCIDENTS,982,19,42,61,360,753,1113
TAMIL NADU,2006,FIRE-ARMS,62,0,2,2,38,24,62
TAMIL NADU,2006,SUDDEN DEATHS(HEART ATTACKS),589,29,14,43,561,113,674
TAMIL NADU,2006,EPILEPTIC FITS/GIDDINESS,76,1,0,1,62,16,78
TAMIL NADU,2006,ABORTIONS/CHILD BIRTH,7,0,1,1,0,5,5
TAMIL NADU,2006,INFLUENCE OF ALCOHOL,76,0,3,3,82,4,86
TAMIL NADU,2006,KILLED BY ANIMALS,57,1,1,2,53,6,59
TAMIL NADU,2006,MINES OR QUARY DISASTER,5,0,0,0,8,0,8
TAMIL NADU,2006,FOOD POISIONING/ACCIDENTAL INTAKE OF INSECTICIDES ETC.,311,1,1,2,238,139,377
TAMIL NADU,2006,SPURIOUS/POISIONOUS LIQUOR,116,35,17,52,100,25,125
TAMIL NADU,2006,LEAKAGE OF POISINOUS GASES ETC.,17,4,0,4,11,8,19
TAMIL NADU,2006,SNAKE BITE/ANIMAL BITE,483,23,16,39,346,184,530
TAMIL NADU,2006,OTHER,1254,133,57,190,784,581,1365
TAMIL NADU,2006,STAMPEDE,2,0,0,0,1,1,2
TAMIL NADU,2006,SUFFOCATION,23,0,0,0,19,9,28
TAMIL NADU,2006,TRAFFIC ACCIDENTS(ROAD ACCIDENTS),55145,50389,13953,64342,9624,1385,11009
TAMIL NADU,2006,TRAFFIC ACCIDENTS(RAIL-ROAD ACCIDENTS),74,15,0,15,12,20,32
TAMIL NADU,2006,OTHER RAILWAY ACCIDENTS,1558,0,0,0,1277,288,1565
TAMIL NADU,2006,OTHER,1764,10,4,14,764,460,1224
TAMIL NADU,2006,CAUSES NOT KNOWN,827,1,0,1,756,193,949
TAMIL NADU,2006,TOTAL,65992,50902,14260,65162,17181,5153,22334
TAMIL NADU,2006,TOTAL COLLAPSE,166,34,22,56,214,86,300
TAMIL NADU,2006,TOTAL DROWNING,1061,69,18,87,983,254,1237
TAMIL NADU,2006,TOTAL EXPLOSION,8,12,0,12,9,3,12
TAMIL NADU,2006,TOTAL FALLS,425,26,3,29,408,60,468
TAMIL NADU,2006,TOTAL FIRE,1502,65,136,201,468,1218,1686
TAMIL NADU,2006,TOTAL SUDDEN DEATHS,748,30,18,48,705,138,843
TAMIL NADU,2006,TOTAL POISONING,2181,196,91,287,1479,937,2416
TAMIL NADU,2006,TOTAL TRAFFIC ACCIDENTS,56777,50404,13953,64357,10913,1693,12606
TAMIL NADU,2007,AIR-CRASH,0,0,0,0,0,0,0
TAMIL NADU,2007,COLLAPSE OF STRUCTURE(HOUSE),36,2,5,7,40,22,62
TAMIL NADU,2007,COLLAPSE OF STRUCTURE(BUILDING),16,3,5,8,15,9,24
TAMIL NADU,2007,COLLAPSE OF STRUCTURE(DAM),5,0,0,0,3,3,6
TAMIL NADU,2007,COLLAPSE OF STRUCTURE(BRIDGE),3,0,0,0,92,41,133
TAMIL NADU,2007,COLLAPSE OF STRUCTURE(OTHERS),85,23,16,39,79,23,102
TAMIL NADU,2007,DROWNING(BOAT CAPSIZE),13,1,0,1,51,6,57
TAMIL NADU,2007,DROWNING(OTHER),906,57,21,78,1001,282,1283
TAMIL NADU,2007,ELECTROCUTION,287,40,10,50,340,73,413
TAMIL NADU,2007,EXPLOSION(BOMB EXPLOSION),3,7,0,7,9,0,9
TAMIL NADU,2007,EXPLOSION(OTHER EXPLOSION LIKE BOIL,4,3,0,3,1,3,4
TAMIL NADU,2007,FALLS(FALL FROM HEIGHT),343,18,2,20,403,61,464
TAMIL NADU,2007,FALL INTO PIT/MANHOLE,25,3,1,4,34,7,41
TAMIL NADU,2007,FACTORY/MACHINE ACCIDENTS,46,5,3,8,48,8,56
TAMIL NADU,2007,FIRE(FIREWORKS/CRACKERS),12,31,49,80,20,9,29
TAMIL NADU,2007,FIRE(SHORT-CIRCUIT),25,0,0,0,19,12,31
TAMIL NADU,2007,GAS CYLINDER/STOVE BURST,413,8,58,66,76,506,582
TAMIL NADU,2007,OTHER FIRE ACCIDENTS,851,16,48,64,385,854,1239
TAMIL NADU,2007,FIRE-ARMS,54,0,2,2,41,27,68
TAMIL NADU,2007,SUDDEN DEATHS(HEART ATTACKS),510,24,16,40,601,128,729
TAMIL NADU,2007,EPILEPTIC FITS/GIDDINESS,66,1,0,1,66,18,84
TAMIL NADU,2007,ABORTIONS/CHILD BIRTH,6,0,2,2,0,6,6
TAMIL NADU,2007,INFLUENCE OF ALCOHOL,66,0,3,3,88,5,93
TAMIL NADU,2007,KILLED BY ANIMALS,49,1,1,2,57,7,64
TAMIL NADU,2007,MINES OR QUARY DISASTER,4,0,0,0,9,0,9
TAMIL NADU,2007,FOOD POISIONING/ACCIDENTAL INTAKE OF INSECTICIDES ETC.,269,1,1,2,255,158,413
TAMIL NADU,2007,SPURIOUS/POISIONOUS LIQUOR,101,29,19,48,107,28,135
TAMIL NADU,2007,LEAKAGE OF POISINOUS GASES ETC.,15,3,0,3,12,9,21
TAMIL NADU,2007,SNAKE BITE/ANIMAL BITE,419,19,18,37,370,209,579
TAMIL NADU,2007,OTHER,1087,111,65,176,839,659,1498
TAMIL NADU,2007,STAMPEDE,2,0,0,0,1,1,2
TAMIL NADU,2007,SUFFOCATION,20,0,0,0,20,10,30
TAMIL NADU,2007,TRAFFIC ACCIDENTS(ROAD ACCIDENTS),59117,57178,13921,71099,10110,1926,12036
TAMIL NADU,2007,TRAFFIC ACCIDENTS(RAIL-ROAD ACCIDENTS),23,13,0,13,23,0,23
TAMIL NADU,2007,OTHER RAILWAY ACCIDENTS,2454,0,0,0,1321,251,1572
TAMIL NADU,2007,OTHER,1529,8,5,13,818,521,1339
TAMIL NADU,2007,CAUSES NOT KNOWN,717,1,0,1,809,219,1028
TAMIL NADU,2007,TOTAL,69581,57606,14271,71877,18163,6101,24264
TAMIL NADU,2007,TOTAL COLLAPSE,145,28,26,54,229,98,327
TAMIL NADU,2007,TOTAL DROWNING,919,58,21,79,1052,288,1340
TAMIL NADU,2007,TOTAL EXPLOSION,7,10,0,10,10,3,13
TAMIL NADU,2007,TOTAL FALLS,368,21,3,24,437,68,505
TAMIL NADU,2007,TOTAL FIRE,1301,55,155,210,500,1381,1881
TAMIL NADU,2007,TOTAL SUDDEN DEATHS,648,25,21,46,755,157,912
TAMIL NADU,2007,TOTAL POISONING,1891,163,103,266,1583,1063,2646
TAMIL NADU,2007,TOTAL TRAFFIC ACCIDENTS,61594,57191,13921,71112,11454,2177,13631
TAMIL NADU,2008,AIR-CRASH,0,0,0,0,0,0,0
TAMIL NADU,2008,COLLAPSE OF STRUCTURE(HOUSE),46,6,12,18,49,32,81
TAMIL NADU,2008,COLLAPSE OF STRUCTURE(BUILDING),19,12,9,21,22,13,35
TAMIL NADU,2008,COLLAPSE OF STRUCTURE(DAM),0,0,0,0,0,0,0
TAMIL NADU,2008,COLLAPSE OF STRUCTURE(BRIDGE),3,2,0,2,18,25,43
TAMIL NADU,2008,COLLAPSE OF STRUCTURE(OTHERS),85,23,16,39,83,35,118
TAMIL NADU,2008,DROWNING(BOAT CAPSIZE),16,1,0,1,45,6,51
TAMIL NADU,2008,DROWNING(OTHER),906,65,19,84,985,323,1308
TAMIL NADU,2008,ELECTROCUTION,266,42,13,55,285,69,354
TAMIL NADU,2008,EXPLOSION(BOMB EXPLOSION),0,0,0,0,0,0,0
TAMIL NADU,2008,EXPLOSION(OTHER EXPLOSION LIKE BOIL,6,3,5,8,6,3,9
TAMIL NADU,2008,FALLS(FALL FROM HEIGHT),343,20,5,25,306,12,318
TAMIL NADU,2008,FALL INTO PIT/MANHOLE,25,3,1,4,14,7,21
TAMIL NADU,2008,FACTORY/MACHINE ACCIDENTS,46,8,3,11,46,2,48
TAMIL NADU,2008,FIRE(FIREWORKS/CRACKERS),12,30,47,77,16,11,27
TAMIL NADU,2008,FIRE(SHORT-CIRCUIT),25,0,0,0,19,12,31
TAMIL NADU,2008,GAS CYLINDER/STOVE BURST,413,8,58,66,75,496,571
TAMIL NADU,2008,OTHER FIRE ACCIDENTS,851,18,46,64,425,865,1290
TAMIL NADU,2008,FIRE-ARMS,0,0,0,0,0,0,0
TAMIL NADU,2008,SUDDEN DEATHS(HEART ATTACKS),510,0,0,0,485,25,510
TAMIL NADU,2008,EPILEPTIC FITS/GIDDINESS,66,1,0,1,55,10,65
TAMIL NADU,2008,ABORTIONS/CHILD BIRTH,6,0,0,0,0,6,6
TAMIL NADU,2008,INFLUENCE OF ALCOHOL,66,0,0,0,66,0,66
TAMIL NADU,2008,KILLED BY ANIMALS,49,1,1,2,42,5,47
TAMIL NADU,2008,MINES OR QUARY DISASTER,0,0,0,0,0,0,0
TAMIL NADU,2008,FOOD POISIONING/ACCIDENTAL INTAKE OF INSECTICIDES ETC.,269,0,0,0,235,34,269
TAMIL NADU,2008,SPURIOUS/POISIONOUS LIQUOR,101,0,0,0,94,7,101
TAMIL NADU,2008,LEAKAGE OF POISINOUS GASES ETC.,15,0,0,0,12,3,15
TAMIL NADU,2008,SNAKE BITE/ANIMAL BITE,419,0,0,0,319,100,419
TAMIL NADU,2008,OTHER,1087,0,0,0,847,240,1087
TAMIL NADU,2008,STAMPEDE,2,0,0,0,1,1,2
TAMIL NADU,2008,SUFFOCATION,20,0,0,0,20,10,30
TAMIL NADU,2008,TRAFFIC ACCIDENTS(ROAD ACCIDENTS),60409,56534,13717,70251,10004,2780,12784
TAMIL NADU,2008,TRAFFIC ACCIDENTS(RAIL-ROAD ACCIDENTS),21,13,6,19,15,6,21
TAMIL NADU,2008,OTHER RAILWAY ACCIDENTS,1572,0,0,0,1400,262,1662
TAMIL NADU,2008,OTHER,1529,8,5,13,848,685,1533
TAMIL NADU,2008,CAUSES NOT KNOWN,717,1,0,1,625,119,744
TAMIL NADU,2008,TOTAL,69920,56799,13963,70762,17462,6204,23666
TAMIL NADU,2008,TOTAL COLLAPSE,153,43,37,80,172,105,277
TAMIL NADU,2008,TOTAL DROWNING,922,66,19,85,1030,329,1359
TAMIL NADU,2008,TOTAL EXPLOSION,6,3,5,8,6,3,9
TAMIL NADU,2008,TOTAL FALLS,368,23,6,29,320,19,339
TAMIL NADU,2008,TOTAL FIRE,1301,56,151,207,535,1384,1919
TAMIL NADU,2008,TOTAL SUDDEN DEATHS,648,1,0,1,606,41,647
TAMIL NADU,2008,TOTAL POISONING,1891,0,0,0,1507,384,1891
TAMIL NADU,2008,TOTAL TRAFFIC ACCIDENTS,62002,56547,13723,70270,11419,3048,14467
TAMIL NADU,2009,AIR-CRASH,0,0,0,0,0,0,0
TAMIL NADU,2009,COLLAPSE OF STRUCTURE(HOUSE),84,1,0,1,51,44,95
TAMIL NADU,2009,COLLAPSE OF STRUCTURE(BUILDING),31,0,0,0,31,7,38
TAMIL NADU,2009,COLLAPSE OF STRUCTURE(DAM),7,0,0,0,5,2,7
TAMIL NADU,2009,COLLAPSE OF STRUCTURE(BRIDGE),2,1,0,1,1,0,1
TAMIL NADU,2009,COLLAPSE OF STRUCTURE(OTHERS),77,21,0,21,66,19,85
TAMIL NADU,2009,DROWNING(BOAT CAPSIZE),23,0,0,0,26,2,28
TAMIL NADU,2009,DROWNING(OTHER),1380,2,1,3,1238,336,1574
TAMIL NADU,2009,ELECTROCUTION,467,3,1,4,406,84,490
TAMIL NADU,2009,EXPLOSION(BOMB EXPLOSION),3,0,0,0,15,2,17
TAMIL NADU,2009,EXPLOSION(OTHER EXPLOSION LIKE BOIL,15,0,0,0,13,0,13
TAMIL NADU,2009,FALLS(FALL FROM HEIGHT),3,0,0,0,2,2,4
TAMIL NADU,2009,FALL INTO PIT/MANHOLE,55,2,0,2,54,13,67
TAMIL NADU,2009,FACTORY/MACHINE ACCIDENTS,38,0,0,0,51,7,58
TAMIL NADU,2009,FIRE(FIREWORKS/CRACKERS),14,20,23,43,59,79,138
TAMIL NADU,2009,FIRE(SHORT-CIRCUIT),25,0,0,0,26,31,57
TAMIL NADU,2009,GAS CYLINDER/STOVE BURST,695,4,2,6,169,587,756
TAMIL NADU,2009,OTHER FIRE ACCIDENTS,1153,10,7,17,553,1011,1564
TAMIL NADU,2009,FIRE-ARMS,0,0,0,0,0,0,0
TAMIL NADU,2009,SUDDEN DEATHS(HEART ATTACKS),0,0,0,0,1041,185,1226
TAMIL NADU,2009,EPILEPTIC FITS/GIDDINESS,1125,3,0,3,220,62,282
TAMIL NADU,2009,ABORTIONS/CHILD BIRTH,252,0,1,1,0,28,28
TAMIL NADU,2009,INFLUENCE OF ALCOHOL,13,0,0,0,186,13,199
TAMIL NADU,2009,KILLED BY ANIMALS,207,6,0,6,62,9,71
TAMIL NADU,2009,MINES OR QUARY DISASTER,98,0,0,0,8,22,30
TAMIL NADU,2009,FOOD POISIONING/ACCIDENTAL INTAKE OF INSECTICIDES ETC.,115,0,0,0,205,89,294
TAMIL NADU,2009,SPURIOUS/POISIONOUS LIQUOR,220,0,0,0,291,138,429
TAMIL NADU,2009,LEAKAGE OF POISINOUS GASES ETC.,314,0,0,0,17,1,18
TAMIL NADU,2009,SNAKE BITE/ANIMAL BITE,5,0,0,0,394,250,644
TAMIL NADU,2009,OTHER,589,0,0,0,931,505,1436
TAMIL NADU,2009,STAMPEDE,1437,0,0,0,15,6,21
TAMIL NADU,2009,SUFFOCATION,19,0,0,0,32,17,49
TAMIL NADU,2009,TRAFFIC ACCIDENTS(ROAD ACCIDENTS),60794,57929,12575,70504,11782,1964,13746
TAMIL NADU,2009,TRAFFIC ACCIDENTS(RAIL-ROAD ACCIDENTS),26,16,6,22,9,2,11
TAMIL NADU,2009,OTHER RAILWAY ACCIDENTS,1613,9,4,13,1496,333,1829
TAMIL NADU,2009,OTHER,1787,3,1,4,1485,324,1809
TAMIL NADU,2009,CAUSES NOT KNOWN,1700,0,0,0,1148,565,1713
TAMIL NADU,2009,TOTAL,74386,58030,12621,70651,22088,6739,28827
TAMIL NADU,2009,TOTAL COLLAPSE,201,23,0,23,154,72,226
TAMIL NADU,2009,TOTAL DROWNING,1403,2,1,3,1264,338,1602
TAMIL NADU,2009,TOTAL EXPLOSION,18,0,0,0,28,2,30
TAMIL NADU,2009,TOTAL FALLS,58,2,0,2,56,15,71
TAMIL NADU,2009,TOTAL FIRE,1887,34,32,66,807,1708,2515
TAMIL NADU,2009,TOTAL SUDDEN DEATHS,1390,3,1,4,1447,288,1735
TAMIL NADU,2009,TOTAL POISONING,1243,0,0,0,1838,983,2821
TAMIL NADU,2009,TOTAL TRAFFIC ACCIDENTS,62433,57954,12585,70539,13287,2299,15586
TAMIL NADU,2010,AIR-CRASH,5,0,0,0,8,2,10
TAMIL NADU,2010,COLLAPSE OF STRUCTURE(HOUSE),78,0,0,0,36,26,62
TAMIL NADU,2010,COLLAPSE OF STRUCTURE(BUILDING),27,0,0,0,32,7,39
TAMIL NADU,2010,COLLAPSE OF STRUCTURE(DAM),0,0,0,0,0,0,0
TAMIL NADU,2010,COLLAPSE OF STRUCTURE(BRIDGE),3,0,0,0,2,0,2
TAMIL NADU,2010,COLLAPSE OF STRUCTURE(OTHERS),95,9,1,10,58,26,84
TAMIL NADU,2010,DROWNING(BOAT CAPSIZE),111,35,23,58,26,12,38
TAMIL NADU,2010,DROWNING(OTHER),1565,43,12,55,1249,326,1575
TAMIL NADU,2010,ELECTROCUTION,449,21,4,25,414,78,492
TAMIL NADU,2010,EXPLOSION(BOMB EXPLOSION),0,0,0,0,0,0,0
TAMIL NADU,2010,EXPLOSION(OTHER EXPLOSION LIKE BOIL,20,13,0,13,10,0,10
TAMIL NADU,2010,FALLS(FALL FROM HEIGHT),562,18,3,21,469,82,551
TAMIL NADU,2010,FALL INTO PIT/MANHOLE,85,1,0,1,73,9,82
TAMIL NADU,2010,FACTORY/MACHINE ACCIDENTS,42,3,1,4,59,4,63
TAMIL NADU,2010,FIRE(FIREWORKS/CRACKERS),38,5,5,10,10,13,23
TAMIL NADU,2010,FIRE(SHORT-CIRCUIT),90,1,0,1,84,19,103
TAMIL NADU,2010,GAS CYLINDER/STOVE BURST,697,12,9,21,180,566,746
TAMIL NADU,2010,OTHER FIRE ACCIDENTS,1454,20,33,53,643,1055,1698
TAMIL NADU,2010,FIRE-ARMS,34,0,0,0,46,30,76
TAMIL NADU,2010,SUDDEN DEATHS(HEART ATTACKS),1480,24,1,25,1288,228,1516
TAMIL NADU,2010,EPILEPTIC FITS/GIDDINESS,265,4,1,5,173,63,236
TAMIL NADU,2010,ABORTIONS/CHILD BIRTH,10,0,0,0,0,10,10
TAMIL NADU,2010,INFLUENCE OF ALCOHOL,309,13,0,13,284,5,289
TAMIL NADU,2010,KILLED BY ANIMALS,32,0,0,0,28,5,33
TAMIL NADU,2010,MINES OR QUARY DISASTER,4,0,0,0,7,0,7
TAMIL NADU,2010,FOOD POISIONING/ACCIDENTAL INTAKE OF INSECTICIDES ETC.,695,1,0,1,482,218,700
TAMIL NADU,2010,SPURIOUS/POISIONOUS LIQUOR,187,2,0,2,115,70,185
TAMIL NADU,2010,LEAKAGE OF POISINOUS GASES ETC.,2,0,0,0,2,0,2
TAMIL NADU,2010,SNAKE BITE/ANIMAL BITE,685,9,8,17,443,268,711
TAMIL NADU,2010,OTHER,1315,1,0,1,928,394,1322
TAMIL NADU,2010,STAMPEDE,24,0,0,0,21,3,24
TAMIL NADU,2010,SUFFOCATION,18,0,0,0,11,6,17
TAMIL NADU,2010,TRAFFIC ACCIDENTS(ROAD ACCIDENTS),64996,60358,15087,75445,12955,2454,15409
TAMIL NADU,2010,TRAFFIC ACCIDENTS(RAIL-ROAD ACCIDENTS),20,10,6,16,17,2,19
TAMIL NADU,2010,OTHER RAILWAY ACCIDENTS,1814,14,4,18,1504,326,1830
TAMIL NADU,2010,OTHER,2758,10,7,17,1974,771,2745
TAMIL NADU,2010,CAUSES NOT KNOWN,831,65,66,131,672,176,848
TAMIL NADU,2010,TOTAL,80800,60692,15271,75963,24303,7254,31557
TAMIL NADU,2010,TOTAL COLLAPSE,203,9,1,10,128,59,187
TAMIL NADU,2010,TOTAL DROWNING,1676,78,35,113,1275,338,1613
TAMIL NADU,2010,TOTAL EXPLOSION,20,13,0,13,10,0,10
TAMIL NADU,2010,TOTAL FALLS,647,19,3,22,542,91,633
TAMIL NADU,2010,TOTAL FIRE,2279,38,47,85,917,1653,2570
TAMIL NADU,2010,TOTAL SUDDEN DEATHS,2064,41,2,43,1745,306,2051
TAMIL NADU,2010,TOTAL POISONING,2884,13,8,21,1970,950,2920
TAMIL NADU,2010,TOTAL TRAFFIC ACCIDENTS,66830,60382,15097,75479,14476,2782,17258
TAMIL NADU,2011,AIR-CRASH,0,0,0,0,0,0,0
TAMIL NADU,2011,COLLAPSE OF STRUCTURE(HOUSE),71,0,1,1,44,28,72
TAMIL NADU,2011,COLLAPSE OF STRUCTURE(BUILDING),59,1,0,1,49,12,61
TAMIL NADU,2011,COLLAPSE OF STRUCTURE(DAM),0,0,0,0,0,0,0
TAMIL NADU,2011,COLLAPSE OF STRUCTURE(BRIDGE),8,0,0,0,8,0,8
TAMIL NADU,2011,COLLAPSE OF STRUCTURE(OTHERS),147,2,0,2,198,98,296
TAMIL NADU,2011,DROWNING(BOAT CAPSIZE),12,0,0,0,77,39,116
TAMIL NADU,2011,DROWNING(OTHER),1699,24,1,25,1480,357,1837
TAMIL NADU,2011,ELECTROCUTION,491,7,0,7,459,55,514
TAMIL NADU,2011,EXPLOSION(BOMB EXPLOSION),0,0,0,0,0,0,0
TAMIL NADU,2011,EXPLOSION(OTHER EXPLOSION LIKE BOIL,7,0,0,0,39,5,44
TAMIL NADU,2011,FALLS(FALL FROM HEIGHT),595,13,3,16,570,70,640
TAMIL NADU,2011,FALL INTO PIT/MANHOLE,77,1,0,1,88,8,96
TAMIL NADU,2011,FACTORY/MACHINE ACCIDENTS,42,0,0,0,51,3,54
TAMIL NADU,2011,FIRE(FIREWORKS/CRACKERS),38,8,0,8,21,22,43
TAMIL NADU,2011,FIRE(SHORT-CIRCUIT),82,7,0,7,59,23,82
TAMIL NADU,2011,GAS CYLINDER/STOVE BURST,632,5,9,14,105,481,586
TAMIL NADU,2011,OTHER FIRE ACCIDENTS,1594,13,16,29,566,1091,1657
TAMIL NADU,2011,FIRE-ARMS,1,0,0,0,1,0,1
TAMIL NADU,2011,SUDDEN DEATHS(HEART ATTACKS),1383,101,18,119,840,131,971
TAMIL NADU,2011,EPILEPTIC FITS/GIDDINESS,265,7,5,12,539,94,633
TAMIL NADU,2011,ABORTIONS/CHILD BIRTH,29,0,0,0,0,29,29
TAMIL NADU,2011,INFLUENCE OF ALCOHOL,414,19,1,20,131,19,150
TAMIL NADU,2011,KILLED BY ANIMALS,27,0,0,0,272,35,307
TAMIL NADU,2011,MINES OR QUARY DISASTER,4,0,0,0,6,0,6
TAMIL NADU,2011,FOOD POISIONING/ACCIDENTAL INTAKE OF INSECTICIDES ETC.,231,21,8,29,128,40,168
TAMIL NADU,2011,SPURIOUS/POISIONOUS LIQUOR,386,3,0,3,305,176,481
TAMIL NADU,2011,LEAKAGE OF POISINOUS GASES ETC.,7,0,0,0,18,5,23
TAMIL NADU,2011,SNAKE BITE/ANIMAL BITE,670,0,0,0,351,184,535
TAMIL NADU,2011,OTHER,1388,20,8,28,983,484,1467
TAMIL NADU,2011,STAMPEDE,21,0,0,0,84,25,109
TAMIL NADU,2011,SUFFOCATION,1245,1272,249,1521,12,1,13
TAMIL NADU,2011,TRAFFIC ACCIDENTS(ROAD ACCIDENTS),65873,52020,22225,74245,13155,2267,15422
TAMIL NADU,2011,TRAFFIC ACCIDENTS(RAIL-ROAD ACCIDENTS),17,75,15,90,25,2,27
TAMIL NADU,2011,OTHER RAILWAY ACCIDENTS,1830,32,5,37,1563,275,1838
TAMIL NADU,2011,OTHER,2660,47,2,49,1890,844,2734
TAMIL NADU,2011,CAUSES NOT KNOWN,1369,0,0,0,1754,332,2086
TAMIL NADU,2011,TOTAL,83374,53698,22566,76264,25871,7235,33106
TAMIL NADU,2011,TOTAL COLLAPSE,285,3,1,4,299,138,437
TAMIL NADU,2011,TOTAL DROWNING,1711,24,1,25,1557,396,1953
TAMIL NADU,2011,TOTAL EXPLOSION,7,0,0,0,39,5,44
TAMIL NADU,2011,TOTAL FALLS,672,14,3,17,658,78,736
TAMIL NADU,2011,TOTAL FIRE,2346,33,25,58,751,1617,2368
TAMIL NADU,2011,TOTAL SUDDEN DEATHS,2091,127,24,151,1510,273,1783
TAMIL NADU,2011,TOTAL POISONING,2682,44,16,60,1785,889,2674
TAMIL NADU,2011,TOTAL TRAFFIC ACCIDENTS,67720,52127,22245,74372,14743,2544,17287
TAMIL NADU,2012,AIR-CRASH,0,0,0,0,0,0,0
TAMIL NADU,2012,COLLAPSE OF STRUCTURE(HOUSE),57,8,6,14,32,20,52
TAMIL NADU,2012,COLLAPSE OF STRUCTURE(BUILDING),33,2,1,3,27,5,32
TAMIL NADU,2012,COLLAPSE OF STRUCTURE(DAM),0,0,0,0,0,0,0
TAMIL NADU,2012,COLLAPSE OF STRUCTURE(BRIDGE),2,1,0,1,1,0,1
TAMIL NADU,2012,COLLAPSE OF STRUCTURE(OTHERS),70,1,2,3,94,40,134
TAMIL NADU,2012,DROWNING(BOAT CAPSIZE),30,12,0,12,18,0,18
TAMIL NADU,2012,DROWNING(OTHER),1725,2,1,3,1426,403,1829
TAMIL NADU,2012,ELECTROCUTION,505,0,0,0,445,61,506
TAMIL NADU,2012,EXPLOSION(BOMB EXPLOSION),0,0,0,0,0,0,0
TAMIL NADU,2012,EXPLOSION(OTHER EXPLOSION LIKE BOIL,6,1,1,2,9,3,12
TAMIL NADU,2012,FALLS(FALL FROM HEIGHT),548,6,5,11,477,61,538
TAMIL NADU,2012,FALL INTO PIT/MANHOLE,117,1,1,2,94,21,115
TAMIL NADU,2012,FACTORY/MACHINE ACCIDENTS,57,9,1,10,44,3,47
TAMIL NADU,2012,FIRE(FIREWORKS/CRACKERS),17,16,45,61,48,17,65
TAMIL NADU,2012,FIRE(SHORT-CIRCUIT),47,0,0,0,37,10,47
TAMIL NADU,2012,GAS CYLINDER/STOVE BURST,550,27,21,48,83,419,502
TAMIL NADU,2012,OTHER FIRE ACCIDENTS,1305,9,8,17,470,831,1301
TAMIL NADU,2012,FIRE-ARMS,6,1,0,1,1,4,5
TAMIL NADU,2012,SUDDEN DEATHS(HEART ATTACKS),1262,0,0,0,1133,136,1269
TAMIL NADU,2012,EPILEPTIC FITS/GIDDINESS,299,0,0,0,203,61,264
TAMIL NADU,2012,ABORTIONS/CHILD BIRTH,30,0,0,0,0,30,30
TAMIL NADU,2012,INFLUENCE OF ALCOHOL,202,0,0,0,193,9,202
TAMIL NADU,2012,KILLED BY ANIMALS,40,0,0,0,34,6,40
TAMIL NADU,2012,MINES OR QUARY DISASTER,3,0,0,0,3,0,3
TAMIL NADU,2012,FOOD POISIONING/ACCIDENTAL INTAKE OF INSECTICIDES ETC.,237,0,0,0,174,63,237
TAMIL NADU,2012,SPURIOUS/POISIONOUS LIQUOR,0,0,0,0,0,0,0
TAMIL NADU,2012,LEAKAGE OF POISINOUS GASES ETC.,9,0,0,0,13,5,18
TAMIL NADU,2012,SNAKE BITE/ANIMAL BITE,664,2,6,8,413,243,656
TAMIL NADU,2012,OTHER,1984,0,0,0,1363,633,1996
TAMIL NADU,2012,STAMPEDE,22,0,0,0,20,2,22
TAMIL NADU,2012,SUFFOCATION,15,0,0,0,13,2,15
TAMIL NADU,2012,TRAFFIC ACCIDENTS(ROAD ACCIDENTS),67757,62269,16079,78348,13497,2678,16175
TAMIL NADU,2012,TRAFFIC ACCIDENTS(RAIL-ROAD ACCIDENTS),21,8,1,9,14,2,16
TAMIL NADU,2012,OTHER RAILWAY ACCIDENTS,2115,41,2,43,1802,307,2109
TAMIL NADU,2012,OTHER,2989,2,0,2,2024,963,2987
TAMIL NADU,2012,CAUSES NOT KNOWN,903,0,0,0,735,427,1162
TAMIL NADU,2012,TOTAL,83627,62418,16180,78598,24940,7465,32405
TAMIL NADU,2012,TOTAL COLLAPSE,162,12,9,21,154,65,219
TAMIL NADU,2012,TOTAL DROWNING,1755,14,1,15,1444,403,1847
TAMIL NADU,2012,TOTAL EXPLOSION,6,1,1,2,9,3,12
TAMIL NADU,2012,TOTAL FALLS,665,7,6,13,571,82,653
TAMIL NADU,2012,TOTAL FIRE,1919,52,74,126,638,1277,1915
TAMIL NADU,2012,TOTAL SUDDEN DEATHS,1793,0,0,0,1529,236,1765
TAMIL NADU,2012,TOTAL POISONING,2894,2,6,8,1963,944,2907
TAMIL NADU,2012,TOTAL TRAFFIC ACCIDENTS,69893,62318,16082,78400,15313,2987,18300
TRIPURA,2001,AIR-CRASH,0,0,0,0,0,0,0
TRIPURA,2001,COLLAPSE OF STRUCTURE(HOUSE),0,0,0,0,0,0,0
TRIPURA,2001,COLLAPSE OF STRUCTURE(BUILDING),0,0,0,0,0,0,0
TRIPURA,2001,COLLAPSE OF STRUCTURE(DAM),0,0,0,0,0,0,0
TRIPURA,2001,COLLAPSE OF STRUCTURE(BRIDGE),0,0,0,0,0,0,0
TRIPURA,2001,COLLAPSE OF STRUCTURE(OTHERS),4,0,0,0,3,1,4
TRIPURA,2001,DROWNING(BOAT CAPSIZE),0,0,0,0,0,0,0
TRIPURA,2001,DROWNING(OTHER),46,0,0,0,28,18,46
TRIPURA,2001,ELECTROCUTION,9,0,0,0,6,3,9
TRIPURA,2001,EXPLOSION(BOMB EXPLOSION),0,0,0,0,0,0,0
TRIPURA,2001,EXPLOSION(OTHER EXPLOSION LIKE BOILERS,,0,0,0,0,0,0,0
TRIPURA,2001,FALLS(FALL FROM HEIGHT),7,0,0,0,7,0,7
TRIPURA,2001,FALL INTO PIT/MANHOLE,27,0,0,0,24,3,27
TRIPURA,2001,FACTORY/MACHINE ACCIDENTS,0,0,0,0,0,0,0
TRIPURA,2001,FIRE(FIREWORKS/CRACKERS),0,0,0,0,0,0,0
TRIPURA,2001,FIRE(SHORT-CIRCUIT),7,0,0,0,6,1,7
TRIPURA,2001,GAS CYLINDER/STOVE BURST,5,0,0,0,0,5,5
TRIPURA,2001,OTHER FIRE ACCIDENTS,3,0,0,0,2,5,7
TRIPURA,2001,FIRE-ARMS,0,0,0,0,0,0,0
TRIPURA,2001,SUDDEN DEATHS(HEART ATTACKS),4,0,0,0,3,1,4
TRIPURA,2001,EPILEPTIC FITS/GIDDINESS,0,0,0,0,0,0,0
TRIPURA,2001,ABORTIONS/CHILD BIRTH,2,0,0,0,0,2,2
TRIPURA,2001,INFLUENCE OF ALCOHOL,4,0,0,0,3,1,4
TRIPURA,2001,KILLED BY ANIMALS,2,0,0,0,2,0,2
TRIPURA,2001,MINES OR QUARY DISASTER,0,0,0,0,0,0,0
TRIPURA,2001,FOOD POISIONING/ACCIDENTAL INTAKE OF INSECTICIDES ETC.,0,0,0,0,0,0,0
TRIPURA,2001,SPURIOUS/POISIONOUS LIQUOR,1,0,0,0,2,0,2
TRIPURA,2001,LEAKAGE OF POISINOUS GASES ETC.,0,0,0,0,0,0,0
TRIPURA,2001,SNAKE BITE/ANIMAL BITE,0,0,0,0,0,0,0
TRIPURA,2001,OTHER,14,0,0,0,16,9,25
TRIPURA,2001,STAMPEDE,0,0,0,0,0,0,0
TRIPURA,2001,SUFFOCATION,0,0,0,0,0,0,0
TRIPURA,2001,TRAFFIC ACCIDENTS(ROAD ACCIDENTS),544,832,117,949,151,24,175
TRIPURA,2001,TRAFFIC ACCIDENTS(RAIL-ROAD ACCIDENTS),0,0,0,0,0,0,0
TRIPURA,2001,OTHER RAILWAY ACCIDENTS,0,0,0,0,0,0,0
TRIPURA,2001,OTHER,0,0,0,0,0,0,0
TRIPURA,2001,CAUSES NOT KNOWN,0,0,0,0,0,0,0
TRIPURA,2001,TOTAL,679,832,117,949,253,73,326
TRIPURA,2001,TOTAL COLLAPSE,4,0,0,0,3,1,4
TRIPURA,2001,TOTAL DROWNING,46,0,0,0,28,18,46
TRIPURA,2001,TOTAL EXPLOSION,0,0,0,0,0,0,0
TRIPURA,2001,TOTAL FALLS,34,0,0,0,31,3,34
TRIPURA,2001,TOTAL FIRE,15,0,0,0,8,11,19
TRIPURA,2001,TOTAL SUDDEN DEATHS,10,0,0,0,6,4,10
TRIPURA,2001,TOTAL POISONING,15,0,0,0,18,9,27
TRIPURA,2001,TOTAL TRAFFIC ACCIDENTS,544,832,117,949,151,24,175
TRIPURA,2002,AIR-CRASH,0,0,0,0,0,0,0
TRIPURA,2002,COLLAPSE OF STRUCTURE(HOUSE),0,0,0,0,0,0,0
TRIPURA,2002,COLLAPSE OF STRUCTURE(BUILDING),0,0,0,0,0,0,0
TRIPURA,2002,COLLAPSE OF STRUCTURE(DAM),0,0,0,0,0,0,0
TRIPURA,2002,COLLAPSE OF STRUCTURE(BRIDGE),1,0,0,0,1,0,1
TRIPURA,2002,COLLAPSE OF STRUCTURE(OTHERS),1,0,0,0,1,0,1
TRIPURA,2002,DROWNING(BOAT CAPSIZE),0,0,0,0,0,0,0
TRIPURA,2002,DROWNING(OTHER),37,0,0,0,21,16,37
TRIPURA,2002,ELECTROCUTION,20,0,0,0,14,6,20
TRIPURA,2002,EXPLOSION(BOMB EXPLOSION),0,0,0,0,0,0,0
TRIPURA,2002,EXPLOSION(OTHER EXPLOSION LIKE BOILERS, GAS CYLINDER ETC.),0,0,0,0,0,0,0
TRIPURA,2002,FALLS(FALL FROM HEIGHT),1,0,0,0,1,0,1
TRIPURA,2002,FALL INTO PIT/MANHOLE,0,0,0,0,0,0,0
TRIPURA,2002,FACTORY/MACHINE ACCIDENTS,0,0,0,0,0,0,0
TRIPURA,2002,FIRE(FIREWORKS/CRACKERS),0,0,0,0,0,0,0
TRIPURA,2002,FIRE(SHORT-CIRCUIT),2,0,0,0,2,0,2
TRIPURA,2002,GAS CYLINDER/STOVE BURST,0,0,0,0,0,0,0
TRIPURA,2002,OTHER FIRE ACCIDENTS,2,0,0,0,0,2,2
TRIPURA,2002,FIRE-ARMS,0,0,0,0,0,0,0
TRIPURA,2002,SUDDEN DEATHS(HEART ATTACKS),10,0,0,0,9,1,10
TRIPURA,2002,EPILEPTIC FITS/GIDDINESS,0,0,0,0,0,0,0
TRIPURA,2002,ABORTIONS/CHILD BIRTH,0,0,0,0,0,0,0
TRIPURA,2002,INFLUENCE OF ALCOHOL,1,0,0,0,1,0,1
TRIPURA,2002,KILLED BY ANIMALS,3,0,0,0,1,2,3
TRIPURA,2002,MINES OR QUARY DISASTER,0,0,0,0,0,0,0
TRIPURA,2002,FOOD POISIONING/ACCIDENTAL INTAKE OF INSECTICIDES ETC.,0,0,0,0,0,0,0
TRIPURA,2002,SPURIOUS/POISIONOUS LIQUOR,0,0,0,0,0,0,0
TRIPURA,2002,LEAKAGE OF POISINOUS GASES ETC.,0,0,0,0,0,0,0
TRIPURA,2002,SNAKE BITE/ANIMAL BITE,1,0,0,0,1,0,1
TRIPURA,2002,OTHER,20,0,0,0,9,11,20
TRIPURA,2002,STAMPEDE,0,0,0,0,0,0,0
TRIPURA,2002,SUFFOCATION,0,0,0,0,0,0,0
TRIPURA,2002,TRAFFIC ACCIDENTS(ROAD ACCIDENTS),624,461,247,708,111,46,157
TRIPURA,2002,TRAFFIC ACCIDENTS(RAIL-ROAD ACCIDENTS),0,0,0,0,0,0,0
TRIPURA,2002,OTHER RAILWAY ACCIDENTS,1,0,0,0,1,0,1
TRIPURA,2002,OTHER,47,0,0,0,24,23,47
TRIPURA,2002,CAUSES NOT KNOWN,12,0,0,0,8,4,12
TRIPURA,2002,TOTAL,783,461,247,708,205,111,316
TRIPURA,2002,TOTAL COLLAPSE,2,0,0,0,2,0,2
TRIPURA,2002,TOTAL DROWNING,37,0,0,0,21,16,37
TRIPURA,2002,TOTAL EXPLOSION,0,0,0,0,0,0,0
TRIPURA,2002,TOTAL FALLS,1,0,0,0,1,0,1
TRIPURA,2002,TOTAL FIRE,4,0,0,0,2,2,4
TRIPURA,2002,TOTAL SUDDEN DEATHS,11,0,0,0,10,1,11
TRIPURA,2002,TOTAL POISONING,21,0,0,0,10,11,21
TRIPURA,2002,TOTAL TRAFFIC ACCIDENTS,625,461,247,708,112,46,158
TRIPURA,2003,AIR-CRASH,0,0,0,0,0,0,0
TRIPURA,2003,COLLAPSE OF STRUCTURE(HOUSE),0,0,0,0,0,0,0
TRIPURA,2003,COLLAPSE OF STRUCTURE(BUILDING),0,0,0,0,0,0,0
TRIPURA,2003,COLLAPSE OF STRUCTURE(DAM),0,0,0,0,0,0,0
TRIPURA,2003,COLLAPSE OF STRUCTURE(BRIDGE),2,0,0,0,1,1,2
TRIPURA,2003,COLLAPSE OF STRUCTURE(OTHERS),0,0,0,0,0,0,0
TRIPURA,2003,DROWNING(BOAT CAPSIZE),0,0,0,0,0,0,0
TRIPURA,2003,DROWNING(OTHER),32,0,0,0,25,7,32
TRIPURA,2003,ELECTROCUTION,10,0,0,0,9,1,10
TRIPURA,2003,EXPLOSION(BOMB EXPLOSION),0,0,0,0,0,0,0
TRIPURA,2003,EXPLOSION(OTHER EXPLOSION LIKE BOILERS,,0,0,0,0,0,0,0
TRIPURA,2003,FALLS(FALL FROM HEIGHT),2,0,0,0,2,0,2
TRIPURA,2003,FALL INTO PIT/MANHOLE,0,0,0,0,0,0,0
TRIPURA,2003,FACTORY/MACHINE ACCIDENTS,0,0,0,0,0,0,0
TRIPURA,2003,FIRE(FIREWORKS/CRACKERS),0,0,0,0,0,0,0
TRIPURA,2003,FIRE(SHORT-CIRCUIT),6,0,0,0,6,0,6
TRIPURA,2003,GAS CYLINDER/STOVE BURST,1,0,0,0,0,1,1
TRIPURA,2003,OTHER FIRE ACCIDENTS,1,0,0,0,0,1,1
TRIPURA,2003,FIRE-ARMS,1,0,0,0,1,0,1
TRIPURA,2003,SUDDEN DEATHS(HEART ATTACKS),0,0,0,0,0,0,0
TRIPURA,2003,EPILEPTIC FITS/GIDDINESS,0,0,0,0,0,0,0
TRIPURA,2003,ABORTIONS/CHILD BIRTH,0,0,0,0,0,0,0
TRIPURA,2003,INFLUENCE OF ALCOHOL,0,0,0,0,0,0,0
TRIPURA,2003,KILLED BY ANIMALS,1,1,0,1,0,0,0
TRIPURA,2003,MINES OR QUARY DISASTER,0,0,0,0,0,0,0
TRIPURA,2003,FOOD POISIONING/ACCIDENTAL INTAKE OF INSECTICIDES ETC.,0,0,0,0,0,0,0
TRIPURA,2003,SPURIOUS/POISIONOUS LIQUOR,0,0,0,0,0,0,0
TRIPURA,2003,LEAKAGE OF POISINOUS GASES ETC.,0,0,0,0,0,0,0
TRIPURA,2003,SNAKE BITE/ANIMAL BITE,0,0,0,0,0,0,0
TRIPURA,2003,OTHER,0,0,0,0,0,0,0
TRIPURA,2003,STAMPEDE,0,0,0,0,0,0,0
TRIPURA,2003,SUFFOCATION,0,0,0,0,0,0,0
TRIPURA,2003,TRAFFIC ACCIDENTS(ROAD ACCIDENTS),676,709,218,927,129,39,168
TRIPURA,2003,TRAFFIC ACCIDENTS(RAIL-ROAD ACCIDENTS),0,0,0,0,0,0,0
TRIPURA,2003,OTHER RAILWAY ACCIDENTS,0,0,0,0,0,0,0
TRIPURA,2003,OTHER,0,0,0,0,0,0,0
TRIPURA,2003,CAUSES NOT KNOWN,0,0,0,0,0,0,0
TRIPURA,2003,TOTAL,732,710,218,928,173,50,223
TRIPURA,2003,TOTAL COLLAPSE,2,0,0,0,1,1,2
TRIPURA,2003,TOTAL DROWNING,32,0,0,0,25,7,32
TRIPURA,2003,TOTAL EXPLOSION,0,0,0,0,0,0,0
TRIPURA,2003,TOTAL FALLS,2,0,0,0,2,0,2
TRIPURA,2003,TOTAL FIRE,8,0,0,0,6,2,8
TRIPURA,2003,TOTAL SUDDEN DEATHS,0,0,0,0,0,0,0
TRIPURA,2003,TOTAL POISONING,0,0,0,0,0,0,0
TRIPURA,2003,TOTAL TRAFFIC ACCIDENTS,676,709,218,927,129,39,168
TRIPURA,2004,AIR-CRASH,0,0,0,0,0,0,0
TRIPURA,2004,COLLAPSE OF STRUCTURE(HOUSE),0,0,0,0,0,0,0
TRIPURA,2004,COLLAPSE OF STRUCTURE(BUILDING),0,0,0,0,0,0,0
TRIPURA,2004,COLLAPSE OF STRUCTURE(DAM),0,0,0,0,0,0,0
TRIPURA,2004,COLLAPSE OF STRUCTURE(BRIDGE),1,0,0,0,1,0,1
TRIPURA,2004,COLLAPSE OF STRUCTURE(OTHERS),0,0,0,0,0,0,0
TRIPURA,2004,DROWNING(BOAT CAPSIZE),3,0,0,0,3,0,3
TRIPURA,2004,DROWNING(OTHER),65,0,0,0,35,31,66
TRIPURA,2004,ELECTROCUTION,2,0,0,0,2,0,2
TRIPURA,2004,EXPLOSION(BOMB EXPLOSION),0,0,0,0,0,0,0
TRIPURA,2004,EXPLOSION(OTHER EXPLOSION LIKE BOILERS,,0,0,0,0,0,0,0
TRIPURA,2004,FALLS(FALL FROM HEIGHT),3,0,0,0,2,1,3
TRIPURA,2004,FALL INTO PIT/MANHOLE,7,0,0,0,5,2,7
TRIPURA,2004,FACTORY/MACHINE ACCIDENTS,0,0,0,0,0,0,0
TRIPURA,2004,FIRE(FIREWORKS/CRACKERS),2,0,0,0,0,2,2
TRIPURA,2004,FIRE(SHORT-CIRCUIT),10,0,0,0,8,2,10
TRIPURA,2004,GAS CYLINDER/STOVE BURST,0,0,0,0,0,0,0
TRIPURA,2004,OTHER FIRE ACCIDENTS,5,0,0,0,0,6,6
TRIPURA,2004,FIRE-ARMS,2,0,0,0,2,0,2
TRIPURA,2004,SUDDEN DEATHS(HEART ATTACKS),31,0,0,0,21,10,31
TRIPURA,2004,EPILEPTIC FITS/GIDDINESS,0,0,0,0,0,0,0
TRIPURA,2004,ABORTIONS/CHILD BIRTH,2,0,0,0,0,2,2
TRIPURA,2004,INFLUENCE OF ALCOHOL,3,0,0,0,3,0,3
TRIPURA,2004,KILLED BY ANIMALS,1,0,0,0,1,0,1
TRIPURA,2004,MINES OR QUARY DISASTER,0,0,0,0,0,0,0
TRIPURA,2004,FOOD POISIONING/ACCIDENTAL INTAKE OF INSECTICIDES ETC.,127,0,0,0,65,62,127
TRIPURA,2004,SPURIOUS/POISIONOUS LIQUOR,0,0,0,0,0,0,0
TRIPURA,2004,LEAKAGE OF POISINOUS GASES ETC.,0,0,0,0,0,0,0
TRIPURA,2004,SNAKE BITE/ANIMAL BITE,0,0,0,0,0,0,0
TRIPURA,2004,OTHER,0,0,0,0,0,0,0
TRIPURA,2004,STAMPEDE,0,0,0,0,0,0,0
TRIPURA,2004,SUFFOCATION,0,0,0,0,0,0,0
TRIPURA,2004,TRAFFIC ACCIDENTS(ROAD ACCIDENTS),645,846,344,1190,124,55,179
TRIPURA,2004,TRAFFIC ACCIDENTS(RAIL-ROAD ACCIDENTS),0,0,0,0,0,0,0
TRIPURA,2004,OTHER RAILWAY ACCIDENTS,0,0,0,0,0,0,0
TRIPURA,2004,OTHER,3,0,0,0,1,2,3
TRIPURA,2004,CAUSES NOT KNOWN,0,0,0,0,0,0,0
TRIPURA,2004,TOTAL,912,846,344,1190,273,175,448
TRIPURA,2004,TOTAL COLLAPSE,1,0,0,0,1,0,1
TRIPURA,2004,TOTAL DROWNING,68,0,0,0,38,31,69
TRIPURA,2004,TOTAL EXPLOSION,0,0,0,0,0,0,0
TRIPURA,2004,TOTAL FALLS,10,0,0,0,7,3,10
TRIPURA,2004,TOTAL FIRE,17,0,0,0,8,10,18
TRIPURA,2004,TOTAL SUDDEN DEATHS,36,0,0,0,24,12,36
TRIPURA,2004,TOTAL POISONING,127,0,0,0,65,62,127
TRIPURA,2004,TOTAL TRAFFIC ACCIDENTS,645,846,344,1190,124,55,179
TRIPURA,2005,AIR-CRASH,0,0,0,0,0,0,0
TRIPURA,2005,COLLAPSE OF STRUCTURE(HOUSE),0,0,0,0,0,0,0
TRIPURA,2005,COLLAPSE OF STRUCTURE(BUILDING),0,0,0,0,0,0,0
TRIPURA,2005,COLLAPSE OF STRUCTURE(DAM),0,0,0,0,0,0,0
TRIPURA,2005,COLLAPSE OF STRUCTURE(BRIDGE),0,0,0,0,0,0,0
TRIPURA,2005,COLLAPSE OF STRUCTURE(OTHERS),0,0,0,0,0,0,0
TRIPURA,2005,DROWNING(BOAT CAPSIZE),0,0,0,0,0,0,0
TRIPURA,2005,DROWNING(OTHER),70,0,0,0,31,39,70
TRIPURA,2005,ELECTROCUTION,27,0,0,0,20,7,27
TRIPURA,2005,EXPLOSION(BOMB EXPLOSION),0,0,0,0,0,0,0
TRIPURA,2005,EXPLOSION(OTHER EXPLOSION LIKE BOILERS,,0,0,0,0,0,0,0
TRIPURA,2005,FALLS(FALL FROM HEIGHT),11,0,0,0,10,1,11
TRIPURA,2005,FALL INTO PIT/MANHOLE,0,0,0,0,0,0,0
TRIPURA,2005,FACTORY/MACHINE ACCIDENTS,0,0,0,0,0,0,0
TRIPURA,2005,FIRE(FIREWORKS/CRACKERS),0,0,0,0,0,0,0
TRIPURA,2005,FIRE(SHORT-CIRCUIT),6,0,0,0,4,2,6
TRIPURA,2005,GAS CYLINDER/STOVE BURST,1,0,0,0,0,1,1
TRIPURA,2005,OTHER FIRE ACCIDENTS,13,0,0,0,4,9,13
TRIPURA,2005,FIRE-ARMS,1,0,0,0,3,0,3
TRIPURA,2005,SUDDEN DEATHS(HEART ATTACKS),36,0,0,0,24,12,36
TRIPURA,2005,EPILEPTIC FITS/GIDDINESS,0,0,0,0,0,0,0
TRIPURA,2005,ABORTIONS/CHILD BIRTH,0,0,0,0,0,0,0
TRIPURA,2005,INFLUENCE OF ALCOHOL,3,0,0,0,3,0,3
TRIPURA,2005,KILLED BY ANIMALS,0,0,0,0,0,0,0
TRIPURA,2005,MINES OR QUARY DISASTER,0,0,0,0,0,0,0
TRIPURA,2005,FOOD POISIONING/ACCIDENTAL INTAKE OF INSECTICIDES ETC.,0,0,0,0,0,0,0
TRIPURA,2005,SPURIOUS/POISIONOUS LIQUOR,0,0,0,0,0,0,0
TRIPURA,2005,LEAKAGE OF POISINOUS GASES ETC.,0,0,0,0,0,0,0
TRIPURA,2005,SNAKE BITE/ANIMAL BITE,0,0,0,0,0,0,0
TRIPURA,2005,OTHER,0,0,0,0,0,0,0
TRIPURA,2005,STAMPEDE,0,0,0,0,0,0,0
TRIPURA,2005,SUFFOCATION,0,0,0,0,0,0,0
TRIPURA,2005,TRAFFIC ACCIDENTS(ROAD ACCIDENTS),662,895,172,1067,158,46,204
TRIPURA,2005,TRAFFIC ACCIDENTS(RAIL-ROAD ACCIDENTS),0,0,0,0,0,0,0
TRIPURA,2005,OTHER RAILWAY ACCIDENTS,0,0,0,0,0,0,0
TRIPURA,2005,OTHER,4,0,0,0,3,1,4
TRIPURA,2005,CAUSES NOT KNOWN,170,0,0,0,90,80,170
TRIPURA,2005,TOTAL,1004,895,172,1067,350,198,548
TRIPURA,2005,TOTAL COLLAPSE,0,0,0,0,0,0,0
TRIPURA,2005,TOTAL DROWNING,70,0,0,0,31,39,70
TRIPURA,2005,TOTAL EXPLOSION,0,0,0,0,0,0,0
TRIPURA,2005,TOTAL FALLS,11,0,0,0,10,1,11
TRIPURA,2005,TOTAL FIRE,20,0,0,0,8,12,20
TRIPURA,2005,TOTAL SUDDEN DEATHS,39,0,0,0,27,12,39
TRIPURA,2005,TOTAL POISONING,0,0,0,0,0,0,0
TRIPURA,2005,TOTAL TRAFFIC ACCIDENTS,662,895,172,1067,158,46,204
TRIPURA,2006,AIR-CRASH,0,0,0,0,0,0,0
TRIPURA,2006,COLLAPSE OF STRUCTURE(HOUSE),0,0,0,0,0,0,0
TRIPURA,2006,COLLAPSE OF STRUCTURE(BUILDING),0,0,0,0,0,0,0
TRIPURA,2006,COLLAPSE OF STRUCTURE(DAM),0,0,0,0,0,0,0
TRIPURA,2006,COLLAPSE OF STRUCTURE(BRIDGE),0,0,0,0,0,0,0
TRIPURA,2006,COLLAPSE OF STRUCTURE(OTHERS),0,0,0,0,0,0,0
TRIPURA,2006,DROWNING(BOAT CAPSIZE),1,0,0,0,1,0,1
TRIPURA,2006,DROWNING(OTHER),77,0,0,0,52,26,78
TRIPURA,2006,ELECTROCUTION,16,0,0,0,11,5,16
TRIPURA,2006,EXPLOSION(BOMB EXPLOSION),0,0,0,0,0,0,0
TRIPURA,2006,EXPLOSION(OTHER EXPLOSION LIKE BOIL,0,0,0,0,0,0,0
TRIPURA,2006,FALLS(FALL FROM HEIGHT),6,0,0,0,6,0,6
TRIPURA,2006,FALL INTO PIT/MANHOLE,0,0,0,0,0,0,0
TRIPURA,2006,FACTORY/MACHINE ACCIDENTS,0,0,0,0,0,0,0
TRIPURA,2006,FIRE(FIREWORKS/CRACKERS),0,0,0,0,0,0,0
TRIPURA,2006,FIRE(SHORT-CIRCUIT),5,0,0,0,5,0,5
TRIPURA,2006,GAS CYLINDER/STOVE BURST,3,0,0,0,0,3,3
TRIPURA,2006,OTHER FIRE ACCIDENTS,9,0,0,0,3,6,9
TRIPURA,2006,FIRE-ARMS,1,0,0,0,1,0,1
TRIPURA,2006,SUDDEN DEATHS(HEART ATTACKS),30,0,0,0,26,4,30
TRIPURA,2006,EPILEPTIC FITS/GIDDINESS,0,0,0,0,0,0,0
TRIPURA,2006,ABORTIONS/CHILD BIRTH,0,0,0,0,0,0,0
TRIPURA,2006,INFLUENCE OF ALCOHOL,10,0,0,0,10,0,10
TRIPURA,2006,KILLED BY ANIMALS,0,0,0,0,0,0,0
TRIPURA,2006,MINES OR QUARY DISASTER,0,0,0,0,0,0,0
TRIPURA,2006,FOOD POISIONING/ACCIDENTAL INTAKE OF INSECTICIDES ETC.,0,0,0,0,0,0,0
TRIPURA,2006,SPURIOUS/POISIONOUS LIQUOR,0,0,0,0,0,0,0
TRIPURA,2006,LEAKAGE OF POISINOUS GASES ETC.,0,0,0,0,0,0,0
TRIPURA,2006,SNAKE BITE/ANIMAL BITE,1,0,0,0,1,0,1
TRIPURA,2006,OTHER,0,0,0,0,0,0,0
TRIPURA,2006,STAMPEDE,0,0,0,0,0,0,0
TRIPURA,2006,SUFFOCATION,0,0,0,0,0,0,0
TRIPURA,2006,TRAFFIC ACCIDENTS(ROAD ACCIDENTS),793,1012,376,1388,150,46,196
TRIPURA,2006,TRAFFIC ACCIDENTS(RAIL-ROAD ACCIDENTS),0,0,0,0,0,0,0
TRIPURA,2006,OTHER RAILWAY ACCIDENTS,0,0,0,0,0,0,0
TRIPURA,2006,OTHER,158,0,0,0,93,65,158
TRIPURA,2006,CAUSES NOT KNOWN,60,0,0,0,41,19,60
TRIPURA,2006,TOTAL,1170,1012,376,1388,400,174,574
TRIPURA,2006,TOTAL COLLAPSE,0,0,0,0,0,0,0
TRIPURA,2006,TOTAL DROWNING,78,0,0,0,53,26,79
TRIPURA,2006,TOTAL EXPLOSION,0,0,0,0,0,0,0
TRIPURA,2006,TOTAL FALLS,6,0,0,0,6,0,6
TRIPURA,2006,TOTAL FIRE,17,0,0,0,8,9,17
TRIPURA,2006,TOTAL SUDDEN DEATHS,40,0,0,0,36,4,40
TRIPURA,2006,TOTAL POISONING,1,0,0,0,1,0,1
TRIPURA,2006,TOTAL TRAFFIC ACCIDENTS,793,1012,376,1388,150,46,196
TRIPURA,2007,AIR-CRASH,0,0,0,0,0,0,0
TRIPURA,2007,COLLAPSE OF STRUCTURE(HOUSE),0,0,0,0,0,0,0
TRIPURA,2007,COLLAPSE OF STRUCTURE(BUILDING),0,0,0,0,0,0,0
TRIPURA,2007,COLLAPSE OF STRUCTURE(DAM),0,0,0,0,0,0,0
TRIPURA,2007,COLLAPSE OF STRUCTURE(BRIDGE),0,0,0,0,0,0,0
TRIPURA,2007,COLLAPSE OF STRUCTURE(OTHERS),0,0,0,0,0,0,0
TRIPURA,2007,DROWNING(BOAT CAPSIZE),0,0,0,0,0,0,0
TRIPURA,2007,DROWNING(OTHER),81,0,0,0,61,20,81
TRIPURA,2007,ELECTROCUTION,49,0,0,0,44,6,50
TRIPURA,2007,EXPLOSION(BOMB EXPLOSION),0,0,0,0,0,0,0
TRIPURA,2007,EXPLOSION(OTHER EXPLOSION LIKE BOIL,0,0,0,0,0,0,0
TRIPURA,2007,FALLS(FALL FROM HEIGHT),3,0,0,0,3,0,3
TRIPURA,2007,FALL INTO PIT/MANHOLE,0,0,0,0,0,0,0
TRIPURA,2007,FACTORY/MACHINE ACCIDENTS,0,0,0,0,0,0,0
TRIPURA,2007,FIRE(FIREWORKS/CRACKERS),0,0,0,0,0,0,0
TRIPURA,2007,FIRE(SHORT-CIRCUIT),4,0,0,0,4,0,4
TRIPURA,2007,GAS CYLINDER/STOVE BURST,0,0,0,0,0,0,0
TRIPURA,2007,OTHER FIRE ACCIDENTS,50,0,0,0,34,16,50
TRIPURA,2007,FIRE-ARMS,0,0,0,0,0,0,0
TRIPURA,2007,SUDDEN DEATHS(HEART ATTACKS),86,0,0,0,61,25,86
TRIPURA,2007,EPILEPTIC FITS/GIDDINESS,1,0,0,0,0,1,1
TRIPURA,2007,ABORTIONS/CHILD BIRTH,5,0,0,0,0,5,5
TRIPURA,2007,INFLUENCE OF ALCOHOL,12,0,0,0,12,0,12
TRIPURA,2007,KILLED BY ANIMALS,2,0,0,0,2,0,2
TRIPURA,2007,MINES OR QUARY DISASTER,0,0,0,0,0,0,0
TRIPURA,2007,FOOD POISIONING/ACCIDENTAL INTAKE OF INSECTICIDES ETC.,0,0,0,0,0,0,0
TRIPURA,2007,SPURIOUS/POISIONOUS LIQUOR,0,0,0,0,0,0,0
TRIPURA,2007,LEAKAGE OF POISINOUS GASES ETC.,0,0,0,0,0,0,0
TRIPURA,2007,SNAKE BITE/ANIMAL BITE,1,0,0,0,1,0,1
TRIPURA,2007,OTHER,0,0,0,0,0,0,0
TRIPURA,2007,STAMPEDE,0,0,0,0,0,0,0
TRIPURA,2007,SUFFOCATION,0,0,0,0,0,0,0
TRIPURA,2007,TRAFFIC ACCIDENTS(ROAD ACCIDENTS),801,1144,185,1329,191,32,223
TRIPURA,2007,TRAFFIC ACCIDENTS(RAIL-ROAD ACCIDENTS),0,0,0,0,0,0,0
TRIPURA,2007,OTHER RAILWAY ACCIDENTS,0,0,0,0,0,0,0
TRIPURA,2007,OTHER,0,0,0,0,0,0,0
TRIPURA,2007,CAUSES NOT KNOWN,123,0,0,0,63,60,123
TRIPURA,2007,TOTAL,1218,1144,185,1329,476,165,641
TRIPURA,2007,TOTAL COLLAPSE,0,0,0,0,0,0,0
TRIPURA,2007,TOTAL DROWNING,81,0,0,0,61,20,81
TRIPURA,2007,TOTAL EXPLOSION,0,0,0,0,0,0,0
TRIPURA,2007,TOTAL FALLS,3,0,0,0,3,0,3
TRIPURA,2007,TOTAL FIRE,54,0,0,0,38,16,54
TRIPURA,2007,TOTAL SUDDEN DEATHS,104,0,0,0,73,31,104
TRIPURA,2007,TOTAL POISONING,1,0,0,0,1,0,1
TRIPURA,2007,TOTAL TRAFFIC ACCIDENTS,801,1144,185,1329,191,32,223
TRIPURA,2008,AIR-CRASH,0,0,0,0,0,0,0
TRIPURA,2008,COLLAPSE OF STRUCTURE(HOUSE),0,0,0,0,0,0,0
TRIPURA,2008,COLLAPSE OF STRUCTURE(BUILDING),0,0,0,0,0,0,0
TRIPURA,2008,COLLAPSE OF STRUCTURE(DAM),0,0,0,0,0,0,0
TRIPURA,2008,COLLAPSE OF STRUCTURE(BRIDGE),0,0,0,0,0,0,0
TRIPURA,2008,COLLAPSE OF STRUCTURE(OTHERS),0,0,0,0,0,0,0
TRIPURA,2008,DROWNING(BOAT CAPSIZE),1,0,0,0,2,0,2
TRIPURA,2008,DROWNING(OTHER),46,0,0,0,31,15,46
TRIPURA,2008,ELECTROCUTION,33,0,0,0,28,5,33
TRIPURA,2008,EXPLOSION(BOMB EXPLOSION),0,0,0,0,0,0,0
TRIPURA,2008,EXPLOSION(OTHER EXPLOSION LIKE BOIL,0,0,0,0,0,0,0
TRIPURA,2008,FALLS(FALL FROM HEIGHT),16,0,0,0,14,2,16
TRIPURA,2008,FALL INTO PIT/MANHOLE,0,0,0,0,0,0,0
TRIPURA,2008,FACTORY/MACHINE ACCIDENTS,0,0,0,0,0,0,0
TRIPURA,2008,FIRE(FIREWORKS/CRACKERS),0,0,0,0,0,0,0
TRIPURA,2008,FIRE(SHORT-CIRCUIT),4,0,0,0,4,0,4
TRIPURA,2008,GAS CYLINDER/STOVE BURST,0,0,0,0,0,0,0
TRIPURA,2008,OTHER FIRE ACCIDENTS,15,0,0,0,6,9,15
TRIPURA,2008,FIRE-ARMS,1,0,0,0,1,0,1
TRIPURA,2008,SUDDEN DEATHS(HEART ATTACKS),56,0,0,0,41,15,56
TRIPURA,2008,EPILEPTIC FITS/GIDDINESS,3,0,0,0,2,1,3
TRIPURA,2008,ABORTIONS/CHILD BIRTH,0,0,0,0,0,0,0
TRIPURA,2008,INFLUENCE OF ALCOHOL,10,0,0,0,8,2,10
TRIPURA,2008,KILLED BY ANIMALS,1,0,0,0,1,0,1
TRIPURA,2008,MINES OR QUARY DISASTER,0,0,0,0,0,0,0
TRIPURA,2008,FOOD POISIONING/ACCIDENTAL INTAKE OF INSECTICIDES ETC.,2,0,0,0,1,1,2
TRIPURA,2008,SPURIOUS/POISIONOUS LIQUOR,1,0,0,0,1,0,1
TRIPURA,2008,LEAKAGE OF POISINOUS GASES ETC.,0,0,0,0,0,0,0
TRIPURA,2008,SNAKE BITE/ANIMAL BITE,0,0,0,0,0,0,0
TRIPURA,2008,OTHER,0,0,0,0,0,0,0
TRIPURA,2008,STAMPEDE,0,0,0,0,0,0,0
TRIPURA,2008,SUFFOCATION,0,0,0,0,0,0,0
TRIPURA,2008,TRAFFIC ACCIDENTS(ROAD ACCIDENTS),767,1287,207,1494,191,30,221
TRIPURA,2008,TRAFFIC ACCIDENTS(RAIL-ROAD ACCIDENTS),0,0,0,0,0,0,0
TRIPURA,2008,OTHER RAILWAY ACCIDENTS,0,0,0,0,0,0,0
TRIPURA,2008,OTHER,38,0,0,0,24,14,38
TRIPURA,2008,CAUSES NOT KNOWN,26,0,0,0,18,8,26
TRIPURA,2008,TOTAL,1020,1287,207,1494,373,102,475
TRIPURA,2008,TOTAL COLLAPSE,0,0,0,0,0,0,0
TRIPURA,2008,TOTAL DROWNING,47,0,0,0,33,15,48
TRIPURA,2008,TOTAL EXPLOSION,0,0,0,0,0,0,0
TRIPURA,2008,TOTAL FALLS,16,0,0,0,14,2,16
TRIPURA,2008,TOTAL FIRE,19,0,0,0,10,9,19
TRIPURA,2008,TOTAL SUDDEN DEATHS,69,0,0,0,51,18,69
TRIPURA,2008,TOTAL POISONING,3,0,0,0,2,1,3
TRIPURA,2008,TOTAL TRAFFIC ACCIDENTS,767,1287,207,1494,191,30,221
TRIPURA,2009,AIR-CRASH,0,0,0,0,0,0,0
TRIPURA,2009,COLLAPSE OF STRUCTURE(HOUSE),0,0,0,0,0,0,0
TRIPURA,2009,COLLAPSE OF STRUCTURE(BUILDING),3,0,0,0,3,0,3
TRIPURA,2009,COLLAPSE OF STRUCTURE(DAM),0,0,0,0,0,0,0
TRIPURA,2009,COLLAPSE OF STRUCTURE(BRIDGE),2,0,0,0,2,0,2
TRIPURA,2009,COLLAPSE OF STRUCTURE(OTHERS),5,0,0,0,5,0,5
TRIPURA,2009,DROWNING(BOAT CAPSIZE),0,0,0,0,0,0,0
TRIPURA,2009,DROWNING(OTHER),61,0,0,0,47,17,64
TRIPURA,2009,ELECTROCUTION,34,0,0,0,31,4,35
TRIPURA,2009,EXPLOSION(BOMB EXPLOSION),0,0,0,0,0,0,0
TRIPURA,2009,EXPLOSION(OTHER EXPLOSION LIKE BOIL,0,0,0,0,0,0,0
TRIPURA,2009,FALLS(FALL FROM HEIGHT),12,0,0,0,12,0,12
TRIPURA,2009,FALL INTO PIT/MANHOLE,1,0,0,0,1,0,1
TRIPURA,2009,FACTORY/MACHINE ACCIDENTS,0,0,0,0,0,0,0
TRIPURA,2009,FIRE(FIREWORKS/CRACKERS),0,0,0,0,0,0,0
TRIPURA,2009,FIRE(SHORT-CIRCUIT),11,0,0,0,9,2,11
TRIPURA,2009,GAS CYLINDER/STOVE BURST,0,0,0,0,0,0,0
TRIPURA,2009,OTHER FIRE ACCIDENTS,18,0,0,0,5,13,18
TRIPURA,2009,FIRE-ARMS,0,0,0,0,0,0,0
TRIPURA,2009,SUDDEN DEATHS(HEART ATTACKS),52,0,0,0,39,13,52
TRIPURA,2009,EPILEPTIC FITS/GIDDINESS,2,0,0,0,2,0,2
TRIPURA,2009,ABORTIONS/CHILD BIRTH,2,0,0,0,0,2,2
TRIPURA,2009,INFLUENCE OF ALCOHOL,12,0,0,0,12,0,12
TRIPURA,2009,KILLED BY ANIMALS,1,0,0,0,1,0,1
TRIPURA,2009,MINES OR QUARY DISASTER,0,0,0,0,0,0,0
TRIPURA,2009,FOOD POISIONING/ACCIDENTAL INTAKE OF INSECTICIDES ETC.,2,0,0,0,0,2,2
TRIPURA,2009,SPURIOUS/POISIONOUS LIQUOR,1,0,0,0,1,0,1
TRIPURA,2009,LEAKAGE OF POISINOUS GASES ETC.,0,0,0,0,0,0,0
TRIPURA,2009,SNAKE BITE/ANIMAL BITE,0,0,0,0,0,0,0
TRIPURA,2009,OTHER,0,0,0,0,0,0,0
TRIPURA,2009,STAMPEDE,0,0,0,0,0,0,0
TRIPURA,2009,SUFFOCATION,0,0,0,0,0,0,0
TRIPURA,2009,TRAFFIC ACCIDENTS(ROAD ACCIDENTS),865,1107,235,1342,177,52,229
TRIPURA,2009,TRAFFIC ACCIDENTS(RAIL-ROAD ACCIDENTS),0,0,0,0,0,0,0
TRIPURA,2009,OTHER RAILWAY ACCIDENTS,8,0,0,0,10,3,13
TRIPURA,2009,OTHER,44,0,0,0,32,12,44
TRIPURA,2009,CAUSES NOT KNOWN,127,0,0,0,85,42,127
TRIPURA,2009,TOTAL,1263,1107,235,1342,474,162,636
TRIPURA,2009,TOTAL COLLAPSE,10,0,0,0,10,0,10
TRIPURA,2009,TOTAL DROWNING,61,0,0,0,47,17,64
TRIPURA,2009,TOTAL EXPLOSION,0,0,0,0,0,0,0
TRIPURA,2009,TOTAL FALLS,13,0,0,0,13,0,13
TRIPURA,2009,TOTAL FIRE,29,0,0,0,14,15,29
TRIPURA,2009,TOTAL SUDDEN DEATHS,68,0,0,0,53,15,68
TRIPURA,2009,TOTAL POISONING,3,0,0,0,1,2,3
TRIPURA,2009,TOTAL TRAFFIC ACCIDENTS,873,1107,235,1342,187,55,242
TRIPURA,2010,AIR-CRASH,0,0,0,0,0,0,0
TRIPURA,2010,COLLAPSE OF STRUCTURE(HOUSE),1,0,0,0,0,1,1
TRIPURA,2010,COLLAPSE OF STRUCTURE(BUILDING),1,0,0,0,1,0,1
TRIPURA,2010,COLLAPSE OF STRUCTURE(DAM),0,0,0,0,0,0,0
TRIPURA,2010,COLLAPSE OF STRUCTURE(BRIDGE),1,0,0,0,1,0,1
TRIPURA,2010,COLLAPSE OF STRUCTURE(OTHERS),0,0,0,0,0,0,0
TRIPURA,2010,DROWNING(BOAT CAPSIZE),0,0,0,0,0,0,0
TRIPURA,2010,DROWNING(OTHER),66,0,0,0,51,15,66
TRIPURA,2010,ELECTROCUTION,30,0,0,0,23,7,30
TRIPURA,2010,EXPLOSION(BOMB EXPLOSION),1,0,0,0,1,0,1
TRIPURA,2010,EXPLOSION(OTHER EXPLOSION LIKE BOIL,0,0,0,0,0,0,0
TRIPURA,2010,FALLS(FALL FROM HEIGHT),12,0,0,0,11,1,12
TRIPURA,2010,FALL INTO PIT/MANHOLE,1,0,0,0,1,0,1
TRIPURA,2010,FACTORY/MACHINE ACCIDENTS,0,0,0,0,0,0,0
TRIPURA,2010,FIRE(FIREWORKS/CRACKERS),0,0,0,0,0,0,0
TRIPURA,2010,FIRE(SHORT-CIRCUIT),7,0,0,0,5,2,7
TRIPURA,2010,GAS CYLINDER/STOVE BURST,1,0,0,0,1,0,1
TRIPURA,2010,OTHER FIRE ACCIDENTS,24,0,0,0,12,12,24
TRIPURA,2010,FIRE-ARMS,5,0,0,0,4,1,5
TRIPURA,2010,SUDDEN DEATHS(HEART ATTACKS),46,0,0,0,32,14,46
TRIPURA,2010,EPILEPTIC FITS/GIDDINESS,35,0,0,0,29,6,35
TRIPURA,2010,ABORTIONS/CHILD BIRTH,2,0,0,0,0,2,2
TRIPURA,2010,INFLUENCE OF ALCOHOL,13,0,0,0,13,0,13
TRIPURA,2010,KILLED BY ANIMALS,3,0,0,0,3,0,3
TRIPURA,2010,MINES OR QUARY DISASTER,0,0,0,0,0,0,0
TRIPURA,2010,FOOD POISIONING/ACCIDENTAL INTAKE OF INSECTICIDES ETC.,1,0,0,0,1,0,1
TRIPURA,2010,SPURIOUS/POISIONOUS LIQUOR,1,0,0,0,1,0,1
TRIPURA,2010,LEAKAGE OF POISINOUS GASES ETC.,0,0,0,0,0,0,0
TRIPURA,2010,SNAKE BITE/ANIMAL BITE,0,0,0,0,0,0,0
TRIPURA,2010,OTHER,0,0,0,0,0,0,0
TRIPURA,2010,STAMPEDE,0,0,0,0,0,0,0
TRIPURA,2010,SUFFOCATION,0,0,0,0,0,0,0
TRIPURA,2010,TRAFFIC ACCIDENTS(ROAD ACCIDENTS),901,991,283,1274,205,31,236
TRIPURA,2010,TRAFFIC ACCIDENTS(RAIL-ROAD ACCIDENTS),6,0,0,0,4,2,6
TRIPURA,2010,OTHER RAILWAY ACCIDENTS,2,0,0,0,1,1,2
TRIPURA,2010,OTHER,114,0,0,0,87,27,114
TRIPURA,2010,CAUSES NOT KNOWN,74,0,0,0,51,23,74
TRIPURA,2010,TOTAL,1348,991,283,1274,538,145,683
TRIPURA,2010,TOTAL COLLAPSE,3,0,0,0,2,1,3
TRIPURA,2010,TOTAL DROWNING,66,0,0,0,51,15,66
TRIPURA,2010,TOTAL EXPLOSION,1,0,0,0,1,0,1
TRIPURA,2010,TOTAL FALLS,13,0,0,0,12,1,13
TRIPURA,2010,TOTAL FIRE,32,0,0,0,18,14,32
TRIPURA,2010,TOTAL SUDDEN DEATHS,96,0,0,0,74,22,96
TRIPURA,2010,TOTAL POISONING,2,0,0,0,2,0,2
TRIPURA,2010,TOTAL TRAFFIC ACCIDENTS,909,991,283,1274,210,34,244
TRIPURA,2011,AIR-CRASH,0,0,0,0,0,0,0
TRIPURA,2011,COLLAPSE OF STRUCTURE(HOUSE),0,0,0,0,0,0,0
TRIPURA,2011,COLLAPSE OF STRUCTURE(BUILDING),0,0,0,0,0,0,0
TRIPURA,2011,COLLAPSE OF STRUCTURE(DAM),0,0,0,0,0,0,0
TRIPURA,2011,COLLAPSE OF STRUCTURE(BRIDGE),1,0,0,0,1,0,1
TRIPURA,2011,COLLAPSE OF STRUCTURE(OTHERS),0,0,0,0,0,0,0
TRIPURA,2011,DROWNING(BOAT CAPSIZE),0,0,0,0,0,0,0
TRIPURA,2011,DROWNING(OTHER),45,0,0,0,31,14,45
TRIPURA,2011,ELECTROCUTION,14,0,0,0,13,1,14
TRIPURA,2011,EXPLOSION(BOMB EXPLOSION),0,0,0,0,0,0,0
TRIPURA,2011,EXPLOSION(OTHER EXPLOSION LIKE BOIL,0,0,0,0,0,0,0
TRIPURA,2011,FALLS(FALL FROM HEIGHT),14,0,0,0,12,2,14
TRIPURA,2011,FALL INTO PIT/MANHOLE,0,0,0,0,0,0,0
TRIPURA,2011,FACTORY/MACHINE ACCIDENTS,2,0,0,0,2,0,2
TRIPURA,2011,FIRE(FIREWORKS/CRACKERS),0,0,0,0,0,0,0
TRIPURA,2011,FIRE(SHORT-CIRCUIT),6,0,0,0,6,0,6
TRIPURA,2011,GAS CYLINDER/STOVE BURST,1,0,0,0,0,1,1
TRIPURA,2011,OTHER FIRE ACCIDENTS,8,0,0,0,2,7,9
TRIPURA,2011,FIRE-ARMS,0,0,0,0,0,0,0
TRIPURA,2011,SUDDEN DEATHS(HEART ATTACKS),21,0,0,0,19,2,21
TRIPURA,2011,EPILEPTIC FITS/GIDDINESS,1,0,0,0,0,1,1
TRIPURA,2011,ABORTIONS/CHILD BIRTH,0,0,0,0,0,0,0
TRIPURA,2011,INFLUENCE OF ALCOHOL,5,0,0,0,5,0,5
TRIPURA,2011,KILLED BY ANIMALS,0,0,0,0,0,0,0
TRIPURA,2011,MINES OR QUARY DISASTER,0,0,0,0,0,0,0
TRIPURA,2011,FOOD POISIONING/ACCIDENTAL INTAKE OF INSECTICIDES ETC.,0,0,0,0,0,0,0
TRIPURA,2011,SPURIOUS/POISIONOUS LIQUOR,0,0,0,0,0,0,0
TRIPURA,2011,LEAKAGE OF POISINOUS GASES ETC.,0,0,0,0,0,0,0
TRIPURA,2011,SNAKE BITE/ANIMAL BITE,1,0,0,0,0,1,1
TRIPURA,2011,OTHER,0,0,0,0,0,0,0
TRIPURA,2011,STAMPEDE,0,0,0,0,0,0,0
TRIPURA,2011,SUFFOCATION,4,0,0,0,2,2,4
TRIPURA,2011,TRAFFIC ACCIDENTS(ROAD ACCIDENTS),834,794,234,1028,205,40,245
TRIPURA,2011,TRAFFIC ACCIDENTS(RAIL-ROAD ACCIDENTS),0,0,0,0,0,0,0
TRIPURA,2011,OTHER RAILWAY ACCIDENTS,0,0,0,0,0,0,0
TRIPURA,2011,OTHER,129,0,0,0,99,30,129
TRIPURA,2011,CAUSES NOT KNOWN,93,0,0,0,57,36,93
TRIPURA,2011,TOTAL,1179,794,234,1028,454,137,591
TRIPURA,2011,TOTAL COLLAPSE,1,0,0,0,1,0,1
TRIPURA,2011,TOTAL DROWNING,45,0,0,0,31,14,45
TRIPURA,2011,TOTAL EXPLOSION,0,0,0,0,0,0,0
TRIPURA,2011,TOTAL FALLS,14,0,0,0,12,2,14
TRIPURA,2011,TOTAL FIRE,15,0,0,0,8,8,16
TRIPURA,2011,TOTAL SUDDEN DEATHS,27,0,0,0,24,3,27
TRIPURA,2011,TOTAL POISONING,1,0,0,0,0,1,1
TRIPURA,2011,TOTAL TRAFFIC ACCIDENTS,834,794,234,1028,205,40,245
TRIPURA,2012,AIR-CRASH,0,0,0,0,0,0,0
TRIPURA,2012,COLLAPSE OF STRUCTURE(HOUSE),0,0,0,0,0,0,0
TRIPURA,2012,COLLAPSE OF STRUCTURE(BUILDING),0,0,0,0,0,0,0
TRIPURA,2012,COLLAPSE OF STRUCTURE(DAM),0,0,0,0,0,0,0
TRIPURA,2012,COLLAPSE OF STRUCTURE(BRIDGE),4,0,0,0,4,0,4
TRIPURA,2012,COLLAPSE OF STRUCTURE(OTHERS),0,0,0,0,0,0,0
TRIPURA,2012,DROWNING(BOAT CAPSIZE),0,0,0,0,0,0,0
TRIPURA,2012,DROWNING(OTHER),64,0,0,0,41,24,65
TRIPURA,2012,ELECTROCUTION,34,0,0,0,30,4,34
TRIPURA,2012,EXPLOSION(BOMB EXPLOSION),0,0,0,0,0,0,0
TRIPURA,2012,EXPLOSION(OTHER EXPLOSION LIKE BOIL,34,0,0,0,21,13,34
TRIPURA,2012,FALLS(FALL FROM HEIGHT),12,0,0,0,12,0,12
TRIPURA,2012,FALL INTO PIT/MANHOLE,0,0,0,0,0,0,0
TRIPURA,2012,FACTORY/MACHINE ACCIDENTS,1,0,0,0,1,0,1
TRIPURA,2012,FIRE(FIREWORKS/CRACKERS),0,0,0,0,0,0,0
TRIPURA,2012,FIRE(SHORT-CIRCUIT),4,0,0,0,4,0,4
TRIPURA,2012,GAS CYLINDER/STOVE BURST,1,0,0,0,0,1,1
TRIPURA,2012,OTHER FIRE ACCIDENTS,16,0,0,0,9,7,16
TRIPURA,2012,FIRE-ARMS,4,0,0,0,4,0,4
TRIPURA,2012,SUDDEN DEATHS(HEART ATTACKS),52,0,0,0,45,7,52
TRIPURA,2012,EPILEPTIC FITS/GIDDINESS,4,0,0,0,3,1,4
TRIPURA,2012,ABORTIONS/CHILD BIRTH,1,0,0,0,0,1,1
TRIPURA,2012,INFLUENCE OF ALCOHOL,11,0,0,0,11,0,11
TRIPURA,2012,KILLED BY ANIMALS,0,0,0,0,0,0,0
TRIPURA,2012,MINES OR QUARY DISASTER,0,0,0,0,0,0,0
TRIPURA,2012,FOOD POISIONING/ACCIDENTAL INTAKE OF INSECTICIDES ETC.,0,0,0,0,0,0,0
TRIPURA,2012,SPURIOUS/POISIONOUS LIQUOR,20,0,0,0,12,8,20
TRIPURA,2012,LEAKAGE OF POISINOUS GASES ETC.,1,0,0,0,1,0,1
TRIPURA,2012,SNAKE BITE/ANIMAL BITE,3,0,0,0,1,2,3
TRIPURA,2012,OTHER,12,0,0,0,9,3,12
TRIPURA,2012,STAMPEDE,0,0,0,0,0,0,0
TRIPURA,2012,SUFFOCATION,2,0,0,0,1,1,2
TRIPURA,2012,TRAFFIC ACCIDENTS(ROAD ACCIDENTS),888,951,286,1237,230,42,272
TRIPURA,2012,TRAFFIC ACCIDENTS(RAIL-ROAD ACCIDENTS),0,0,0,0,0,0,0
TRIPURA,2012,OTHER RAILWAY ACCIDENTS,0,0,0,0,0,0,0
TRIPURA,2012,OTHER,75,168,20,188,56,19,75
TRIPURA,2012,CAUSES NOT KNOWN,0,0,0,0,0,0,0
TRIPURA,2012,TOTAL,1243,1119,306,1425,495,133,628
TRIPURA,2012,TOTAL COLLAPSE,4,0,0,0,4,0,4
TRIPURA,2012,TOTAL DROWNING,64,0,0,0,41,24,65
TRIPURA,2012,TOTAL EXPLOSION,34,0,0,0,21,13,34
TRIPURA,2012,TOTAL FALLS,12,0,0,0,12,0,12
TRIPURA,2012,TOTAL FIRE,21,0,0,0,13,8,21
TRIPURA,2012,TOTAL SUDDEN DEATHS,68,0,0,0,59,9,68
TRIPURA,2012,TOTAL POISONING,36,0,0,0,23,13,36
TRIPURA,2012,TOTAL TRAFFIC ACCIDENTS,888,951,286,1237,230,42,272
UTTAR PRADESH,2001,AIR-CRASH,0,0,0,0,0,0,0
UTTAR PRADESH,2001,COLLAPSE OF STRUCTURE(HOUSE),160,33,15,48,120,66,186
UTTAR PRADESH,2001,COLLAPSE OF STRUCTURE(BUILDING),27,15,4,19,32,15,47
UTTAR PRADESH,2001,COLLAPSE OF STRUCTURE(DAM),1,3,0,3,0,0,0
UTTAR PRADESH,2001,COLLAPSE OF STRUCTURE(BRIDGE),11,7,0,7,6,5,11
UTTAR PRADESH,2001,COLLAPSE OF STRUCTURE(OTHERS),165,66,22,88,117,49,166
UTTAR PRADESH,2001,DROWNING(BOAT CAPSIZE),129,14,4,18,111,50,161
UTTAR PRADESH,2001,DROWNING(OTHER),404,23,8,31,334,117,451
UTTAR PRADESH,2001,ELECTROCUTION,320,54,20,74,283,72,355
UTTAR PRADESH,2001,EXPLOSION(BOMB EXPLOSION),12,3,2,5,10,2,12
UTTAR PRADESH,2001,EXPLOSION(OTHER EXPLOSION LIKE BOILERS,,36,15,10,25,36,22,58
UTTAR PRADESH,2001,FALLS(FALL FROM HEIGHT),122,16,4,20,114,24,138
UTTAR PRADESH,2001,FALL INTO PIT/MANHOLE,50,1,1,2,46,17,63
UTTAR PRADESH,2001,FACTORY/MACHINE ACCIDENTS,49,18,4,22,45,8,53
UTTAR PRADESH,2001,FIRE(FIREWORKS/CRACKERS),57,13,9,22,32,24,56
UTTAR PRADESH,2001,FIRE(SHORT-CIRCUIT),46,6,1,7,37,12,49
UTTAR PRADESH,2001,GAS CYLINDER/STOVE BURST,95,8,14,22,20,67,87
UTTAR PRADESH,2001,OTHER FIRE ACCIDENTS,625,31,26,57,173,476,649
UTTAR PRADESH,2001,FIRE-ARMS,2501,1476,173,1649,1698,237,1935
UTTAR PRADESH,2001,SUDDEN DEATHS(HEART ATTACKS),123,1,0,1,111,23,134
UTTAR PRADESH,2001,EPILEPTIC FITS/GIDDINESS,67,0,0,0,58,15,73
UTTAR PRADESH,2001,ABORTIONS/CHILD BIRTH,35,0,0,0,0,35,35
UTTAR PRADESH,2001,INFLUENCE OF ALCOHOL,121,20,1,21,120,0,120
UTTAR PRADESH,2001,KILLED BY ANIMALS,21,6,3,9,15,4,19
UTTAR PRADESH,2001,MINES OR QUARY DISASTER,14,4,0,4,10,1,11
UTTAR PRADESH,2001,FOOD POISIONING/ACCIDENTAL INTAKE OF INSECTICIDES ETC.,402,22,20,42,262,155,417
UTTAR PRADESH,2001,SPURIOUS/POISIONOUS LIQUOR,63,4,3,7,73,14,87
UTTAR PRADESH,2001,LEAKAGE OF POISINOUS GASES ETC.,12,3,0,3,10,1,11
UTTAR PRADESH,2001,SNAKE BITE/ANIMAL BITE,65,2,1,3,24,40,64
UTTAR PRADESH,2001,OTHER,238,24,10,34,146,105,251
UTTAR PRADESH,2001,STAMPEDE,1,0,0,0,1,0,1
UTTAR PRADESH,2001,SUFFOCATION,85,1,0,1,59,34,93
UTTAR PRADESH,2001,TRAFFIC ACCIDENTS(ROAD ACCIDENTS),17921,9094,1395,10489,7928,1268,9196
UTTAR PRADESH,2001,TRAFFIC ACCIDENTS(RAIL-ROAD ACCIDENTS),267,31,10,41,225,69,294
UTTAR PRADESH,2001,OTHER RAILWAY ACCIDENTS,1359,77,1436,1513,1154,228,1382
UTTAR PRADESH,2001,OTHER,1546,681,82,763,1240,206,1446
UTTAR PRADESH,2001,CAUSES NOT KNOWN,1212,257,46,303,1106,279,1385
UTTAR PRADESH,2001,TOTAL,28362,12029,3324,15353,15756,3740,19496
UTTAR PRADESH,2001,TOTAL COLLAPSE,364,124,41,165,275,135,410
UTTAR PRADESH,2001,TOTAL DROWNING,533,37,12,49,445,167,612
UTTAR PRADESH,2001,TOTAL EXPLOSION,48,18,12,30,46,24,70
UTTAR PRADESH,2001,TOTAL FALLS,172,17,5,22,160,41,201
UTTAR PRADESH,2001,TOTAL FIRE,823,58,50,108,262,579,841
UTTAR PRADESH,2001,TOTAL SUDDEN DEATHS,346,21,1,22,289,73,362
UTTAR PRADESH,2001,TOTAL POISONING,780,55,34,89,515,315,830
UTTAR PRADESH,2001,TOTAL TRAFFIC ACCIDENTS,19547,9202,2841,12043,9307,1565,10872
UTTAR PRADESH,2002,AIR-CRASH,0,0,0,0,0,0,0
UTTAR PRADESH,2002,COLLAPSE OF STRUCTURE(HOUSE),136,51,33,84,92,51,143
UTTAR PRADESH,2002,COLLAPSE OF STRUCTURE(BUILDING),25,21,7,28,33,5,38
UTTAR PRADESH,2002,COLLAPSE OF STRUCTURE(DAM),0,0,0,0,0,0,0
UTTAR PRADESH,2002,COLLAPSE OF STRUCTURE(BRIDGE),4,3,1,4,4,1,5
UTTAR PRADESH,2002,COLLAPSE OF STRUCTURE(OTHERS),228,45,22,67,155,82,237
UTTAR PRADESH,2002,DROWNING(BOAT CAPSIZE),85,5,5,10,55,30,85
UTTAR PRADESH,2002,DROWNING(OTHER),372,29,20,49,304,86,390
UTTAR PRADESH,2002,ELECTROCUTION,275,54,18,72,222,44,266
UTTAR PRADESH,2002,EXPLOSION(BOMB EXPLOSION),18,7,1,8,20,4,24
UTTAR PRADESH,2002,EXPLOSION(OTHER EXPLOSION LIKE BOILERS, GAS CYLINDER ETC.),33,14,9,23,27,15,42
UTTAR PRADESH,2002,FALLS(FALL FROM HEIGHT),141,15,3,18,120,34,154
UTTAR PRADESH,2002,FALL INTO PIT/MANHOLE,80,19,1,20,69,13,82
UTTAR PRADESH,2002,FACTORY/MACHINE ACCIDENTS,38,25,4,29,33,6,39
UTTAR PRADESH,2002,FIRE(FIREWORKS/CRACKERS),62,19,11,30,53,51,104
UTTAR PRADESH,2002,FIRE(SHORT-CIRCUIT),24,8,0,8,14,7,21
UTTAR PRADESH,2002,GAS CYLINDER/STOVE BURST,96,2,19,21,18,80,98
UTTAR PRADESH,2002,OTHER FIRE ACCIDENTS,589,64,36,100,214,415,629
UTTAR PRADESH,2002,FIRE-ARMS,2017,958,97,1055,1415,164,1579
UTTAR PRADESH,2002,SUDDEN DEATHS(HEART ATTACKS),180,0,2,2,161,22,183
UTTAR PRADESH,2002,EPILEPTIC FITS/GIDDINESS,56,3,5,8,46,9,55
UTTAR PRADESH,2002,ABORTIONS/CHILD BIRTH,45,0,0,0,0,41,41
UTTAR PRADESH,2002,INFLUENCE OF ALCOHOL,117,13,2,15,126,3,129
UTTAR PRADESH,2002,KILLED BY ANIMALS,29,8,4,12,13,14,27
UTTAR PRADESH,2002,MINES OR QUARY DISASTER,12,3,2,5,11,1,12
UTTAR PRADESH,2002,FOOD POISIONING/ACCIDENTAL INTAKE OF INSECTICIDES ETC.,708,32,13,45,522,298,820
UTTAR PRADESH,2002,SPURIOUS/POISIONOUS LIQUOR,53,4,2,6,49,10,59
UTTAR PRADESH,2002,LEAKAGE OF POISINOUS GASES ETC.,8,0,0,0,8,0,8
UTTAR PRADESH,2002,SNAKE BITE/ANIMAL BITE,42,0,0,0,32,17,49
UTTAR PRADESH,2002,OTHER,217,36,18,54,136,65,201
UTTAR PRADESH,2002,STAMPEDE,4,0,0,0,2,2,4
UTTAR PRADESH,2002,SUFFOCATION,100,2,4,6,56,48,104
UTTAR PRADESH,2002,TRAFFIC ACCIDENTS(ROAD ACCIDENTS),14457,9324,1767,11091,8141,1304,9445
UTTAR PRADESH,2002,TRAFFIC ACCIDENTS(RAIL-ROAD ACCIDENTS),293,39,5,44,238,47,285
UTTAR PRADESH,2002,OTHER RAILWAY ACCIDENTS,1474,13,18,31,1560,295,1855
UTTAR PRADESH,2002,OTHER,899,307,70,377,886,206,1092
UTTAR PRADESH,2002,CAUSES NOT KNOWN,920,198,28,226,963,188,1151
UTTAR PRADESH,2002,TOTAL,23837,11321,2227,13548,15798,3658,19456
UTTAR PRADESH,2002,TOTAL COLLAPSE,393,120,63,183,284,139,423
UTTAR PRADESH,2002,TOTAL DROWNING,457,34,25,59,359,116,475
UTTAR PRADESH,2002,TOTAL EXPLOSION,51,21,10,31,47,19,66
UTTAR PRADESH,2002,TOTAL FALLS,221,34,4,38,189,47,236
UTTAR PRADESH,2002,TOTAL FIRE,771,93,66,159,299,553,852
UTTAR PRADESH,2002,TOTAL SUDDEN DEATHS,398,16,9,25,333,75,408
UTTAR PRADESH,2002,TOTAL POISONING,1028,72,33,105,747,390,1137
UTTAR PRADESH,2002,TOTAL TRAFFIC ACCIDENTS,16224,9376,1790,11166,9939,1646,11585
UTTAR PRADESH,2003,AIR-CRASH,0,0,0,0,0,0,0
UTTAR PRADESH,2003,COLLAPSE OF STRUCTURE(HOUSE),211,50,34,84,146,85,231
UTTAR PRADESH,2003,COLLAPSE OF STRUCTURE(BUILDING),15,10,3,13,11,8,19
UTTAR PRADESH,2003,COLLAPSE OF STRUCTURE(DAM),1,1,0,1,5,0,5
UTTAR PRADESH,2003,COLLAPSE OF STRUCTURE(BRIDGE),4,0,0,0,5,0,5
UTTAR PRADESH,2003,COLLAPSE OF STRUCTURE(OTHERS),165,31,13,44,110,43,153
UTTAR PRADESH,2003,DROWNING(BOAT CAPSIZE),65,8,1,9,56,20,76
UTTAR PRADESH,2003,DROWNING(OTHER),408,46,14,60,345,140,485
UTTAR PRADESH,2003,ELECTROCUTION,328,38,12,50,292,53,345
UTTAR PRADESH,2003,EXPLOSION(BOMB EXPLOSION),15,9,2,11,16,7,23
UTTAR PRADESH,2003,EXPLOSION(OTHER EXPLOSION LIKE BOILERS,,33,17,4,21,20,24,44
UTTAR PRADESH,2003,FALLS(FALL FROM HEIGHT),154,28,9,37,112,41,153
UTTAR PRADESH,2003,FALL INTO PIT/MANHOLE,63,4,2,6,54,17,71
UTTAR PRADESH,2003,FACTORY/MACHINE ACCIDENTS,48,20,3,23,34,8,42
UTTAR PRADESH,2003,FIRE(FIREWORKS/CRACKERS),72,14,15,29,37,29,66
UTTAR PRADESH,2003,FIRE(SHORT-CIRCUIT),23,11,6,17,12,7,19
UTTAR PRADESH,2003,GAS CYLINDER/STOVE BURST,122,8,11,19,21,103,124
UTTAR PRADESH,2003,OTHER FIRE ACCIDENTS,657,47,46,93,226,466,692
UTTAR PRADESH,2003,FIRE-ARMS,1689,675,144,819,1037,181,1218
UTTAR PRADESH,2003,SUDDEN DEATHS(HEART ATTACKS),190,56,4,60,160,38,198
UTTAR PRADESH,2003,EPILEPTIC FITS/GIDDINESS,54,3,0,3,38,13,51
UTTAR PRADESH,2003,ABORTIONS/CHILD BIRTH,45,0,3,3,0,41,41
UTTAR PRADESH,2003,INFLUENCE OF ALCOHOL,121,13,0,13,113,4,117
UTTAR PRADESH,2003,KILLED BY ANIMALS,18,4,1,5,12,1,13
UTTAR PRADESH,2003,MINES OR QUARY DISASTER,19,6,2,8,11,28,39
UTTAR PRADESH,2003,FOOD POISIONING/ACCIDENTAL INTAKE OF INSECTICIDES ETC.,552,29,23,52,388,186,574
UTTAR PRADESH,2003,SPURIOUS/POISIONOUS LIQUOR,38,12,3,15,39,4,43
UTTAR PRADESH,2003,LEAKAGE OF POISINOUS GASES ETC.,16,0,12,12,3,1,4
UTTAR PRADESH,2003,SNAKE BITE/ANIMAL BITE,40,2,0,2,38,14,52
UTTAR PRADESH,2003,OTHER,190,20,11,31,118,69,187
UTTAR PRADESH,2003,STAMPEDE,34,0,0,0,15,6,21
UTTAR PRADESH,2003,SUFFOCATION,51,1,2,3,34,39,73
UTTAR PRADESH,2003,TRAFFIC ACCIDENTS(ROAD ACCIDENTS),11354,6065,1147,7212,6850,1087,7937
UTTAR PRADESH,2003,TRAFFIC ACCIDENTS(RAIL-ROAD ACCIDENTS),281,49,11,60,258,34,292
UTTAR PRADESH,2003,OTHER RAILWAY ACCIDENTS,2321,48,23,71,1997,389,2386
UTTAR PRADESH,2003,OTHER,1324,224,81,305,1013,308,1321
UTTAR PRADESH,2003,CAUSES NOT KNOWN,1262,158,52,210,1166,220,1386
UTTAR PRADESH,2003,TOTAL,21983,7707,1694,9401,14792,3714,18506
UTTAR PRADESH,2003,TOTAL COLLAPSE,396,92,50,142,277,136,413
UTTAR PRADESH,2003,TOTAL DROWNING,473,54,15,69,401,160,561
UTTAR PRADESH,2003,TOTAL EXPLOSION,48,26,6,32,36,31,67
UTTAR PRADESH,2003,TOTAL FALLS,217,32,11,43,166,58,224
UTTAR PRADESH,2003,TOTAL FIRE,874,80,78,158,296,605,901
UTTAR PRADESH,2003,TOTAL SUDDEN DEATHS,410,72,7,79,311,96,407
UTTAR PRADESH,2003,TOTAL POISONING,836,63,49,112,586,274,860
UTTAR PRADESH,2003,TOTAL TRAFFIC ACCIDENTS,13956,6162,1181,7343,9105,1510,10615
UTTAR PRADESH,2004,AIR-CRASH,1,0,0,0,1,0,1
UTTAR PRADESH,2004,COLLAPSE OF STRUCTURE(HOUSE),138,54,30,84,97,51,148
UTTAR PRADESH,2004,COLLAPSE OF STRUCTURE(BUILDING),16,7,3,10,15,2,17
UTTAR PRADESH,2004,COLLAPSE OF STRUCTURE(DAM),1,0,0,0,1,0,1
UTTAR PRADESH,2004,COLLAPSE OF STRUCTURE(BRIDGE),1,0,0,0,1,0,1
UTTAR PRADESH,2004,COLLAPSE OF STRUCTURE(OTHERS),82,35,14,49,43,32,75
UTTAR PRADESH,2004,DROWNING(BOAT CAPSIZE),48,6,2,8,44,28,72
UTTAR PRADESH,2004,DROWNING(OTHER),509,67,30,97,392,149,541
UTTAR PRADESH,2004,ELECTROCUTION,414,82,20,102,325,61,386
UTTAR PRADESH,2004,EXPLOSION(BOMB EXPLOSION),23,18,0,18,46,1,47
UTTAR PRADESH,2004,EXPLOSION(OTHER EXPLOSION LIKE BOILERS,,106,24,38,62,75,33,108
UTTAR PRADESH,2004,FALLS(FALL FROM HEIGHT),163,35,16,51,101,27,128
UTTAR PRADESH,2004,FALL INTO PIT/MANHOLE,62,7,3,10,46,17,63
UTTAR PRADESH,2004,FACTORY/MACHINE ACCIDENTS,48,12,5,17,38,6,44
UTTAR PRADESH,2004,FIRE(FIREWORKS/CRACKERS),74,27,16,43,41,40,81
UTTAR PRADESH,2004,FIRE(SHORT-CIRCUIT),39,11,2,13,26,8,34
UTTAR PRADESH,2004,GAS CYLINDER/STOVE BURST,150,20,27,47,36,91,127
UTTAR PRADESH,2004,OTHER FIRE ACCIDENTS,657,78,79,157,183,447,630
UTTAR PRADESH,2004,FIRE-ARMS,2342,936,143,1079,1356,234,1590
UTTAR PRADESH,2004,SUDDEN DEATHS(HEART ATTACKS),259,17,1,18,209,41,250
UTTAR PRADESH,2004,EPILEPTIC FITS/GIDDINESS,65,0,0,0,53,26,79
UTTAR PRADESH,2004,ABORTIONS/CHILD BIRTH,69,0,0,0,0,69,69
UTTAR PRADESH,2004,INFLUENCE OF ALCOHOL,109,21,3,24,115,5,120
UTTAR PRADESH,2004,KILLED BY ANIMALS,21,3,0,3,16,5,21
UTTAR PRADESH,2004,MINES OR QUARY DISASTER,17,7,2,9,11,8,19
UTTAR PRADESH,2004,FOOD POISIONING/ACCIDENTAL INTAKE OF INSECTICIDES ETC.,527,43,25,68,262,239,501
UTTAR PRADESH,2004,SPURIOUS/POISIONOUS LIQUOR,51,10,3,13,43,6,49
UTTAR PRADESH,2004,LEAKAGE OF POISINOUS GASES ETC.,4,0,0,0,4,1,5
UTTAR PRADESH,2004,SNAKE BITE/ANIMAL BITE,66,3,1,4,50,20,70
UTTAR PRADESH,2004,OTHER,284,32,18,50,163,102,265
UTTAR PRADESH,2004,STAMPEDE,0,0,0,0,0,0,0
UTTAR PRADESH,2004,SUFFOCATION,144,4,1,5,92,54,146
UTTAR PRADESH,2004,TRAFFIC ACCIDENTS(ROAD ACCIDENTS),14374,9079,1398,10477,8526,1656,10182
UTTAR PRADESH,2004,TRAFFIC ACCIDENTS(RAIL-ROAD ACCIDENTS),563,73,17,90,509,93,602
UTTAR PRADESH,2004,OTHER RAILWAY ACCIDENTS,2450,131,27,158,2054,416,2470
UTTAR PRADESH,2004,OTHER,1856,329,85,414,1427,305,1732
UTTAR PRADESH,2004,CAUSES NOT KNOWN,1648,324,86,410,1188,294,1482
UTTAR PRADESH,2004,TOTAL,27381,11495,2095,13590,17589,4567,22156
UTTAR PRADESH,2004,TOTAL COLLAPSE,238,96,47,143,157,85,242
UTTAR PRADESH,2004,TOTAL DROWNING,557,73,32,105,436,177,613
UTTAR PRADESH,2004,TOTAL EXPLOSION,129,42,38,80,121,34,155
UTTAR PRADESH,2004,TOTAL FALLS,225,42,19,61,147,44,191
UTTAR PRADESH,2004,TOTAL FIRE,920,136,124,260,286,586,872
UTTAR PRADESH,2004,TOTAL SUDDEN DEATHS,502,38,4,42,377,141,518
UTTAR PRADESH,2004,TOTAL POISONING,932,88,47,135,522,368,890
UTTAR PRADESH,2004,TOTAL TRAFFIC ACCIDENTS,17387,9283,1442,10725,11089,2165,13254
UTTAR PRADESH,2005,AIR-CRASH,2,2,0,2,3,0,3
UTTAR PRADESH,2005,COLLAPSE OF STRUCTURE(HOUSE),135,70,69,139,100,68,168
UTTAR PRADESH,2005,COLLAPSE OF STRUCTURE(BUILDING),16,7,3,10,11,8,19
UTTAR PRADESH,2005,COLLAPSE OF STRUCTURE(DAM),0,0,0,0,0,0,0
UTTAR PRADESH,2005,COLLAPSE OF STRUCTURE(BRIDGE),5,1,0,1,8,0,8
UTTAR PRADESH,2005,COLLAPSE OF STRUCTURE(OTHERS),94,40,16,56,52,23,75
UTTAR PRADESH,2005,DROWNING(BOAT CAPSIZE),44,19,41,60,66,65,131
UTTAR PRADESH,2005,DROWNING(OTHER),486,35,9,44,453,143,596
UTTAR PRADESH,2005,ELECTROCUTION,329,41,24,65,278,59,337
UTTAR PRADESH,2005,EXPLOSION(BOMB EXPLOSION),7,55,7,62,18,2,20
UTTAR PRADESH,2005,EXPLOSION(OTHER EXPLOSION LIKE BOILERS,,83,34,27,61,34,27,61
UTTAR PRADESH,2005,FALLS(FALL FROM HEIGHT),181,33,25,58,123,37,160
UTTAR PRADESH,2005,FALL INTO PIT/MANHOLE,68,9,3,12,61,19,80
UTTAR PRADESH,2005,FACTORY/MACHINE ACCIDENTS,58,20,4,24,46,9,55
UTTAR PRADESH,2005,FIRE(FIREWORKS/CRACKERS),72,33,13,46,32,23,55
UTTAR PRADESH,2005,FIRE(SHORT-CIRCUIT),65,20,14,34,36,38,74
UTTAR PRADESH,2005,GAS CYLINDER/STOVE BURST,171,29,53,82,26,99,125
UTTAR PRADESH,2005,OTHER FIRE ACCIDENTS,614,67,54,121,300,387,687
UTTAR PRADESH,2005,FIRE-ARMS,2935,1534,224,1758,1502,241,1743
UTTAR PRADESH,2005,SUDDEN DEATHS(HEART ATTACKS),314,6,2,8,249,74,323
UTTAR PRADESH,2005,EPILEPTIC FITS/GIDDINESS,78,5,0,5,67,15,82
UTTAR PRADESH,2005,ABORTIONS/CHILD BIRTH,103,0,21,21,0,84,84
UTTAR PRADESH,2005,INFLUENCE OF ALCOHOL,161,29,2,31,151,14,165
UTTAR PRADESH,2005,KILLED BY ANIMALS,47,13,4,17,31,4,35
UTTAR PRADESH,2005,MINES OR QUARY DISASTER,14,5,2,7,9,7,16
UTTAR PRADESH,2005,FOOD POISIONING/ACCIDENTAL INTAKE OF INSECTICIDES ETC.,503,53,49,102,291,206,497
UTTAR PRADESH,2005,SPURIOUS/POISIONOUS LIQUOR,45,10,2,12,42,4,46
UTTAR PRADESH,2005,LEAKAGE OF POISINOUS GASES ETC.,10,2,1,3,8,1,9
UTTAR PRADESH,2005,SNAKE BITE/ANIMAL BITE,77,2,2,4,58,17,75
UTTAR PRADESH,2005,OTHER,182,16,6,22,131,59,190
UTTAR PRADESH,2005,STAMPEDE,8,10,0,10,0,3,3
UTTAR PRADESH,2005,SUFFOCATION,132,4,3,7,75,49,124
UTTAR PRADESH,2005,TRAFFIC ACCIDENTS(ROAD ACCIDENTS),14689,8389,1391,9780,8386,1474,9860
UTTAR PRADESH,2005,TRAFFIC ACCIDENTS(RAIL-ROAD ACCIDENTS),244,109,43,152,205,66,271
UTTAR PRADESH,2005,OTHER RAILWAY ACCIDENTS,2252,142,43,185,1898,382,2280
UTTAR PRADESH,2005,OTHER,1757,360,103,463,1509,314,1823
UTTAR PRADESH,2005,CAUSES NOT KNOWN,1153,188,44,232,1155,225,1380
UTTAR PRADESH,2005,TOTAL,27134,11392,2304,13696,17414,4246,21660
UTTAR PRADESH,2005,TOTAL COLLAPSE,250,118,88,206,171,99,270
UTTAR PRADESH,2005,TOTAL DROWNING,530,54,50,104,519,208,727
UTTAR PRADESH,2005,TOTAL EXPLOSION,90,89,34,123,52,29,81
UTTAR PRADESH,2005,TOTAL FALLS,249,42,28,70,184,56,240
UTTAR PRADESH,2005,TOTAL FIRE,922,149,134,283,394,547,941
UTTAR PRADESH,2005,TOTAL SUDDEN DEATHS,656,40,25,65,467,187,654
UTTAR PRADESH,2005,TOTAL POISONING,817,83,60,143,530,287,817
UTTAR PRADESH,2005,TOTAL TRAFFIC ACCIDENTS,17185,8640,1477,10117,10489,1922,12411
UTTAR PRADESH,2006,AIR-CRASH,0,0,0,0,0,0,0
UTTAR PRADESH,2006,COLLAPSE OF STRUCTURE(HOUSE),141,35,18,53,90,60,150
UTTAR PRADESH,2006,COLLAPSE OF STRUCTURE(BUILDING),7,0,0,0,6,1,7
UTTAR PRADESH,2006,COLLAPSE OF STRUCTURE(DAM),0,0,0,0,0,0,0
UTTAR PRADESH,2006,COLLAPSE OF STRUCTURE(BRIDGE),3,0,0,0,2,1,3
UTTAR PRADESH,2006,COLLAPSE OF STRUCTURE(OTHERS),117,27,8,35,73,25,98
UTTAR PRADESH,2006,DROWNING(BOAT CAPSIZE),67,5,4,9,53,29,82
UTTAR PRADESH,2006,DROWNING(OTHER),560,25,4,29,455,136,591
UTTAR PRADESH,2006,ELECTROCUTION,414,52,13,65,383,51,434
UTTAR PRADESH,2006,EXPLOSION(BOMB EXPLOSION),22,120,55,175,43,8,51
UTTAR PRADESH,2006,EXPLOSION(OTHER EXPLOSION LIKE BOIL,45,7,8,15,21,23,44
UTTAR PRADESH,2006,FALLS(FALL FROM HEIGHT),155,11,3,14,122,29,151
UTTAR PRADESH,2006,FALL INTO PIT/MANHOLE,68,3,3,6,44,18,62
UTTAR PRADESH,2006,FACTORY/MACHINE ACCIDENTS,54,15,2,17,46,6,52
UTTAR PRADESH,2006,FIRE(FIREWORKS/CRACKERS),70,25,11,36,36,15,51
UTTAR PRADESH,2006,FIRE(SHORT-CIRCUIT),37,10,5,15,28,9,37
UTTAR PRADESH,2006,GAS CYLINDER/STOVE BURST,159,12,21,33,33,110,143
UTTAR PRADESH,2006,OTHER FIRE ACCIDENTS,714,49,62,111,257,476,733
UTTAR PRADESH,2006,FIRE-ARMS,2328,874,175,1049,1474,176,1650
UTTAR PRADESH,2006,SUDDEN DEATHS(HEART ATTACKS),241,2,2,4,198,42,240
UTTAR PRADESH,2006,EPILEPTIC FITS/GIDDINESS,101,1,0,1,77,23,100
UTTAR PRADESH,2006,ABORTIONS/CHILD BIRTH,41,0,1,1,0,38,38
UTTAR PRADESH,2006,INFLUENCE OF ALCOHOL,152,27,0,27,135,4,139
UTTAR PRADESH,2006,KILLED BY ANIMALS,32,13,1,14,28,3,31
UTTAR PRADESH,2006,MINES OR QUARY DISASTER,6,2,0,2,4,9,13
UTTAR PRADESH,2006,FOOD POISIONING/ACCIDENTAL INTAKE OF INSECTICIDES ETC.,465,15,10,25,270,202,472
UTTAR PRADESH,2006,SPURIOUS/POISIONOUS LIQUOR,99,17,3,20,78,13,91
UTTAR PRADESH,2006,LEAKAGE OF POISINOUS GASES ETC.,14,2,3,5,9,2,11
UTTAR PRADESH,2006,SNAKE BITE/ANIMAL BITE,105,12,5,17,71,28,99
UTTAR PRADESH,2006,OTHER,156,21,10,31,101,47,148
UTTAR PRADESH,2006,STAMPEDE,0,0,0,0,0,0,0
UTTAR PRADESH,2006,SUFFOCATION,111,7,2,9,59,36,95
UTTAR PRADESH,2006,TRAFFIC ACCIDENTS(ROAD ACCIDENTS),16207,9040,1742,10782,9338,2182,11520
UTTAR PRADESH,2006,TRAFFIC ACCIDENTS(RAIL-ROAD ACCIDENTS),814,101,42,143,484,135,619
UTTAR PRADESH,2006,OTHER RAILWAY ACCIDENTS,2158,96,41,137,2294,496,2790
UTTAR PRADESH,2006,OTHER,1417,246,29,275,1267,403,1670
UTTAR PRADESH,2006,CAUSES NOT KNOWN,807,47,21,68,688,210,898
UTTAR PRADESH,2006,TOTAL,27887,10919,2304,13223,18267,5046,23313
UTTAR PRADESH,2006,TOTAL COLLAPSE,268,62,26,88,171,87,258
UTTAR PRADESH,2006,TOTAL DROWNING,627,30,8,38,508,165,673
UTTAR PRADESH,2006,TOTAL EXPLOSION,67,127,63,190,64,31,95
UTTAR PRADESH,2006,TOTAL FALLS,223,14,6,20,166,47,213
UTTAR PRADESH,2006,TOTAL FIRE,980,96,99,195,354,610,964
UTTAR PRADESH,2006,TOTAL SUDDEN DEATHS,535,30,3,33,410,107,517
UTTAR PRADESH,2006,TOTAL POISONING,839,67,31,98,529,292,821
UTTAR PRADESH,2006,TOTAL TRAFFIC ACCIDENTS,19179,9237,1825,11062,12116,2813,14929
UTTAR PRADESH,2007,AIR-CRASH,0,0,0,0,0,0,0
UTTAR PRADESH,2007,COLLAPSE OF STRUCTURE(HOUSE),188,47,30,77,127,69,196
UTTAR PRADESH,2007,COLLAPSE OF STRUCTURE(BUILDING),23,25,6,31,30,31,61
UTTAR PRADESH,2007,COLLAPSE OF STRUCTURE(DAM),2,2,0,2,1,0,1
UTTAR PRADESH,2007,COLLAPSE OF STRUCTURE(BRIDGE),6,2,1,3,5,1,6
UTTAR PRADESH,2007,COLLAPSE OF STRUCTURE(OTHERS),99,31,13,44,59,30,89
UTTAR PRADESH,2007,DROWNING(BOAT CAPSIZE),97,19,4,23,94,38,132
UTTAR PRADESH,2007,DROWNING(OTHER),1318,72,16,88,580,156,736
UTTAR PRADESH,2007,ELECTROCUTION,521,76,13,89,454,78,532
UTTAR PRADESH,2007,EXPLOSION(BOMB EXPLOSION),10,80,2,82,19,2,21
UTTAR PRADESH,2007,EXPLOSION(OTHER EXPLOSION LIKE BOIL,40,21,8,29,22,22,44
UTTAR PRADESH,2007,FALLS(FALL FROM HEIGHT),198,35,6,41,169,43,212
UTTAR PRADESH,2007,FALL INTO PIT/MANHOLE,96,21,3,24,86,14,100
UTTAR PRADESH,2007,FACTORY/MACHINE ACCIDENTS,60,14,3,17,54,9,63
UTTAR PRADESH,2007,FIRE(FIREWORKS/CRACKERS),84,20,10,30,35,34,69
UTTAR PRADESH,2007,FIRE(SHORT-CIRCUIT),46,10,4,14,37,10,47
UTTAR PRADESH,2007,GAS CYLINDER/STOVE BURST,115,9,21,30,34,74,108
UTTAR PRADESH,2007,OTHER FIRE ACCIDENTS,719,55,51,106,211,524,735
UTTAR PRADESH,2007,FIRE-ARMS,1614,624,158,782,1090,199,1289
UTTAR PRADESH,2007,SUDDEN DEATHS(HEART ATTACKS),241,17,3,20,221,48,269
UTTAR PRADESH,2007,EPILEPTIC FITS/GIDDINESS,71,6,3,9,48,13,61
UTTAR PRADESH,2007,ABORTIONS/CHILD BIRTH,47,0,3,3,0,55,55
UTTAR PRADESH,2007,INFLUENCE OF ALCOHOL,175,27,0,27,158,4,162
UTTAR PRADESH,2007,KILLED BY ANIMALS,45,9,3,12,34,2,36
UTTAR PRADESH,2007,MINES OR QUARY DISASTER,12,2,0,2,10,7,17
UTTAR PRADESH,2007,FOOD POISIONING/ACCIDENTAL INTAKE OF INSECTICIDES ETC.,512,25,19,44,302,272,574
UTTAR PRADESH,2007,SPURIOUS/POISIONOUS LIQUOR,55,14,1,15,47,3,50
UTTAR PRADESH,2007,LEAKAGE OF POISINOUS GASES ETC.,11,2,0,2,8,1,9
UTTAR PRADESH,2007,SNAKE BITE/ANIMAL BITE,123,12,4,16,81,35,116
UTTAR PRADESH,2007,OTHER,236,16,10,26,149,60,209
UTTAR PRADESH,2007,STAMPEDE,2,0,48,48,2,13,15
UTTAR PRADESH,2007,SUFFOCATION,66,1,2,3,44,23,67
UTTAR PRADESH,2007,TRAFFIC ACCIDENTS(ROAD ACCIDENTS),18031,9772,1815,11587,10848,1707,12555
UTTAR PRADESH,2007,TRAFFIC ACCIDENTS(RAIL-ROAD ACCIDENTS),227,45,27,72,614,134,748
UTTAR PRADESH,2007,OTHER RAILWAY ACCIDENTS,2585,144,52,196,2101,421,2522
UTTAR PRADESH,2007,OTHER,1912,377,54,431,1450,377,1827
UTTAR PRADESH,2007,CAUSES NOT KNOWN,1081,47,25,72,936,208,1144
UTTAR PRADESH,2007,TOTAL,30668,11679,2418,14097,20160,4717,24877
UTTAR PRADESH,2007,TOTAL COLLAPSE,318,107,50,157,222,131,353
UTTAR PRADESH,2007,TOTAL DROWNING,1415,91,20,111,674,194,868
UTTAR PRADESH,2007,TOTAL EXPLOSION,50,101,10,111,41,24,65
UTTAR PRADESH,2007,TOTAL FALLS,294,56,9,65,255,57,312
UTTAR PRADESH,2007,TOTAL FIRE,964,94,86,180,317,642,959
UTTAR PRADESH,2007,TOTAL SUDDEN DEATHS,534,50,9,59,427,120,547
UTTAR PRADESH,2007,TOTAL POISONING,937,69,34,103,587,371,958
UTTAR PRADESH,2007,TOTAL TRAFFIC ACCIDENTS,20843,9961,1894,11855,13563,2262,15825
UTTAR PRADESH,2008,AIR-CRASH,1,1,0,1,1,0,1
UTTAR PRADESH,2008,COLLAPSE OF STRUCTURE(HOUSE),329,53,25,78,233,165,398
UTTAR PRADESH,2008,COLLAPSE OF STRUCTURE(BUILDING),72,5,6,11,31,18,49
UTTAR PRADESH,2008,COLLAPSE OF STRUCTURE(DAM),0,0,0,0,0,0,0
UTTAR PRADESH,2008,COLLAPSE OF STRUCTURE(BRIDGE),2,0,0,0,1,1,2
UTTAR PRADESH,2008,COLLAPSE OF STRUCTURE(OTHERS),98,20,11,31,64,26,90
UTTAR PRADESH,2008,DROWNING(BOAT CAPSIZE),127,27,12,39,84,59,143
UTTAR PRADESH,2008,DROWNING(OTHER),1097,44,11,55,893,292,1185
UTTAR PRADESH,2008,ELECTROCUTION,578,62,5,67,485,71,556
UTTAR PRADESH,2008,EXPLOSION(BOMB EXPLOSION),14,3,3,6,21,1,22
UTTAR PRADESH,2008,EXPLOSION(OTHER EXPLOSION LIKE BOIL,50,11,5,16,33,19,52
UTTAR PRADESH,2008,FALLS(FALL FROM HEIGHT),226,14,4,18,188,36,224
UTTAR PRADESH,2008,FALL INTO PIT/MANHOLE,151,11,1,12,121,24,145
UTTAR PRADESH,2008,FACTORY/MACHINE ACCIDENTS,90,16,2,18,75,9,84
UTTAR PRADESH,2008,FIRE(FIREWORKS/CRACKERS),53,11,4,15,26,29,55
UTTAR PRADESH,2008,FIRE(SHORT-CIRCUIT),50,6,2,8,44,9,53
UTTAR PRADESH,2008,GAS CYLINDER/STOVE BURST,145,16,20,36,26,131,157
UTTAR PRADESH,2008,OTHER FIRE ACCIDENTS,844,42,34,76,300,562,862
UTTAR PRADESH,2008,FIRE-ARMS,1489,537,87,624,1061,136,1197
UTTAR PRADESH,2008,SUDDEN DEATHS(HEART ATTACKS),315,7,4,11,243,60,303
UTTAR PRADESH,2008,EPILEPTIC FITS/GIDDINESS,66,5,2,7,52,15,67
UTTAR PRADESH,2008,ABORTIONS/CHILD BIRTH,91,0,0,0,0,91,91
UTTAR PRADESH,2008,INFLUENCE OF ALCOHOL,174,15,0,15,177,1,178
UTTAR PRADESH,2008,KILLED BY ANIMALS,43,4,1,5,33,6,39
UTTAR PRADESH,2008,MINES OR QUARY DISASTER,54,2,2,4,19,7,26
UTTAR PRADESH,2008,FOOD POISIONING/ACCIDENTAL INTAKE OF INSECTICIDES ETC.,472,28,16,44,308,214,522
UTTAR PRADESH,2008,SPURIOUS/POISIONOUS LIQUOR,56,10,0,10,50,6,56
UTTAR PRADESH,2008,LEAKAGE OF POISINOUS GASES ETC.,25,1,0,1,27,5,32
UTTAR PRADESH,2008,SNAKE BITE/ANIMAL BITE,104,7,4,11,77,23,100
UTTAR PRADESH,2008,OTHER,259,33,13,46,184,71,255
UTTAR PRADESH,2008,STAMPEDE,10,0,0,0,9,1,10
UTTAR PRADESH,2008,SUFFOCATION,178,3,1,4,100,74,174
UTTAR PRADESH,2008,TRAFFIC ACCIDENTS(ROAD ACCIDENTS),19064,11260,2034,13294,10380,1693,12073
UTTAR PRADESH,2008,TRAFFIC ACCIDENTS(RAIL-ROAD ACCIDENTS),806,31,11,42,777,140,917
UTTAR PRADESH,2008,OTHER RAILWAY ACCIDENTS,3027,156,51,207,2431,466,2897
UTTAR PRADESH,2008,OTHER,1694,634,186,820,1369,378,1747
UTTAR PRADESH,2008,CAUSES NOT KNOWN,1574,151,35,186,753,274,1027
UTTAR PRADESH,2008,TOTAL,33428,13226,2592,15818,20676,5113,25789
UTTAR PRADESH,2008,TOTAL COLLAPSE,501,78,42,120,329,210,539
UTTAR PRADESH,2008,TOTAL DROWNING,1224,71,23,94,977,351,1328
UTTAR PRADESH,2008,TOTAL EXPLOSION,64,14,8,22,54,20,74
UTTAR PRADESH,2008,TOTAL FALLS,377,25,5,30,309,60,369
UTTAR PRADESH,2008,TOTAL FIRE,1092,75,60,135,396,731,1127
UTTAR PRADESH,2008,TOTAL SUDDEN DEATHS,646,27,6,33,472,167,639
UTTAR PRADESH,2008,TOTAL POISONING,916,79,33,112,646,319,965
UTTAR PRADESH,2008,TOTAL TRAFFIC ACCIDENTS,22897,11447,2096,13543,13588,2299,15887
UTTAR PRADESH,2009,AIR-CRASH,0,0,0,0,0,0,0
UTTAR PRADESH,2009,COLLAPSE OF STRUCTURE(HOUSE),186,49,22,71,140,55,195
UTTAR PRADESH,2009,COLLAPSE OF STRUCTURE(BUILDING),47,11,4,15,33,13,46
UTTAR PRADESH,2009,COLLAPSE OF STRUCTURE(DAM),0,0,0,0,0,0,0
UTTAR PRADESH,2009,COLLAPSE OF STRUCTURE(BRIDGE),3,0,0,0,1,2,3
UTTAR PRADESH,2009,COLLAPSE OF STRUCTURE(OTHERS),112,32,7,39,77,36,113
UTTAR PRADESH,2009,DROWNING(BOAT CAPSIZE),140,10,2,12,105,56,161
UTTAR PRADESH,2009,DROWNING(OTHER),813,75,34,109,560,195,755
UTTAR PRADESH,2009,ELECTROCUTION,515,57,19,76,427,77,504
UTTAR PRADESH,2009,EXPLOSION(BOMB EXPLOSION),15,9,1,10,1,6,7
UTTAR PRADESH,2009,EXPLOSION(OTHER EXPLOSION LIKE BOIL,31,12,9,21,22,14,36
UTTAR PRADESH,2009,FALLS(FALL FROM HEIGHT),280,48,13,61,212,45,257
UTTAR PRADESH,2009,FALL INTO PIT/MANHOLE,99,19,5,24,97,16,113
UTTAR PRADESH,2009,FACTORY/MACHINE ACCIDENTS,48,14,8,22,56,20,76
UTTAR PRADESH,2009,FIRE(FIREWORKS/CRACKERS),88,26,6,32,47,34,81
UTTAR PRADESH,2009,FIRE(SHORT-CIRCUIT),50,14,6,20,42,7,49
UTTAR PRADESH,2009,GAS CYLINDER/STOVE BURST,114,7,24,31,28,83,111
UTTAR PRADESH,2009,OTHER FIRE ACCIDENTS,942,74,68,142,209,606,815
UTTAR PRADESH,2009,FIRE-ARMS,1200,452,95,547,818,158,976
UTTAR PRADESH,2009,SUDDEN DEATHS(HEART ATTACKS),246,6,3,9,211,34,245
UTTAR PRADESH,2009,EPILEPTIC FITS/GIDDINESS,57,8,3,11,41,14,55
UTTAR PRADESH,2009,ABORTIONS/CHILD BIRTH,48,0,5,5,0,48,48
UTTAR PRADESH,2009,INFLUENCE OF ALCOHOL,178,34,2,36,165,9,174
UTTAR PRADESH,2009,KILLED BY ANIMALS,59,10,4,14,43,9,52
UTTAR PRADESH,2009,MINES OR QUARY DISASTER,41,12,2,14,31,12,43
UTTAR PRADESH,2009,FOOD POISIONING/ACCIDENTAL INTAKE OF INSECTICIDES ETC.,557,34,19,53,311,233,544
UTTAR PRADESH,2009,SPURIOUS/POISIONOUS LIQUOR,89,60,3,63,76,6,82
UTTAR PRADESH,2009,LEAKAGE OF POISINOUS GASES ETC.,16,5,1,6,14,2,16
UTTAR PRADESH,2009,SNAKE BITE/ANIMAL BITE,115,13,6,19,85,24,109
UTTAR PRADESH,2009,OTHER,280,74,14,88,195,77,272
UTTAR PRADESH,2009,STAMPEDE,3,0,0,0,2,1,3
UTTAR PRADESH,2009,SUFFOCATION,167,12,4,16,102,62,164
UTTAR PRADESH,2009,TRAFFIC ACCIDENTS(ROAD ACCIDENTS),21985,12487,2107,14594,12837,1992,14829
UTTAR PRADESH,2009,TRAFFIC ACCIDENTS(RAIL-ROAD ACCIDENTS),1262,177,84,261,423,99,522
UTTAR PRADESH,2009,OTHER RAILWAY ACCIDENTS,2673,14,48,62,2330,495,2825
UTTAR PRADESH,2009,OTHER,2111,588,98,686,1523,371,1894
UTTAR PRADESH,2009,CAUSES NOT KNOWN,650,58,15,73,524,139,663
UTTAR PRADESH,2009,TOTAL,35220,14501,2741,17242,21788,5050,26838
UTTAR PRADESH,2009,TOTAL COLLAPSE,348,92,33,125,251,106,357
UTTAR PRADESH,2009,TOTAL DROWNING,953,85,36,121,665,251,916
UTTAR PRADESH,2009,TOTAL EXPLOSION,46,21,10,31,23,20,43
UTTAR PRADESH,2009,TOTAL FALLS,379,67,18,85,309,61,370
UTTAR PRADESH,2009,TOTAL FIRE,1194,121,104,225,326,730,1056
UTTAR PRADESH,2009,TOTAL SUDDEN DEATHS,529,48,13,61,417,105,522
UTTAR PRADESH,2009,TOTAL POISONING,1057,186,43,229,681,342,1023
UTTAR PRADESH,2009,TOTAL TRAFFIC ACCIDENTS,25920,12678,2239,14917,15590,2586,18176
UTTAR PRADESH,2010,AIR-CRASH,0,0,0,0,0,0,0
UTTAR PRADESH,2010,COLLAPSE OF STRUCTURE(HOUSE),245,70,29,99,149,84,233
UTTAR PRADESH,2010,COLLAPSE OF STRUCTURE(BUILDING),30,17,5,22,27,7,34
UTTAR PRADESH,2010,COLLAPSE OF STRUCTURE(DAM),0,0,0,0,0,0,0
UTTAR PRADESH,2010,COLLAPSE OF STRUCTURE(BRIDGE),9,5,0,5,8,1,9
UTTAR PRADESH,2010,COLLAPSE OF STRUCTURE(OTHERS),170,44,17,61,92,46,138
UTTAR PRADESH,2010,DROWNING(BOAT CAPSIZE),128,23,11,34,138,60,198
UTTAR PRADESH,2010,DROWNING(OTHER),861,102,19,121,675,209,884
UTTAR PRADESH,2010,ELECTROCUTION,490,70,7,77,419,82,501
UTTAR PRADESH,2010,EXPLOSION(BOMB EXPLOSION),17,34,8,42,18,2,20
UTTAR PRADESH,2010,EXPLOSION(OTHER EXPLOSION LIKE BOIL,43,13,9,22,25,23,48
UTTAR PRADESH,2010,FALLS(FALL FROM HEIGHT),203,41,8,49,154,43,197
UTTAR PRADESH,2010,FALL INTO PIT/MANHOLE,98,26,7,33,82,25,107
UTTAR PRADESH,2010,FACTORY/MACHINE ACCIDENTS,60,11,6,17,53,10,63
UTTAR PRADESH,2010,FIRE(FIREWORKS/CRACKERS),70,26,11,37,27,13,40
UTTAR PRADESH,2010,FIRE(SHORT-CIRCUIT),62,8,4,12,39,23,62
UTTAR PRADESH,2010,GAS CYLINDER/STOVE BURST,140,7,21,28,39,105,144
UTTAR PRADESH,2010,OTHER FIRE ACCIDENTS,912,83,44,127,329,594,923
UTTAR PRADESH,2010,FIRE-ARMS,1020,345,73,418,788,187,975
UTTAR PRADESH,2010,SUDDEN DEATHS(HEART ATTACKS),349,11,7,18,268,76,344
UTTAR PRADESH,2010,EPILEPTIC FITS/GIDDINESS,51,4,1,5,44,7,51
UTTAR PRADESH,2010,ABORTIONS/CHILD BIRTH,51,0,0,0,0,48,48
UTTAR PRADESH,2010,INFLUENCE OF ALCOHOL,185,47,1,48,199,8,207
UTTAR PRADESH,2010,KILLED BY ANIMALS,29,4,0,4,24,5,29
UTTAR PRADESH,2010,MINES OR QUARY DISASTER,27,3,1,4,24,7,31
UTTAR PRADESH,2010,FOOD POISIONING/ACCIDENTAL INTAKE OF INSECTICIDES ETC.,655,39,20,59,382,302,684
UTTAR PRADESH,2010,SPURIOUS/POISIONOUS LIQUOR,36,12,0,12,42,5,47
UTTAR PRADESH,2010,LEAKAGE OF POISINOUS GASES ETC.,19,1,0,1,17,2,19
UTTAR PRADESH,2010,SNAKE BITE/ANIMAL BITE,115,4,18,22,83,30,113
UTTAR PRADESH,2010,OTHER,348,90,25,115,256,100,356
UTTAR PRADESH,2010,STAMPEDE,0,0,0,0,0,0,0
UTTAR PRADESH,2010,SUFFOCATION,71,4,1,5,59,32,91
UTTAR PRADESH,2010,TRAFFIC ACCIDENTS(ROAD ACCIDENTS),25416,14306,2366,16672,12813,2286,15099
UTTAR PRADESH,2010,TRAFFIC ACCIDENTS(RAIL-ROAD ACCIDENTS),835,78,26,104,1172,203,1375
UTTAR PRADESH,2010,OTHER RAILWAY ACCIDENTS,3143,204,108,312,2288,460,2748
UTTAR PRADESH,2010,OTHER,1432,417,104,521,1008,256,1264
UTTAR PRADESH,2010,CAUSES NOT KNOWN,1080,89,17,106,862,260,1122
UTTAR PRADESH,2010,TOTAL,38400,16238,2974,19212,22603,5601,28204
UTTAR PRADESH,2010,TOTAL COLLAPSE,454,136,51,187,276,138,414
UTTAR PRADESH,2010,TOTAL DROWNING,989,125,30,155,813,269,1082
UTTAR PRADESH,2010,TOTAL EXPLOSION,60,47,17,64,43,25,68
UTTAR PRADESH,2010,TOTAL FALLS,301,67,15,82,236,68,304
UTTAR PRADESH,2010,TOTAL FIRE,1184,124,80,204,434,735,1169
UTTAR PRADESH,2010,TOTAL SUDDEN DEATHS,636,62,9,71,511,139,650
UTTAR PRADESH,2010,TOTAL POISONING,1173,146,63,209,780,439,1219
UTTAR PRADESH,2010,TOTAL TRAFFIC ACCIDENTS,29394,14588,2500,17088,16273,2949,19222
UTTAR PRADESH,2011,AIR-CRASH,0,0,0,0,0,0,0
UTTAR PRADESH,2011,COLLAPSE OF STRUCTURE(HOUSE),286,66,14,80,200,97,297
UTTAR PRADESH,2011,COLLAPSE OF STRUCTURE(BUILDING),44,10,7,17,35,15,50
UTTAR PRADESH,2011,COLLAPSE OF STRUCTURE(DAM),3,2,1,3,0,0,0
UTTAR PRADESH,2011,COLLAPSE OF STRUCTURE(BRIDGE),2,0,0,0,2,0,2
UTTAR PRADESH,2011,COLLAPSE OF STRUCTURE(OTHERS),116,27,8,35,79,33,112
UTTAR PRADESH,2011,DROWNING(BOAT CAPSIZE),119,4,3,7,109,34,143
UTTAR PRADESH,2011,DROWNING(OTHER),925,63,13,76,810,157,967
UTTAR PRADESH,2011,ELECTROCUTION,613,59,9,68,575,102,677
UTTAR PRADESH,2011,EXPLOSION(BOMB EXPLOSION),11,1,1,2,6,4,10
UTTAR PRADESH,2011,EXPLOSION(OTHER EXPLOSION LIKE BOIL,25,4,6,10,10,21,31
UTTAR PRADESH,2011,FALLS(FALL FROM HEIGHT),256,31,5,36,198,42,240
UTTAR PRADESH,2011,FALL INTO PIT/MANHOLE,92,15,4,19,63,20,83
UTTAR PRADESH,2011,FACTORY/MACHINE ACCIDENTS,100,21,7,28,86,14,100
UTTAR PRADESH,2011,FIRE(FIREWORKS/CRACKERS),96,35,18,53,33,39,72
UTTAR PRADESH,2011,FIRE(SHORT-CIRCUIT),58,16,6,22,30,21,51
UTTAR PRADESH,2011,GAS CYLINDER/STOVE BURST,108,12,20,32,35,77,112
UTTAR PRADESH,2011,OTHER FIRE ACCIDENTS,916,53,25,78,338,595,933
UTTAR PRADESH,2011,FIRE-ARMS,792,218,46,264,545,167,712
UTTAR PRADESH,2011,SUDDEN DEATHS(HEART ATTACKS),287,8,5,13,226,61,287
UTTAR PRADESH,2011,EPILEPTIC FITS/GIDDINESS,76,4,0,4,56,18,74
UTTAR PRADESH,2011,ABORTIONS/CHILD BIRTH,80,0,3,3,0,77,77
UTTAR PRADESH,2011,INFLUENCE OF ALCOHOL,193,20,0,20,186,7,193
UTTAR PRADESH,2011,KILLED BY ANIMALS,40,0,1,1,28,10,38
UTTAR PRADESH,2011,MINES OR QUARY DISASTER,31,4,2,6,17,11,28
UTTAR PRADESH,2011,FOOD POISIONING/ACCIDENTAL INTAKE OF INSECTICIDES ETC.,863,24,13,37,528,359,887
UTTAR PRADESH,2011,SPURIOUS/POISIONOUS LIQUOR,35,10,0,10,35,8,43
UTTAR PRADESH,2011,LEAKAGE OF POISINOUS GASES ETC.,18,0,0,0,20,4,24
UTTAR PRADESH,2011,SNAKE BITE/ANIMAL BITE,204,36,11,47,133,32,165
UTTAR PRADESH,2011,OTHER,276,76,18,94,186,83,269
UTTAR PRADESH,2011,STAMPEDE,6,1,2,3,2,1,3
UTTAR PRADESH,2011,SUFFOCATION,297,3,2,5,178,132,310
UTTAR PRADESH,2011,TRAFFIC ACCIDENTS(ROAD ACCIDENTS),24513,12984,2350,15334,12673,2323,14996
UTTAR PRADESH,2011,TRAFFIC ACCIDENTS(RAIL-ROAD ACCIDENTS),483,96,16,112,374,108,482
UTTAR PRADESH,2011,OTHER RAILWAY ACCIDENTS,3938,61,14,75,2608,536,3144
UTTAR PRADESH,2011,OTHER,1351,88,32,120,1042,332,1374
UTTAR PRADESH,2011,CAUSES NOT KNOWN,1352,76,27,103,975,287,1262
UTTAR PRADESH,2011,TOTAL,38605,14128,2689,16817,22421,5827,28248
UTTAR PRADESH,2011,TOTAL COLLAPSE,451,105,30,135,316,145,461
UTTAR PRADESH,2011,TOTAL DROWNING,1044,67,16,83,919,191,1110
UTTAR PRADESH,2011,TOTAL EXPLOSION,36,5,7,12,16,25,41
UTTAR PRADESH,2011,TOTAL FALLS,348,46,9,55,261,62,323
UTTAR PRADESH,2011,TOTAL FIRE,1178,116,69,185,436,732,1168
UTTAR PRADESH,2011,TOTAL SUDDEN DEATHS,636,32,8,40,468,163,631
UTTAR PRADESH,2011,TOTAL POISONING,1396,146,42,188,902,486,1388
UTTAR PRADESH,2011,TOTAL TRAFFIC ACCIDENTS,28934,13141,2380,15521,15655,2967,18622
UTTAR PRADESH,2012,AIR-CRASH,0,0,0,0,0,0,0
UTTAR PRADESH,2012,COLLAPSE OF STRUCTURE(HOUSE),168,73,25,98,124,83,207
UTTAR PRADESH,2012,COLLAPSE OF STRUCTURE(BUILDING),39,14,8,22,26,13,39
UTTAR PRADESH,2012,COLLAPSE OF STRUCTURE(DAM),1,0,0,0,1,0,1
UTTAR PRADESH,2012,COLLAPSE OF STRUCTURE(BRIDGE),7,0,3,3,3,0,3
UTTAR PRADESH,2012,COLLAPSE OF STRUCTURE(OTHERS),174,35,16,51,95,49,144
UTTAR PRADESH,2012,DROWNING(BOAT CAPSIZE),107,9,3,12,91,20,111
UTTAR PRADESH,2012,DROWNING(OTHER),928,116,28,144,773,191,964
UTTAR PRADESH,2012,ELECTROCUTION,458,47,10,57,361,58,419
UTTAR PRADESH,2012,EXPLOSION(BOMB EXPLOSION),2,1,0,1,1,4,5
UTTAR PRADESH,2012,EXPLOSION(OTHER EXPLOSION LIKE BOIL,29,9,5,14,17,10,27
UTTAR PRADESH,2012,FALLS(FALL FROM HEIGHT),284,38,12,50,219,51,270
UTTAR PRADESH,2012,FALL INTO PIT/MANHOLE,127,17,9,26,103,22,125
UTTAR PRADESH,2012,FACTORY/MACHINE ACCIDENTS,116,8,6,14,104,18,122
UTTAR PRADESH,2012,FIRE(FIREWORKS/CRACKERS),58,27,8,35,38,39,77
UTTAR PRADESH,2012,FIRE(SHORT-CIRCUIT),68,32,16,48,55,24,79
UTTAR PRADESH,2012,GAS CYLINDER/STOVE BURST,100,6,25,31,23,85,108
UTTAR PRADESH,2012,OTHER FIRE ACCIDENTS,1210,75,38,113,430,748,1178
UTTAR PRADESH,2012,FIRE-ARMS,858,266,63,329,584,164,748
UTTAR PRADESH,2012,SUDDEN DEATHS(HEART ATTACKS),367,15,10,25,290,72,362
UTTAR PRADESH,2012,EPILEPTIC FITS/GIDDINESS,60,5,4,9,48,17,65
UTTAR PRADESH,2012,ABORTIONS/CHILD BIRTH,39,0,0,0,0,39,39
UTTAR PRADESH,2012,INFLUENCE OF ALCOHOL,220,47,4,51,204,5,209
UTTAR PRADESH,2012,KILLED BY ANIMALS,57,16,13,29,36,8,44
UTTAR PRADESH,2012,MINES OR QUARY DISASTER,37,11,13,24,26,13,39
UTTAR PRADESH,2012,FOOD POISIONING/ACCIDENTAL INTAKE OF INSECTICIDES ETC.,712,64,30,94,384,281,665
UTTAR PRADESH,2012,SPURIOUS/POISIONOUS LIQUOR,84,24,0,24,65,11,76
UTTAR PRADESH,2012,LEAKAGE OF POISINOUS GASES ETC.,15,5,2,7,8,3,11
UTTAR PRADESH,2012,SNAKE BITE/ANIMAL BITE,215,38,28,66,125,44,169
UTTAR PRADESH,2012,OTHER,293,57,16,73,169,117,286
UTTAR PRADESH,2012,STAMPEDE,3,1,0,1,4,0,4
UTTAR PRADESH,2012,SUFFOCATION,383,0,2,2,240,136,376
UTTAR PRADESH,2012,TRAFFIC ACCIDENTS(ROAD ACCIDENTS),24478,12699,2224,14923,12887,2222,15109
UTTAR PRADESH,2012,TRAFFIC ACCIDENTS(RAIL-ROAD ACCIDENTS),503,67,28,95,406,107,513
UTTAR PRADESH,2012,OTHER RAILWAY ACCIDENTS,3353,223,84,307,2594,529,3123
UTTAR PRADESH,2012,OTHER,1611,126,37,163,1252,351,1603
UTTAR PRADESH,2012,CAUSES NOT KNOWN,1029,100,34,134,726,219,945
UTTAR PRADESH,2012,TOTAL,38193,14271,2804,17075,22512,5753,28265
UTTAR PRADESH,2012,TOTAL COLLAPSE,389,122,52,174,249,145,394
UTTAR PRADESH,2012,TOTAL DROWNING,1035,125,31,156,864,211,1075
UTTAR PRADESH,2012,TOTAL EXPLOSION,31,10,5,15,18,14,32
UTTAR PRADESH,2012,TOTAL FALLS,411,55,21,76,322,73,395
UTTAR PRADESH,2012,TOTAL FIRE,1436,140,87,227,546,896,1442
UTTAR PRADESH,2012,TOTAL SUDDEN DEATHS,686,67,18,85,542,133,675
UTTAR PRADESH,2012,TOTAL POISONING,1319,188,76,264,751,456,1207
UTTAR PRADESH,2012,TOTAL TRAFFIC ACCIDENTS,28334,12989,2336,15325,15887,2858,18745
UTTARAKHAND,2001,AIR-CRASH,1,0,0,0,2,3,5
UTTARAKHAND,2001,COLLAPSE OF STRUCTURE(HOUSE),1,0,0,0,1,1,2
UTTARAKHAND,2001,COLLAPSE OF STRUCTURE(BUILDING),0,0,0,0,0,0,0
UTTARAKHAND,2001,COLLAPSE OF STRUCTURE(DAM),0,0,0,0,0,0,0
UTTARAKHAND,2001,COLLAPSE OF STRUCTURE(BRIDGE),0,0,0,0,0,0,0
UTTARAKHAND,2001,COLLAPSE OF STRUCTURE(OTHERS),11,2,5,7,2,9,11
UTTARAKHAND,2001,DROWNING(BOAT CAPSIZE),3,0,0,0,2,1,3
UTTARAKHAND,2001,DROWNING(OTHER),55,8,6,14,49,11,60
UTTARAKHAND,2001,ELECTROCUTION,20,0,0,0,23,0,23
UTTARAKHAND,2001,EXPLOSION(BOMB EXPLOSION),1,0,0,0,2,0,2
UTTARAKHAND,2001,EXPLOSION(OTHER EXPLOSION LIKE BOILERS,,0,0,0,0,0,0,0
UTTARAKHAND,2001,FALLS(FALL FROM HEIGHT),37,4,2,6,33,5,38
UTTARAKHAND,2001,FALL INTO PIT/MANHOLE,3,0,0,0,3,0,3
UTTARAKHAND,2001,FACTORY/MACHINE ACCIDENTS,3,1,0,1,19,0,19
UTTARAKHAND,2001,FIRE(FIREWORKS/CRACKERS),0,0,0,0,0,0,0
UTTARAKHAND,2001,FIRE(SHORT-CIRCUIT),7,0,0,0,4,3,7
UTTARAKHAND,2001,GAS CYLINDER/STOVE BURST,54,7,15,22,12,40,52
UTTARAKHAND,2001,OTHER FIRE ACCIDENTS,81,13,10,23,26,55,81
UTTARAKHAND,2001,FIRE-ARMS,25,2,0,2,24,1,25
UTTARAKHAND,2001,SUDDEN DEATHS(HEART ATTACKS),37,0,0,0,35,2,37
UTTARAKHAND,2001,EPILEPTIC FITS/GIDDINESS,8,0,0,0,7,1,8
UTTARAKHAND,2001,ABORTIONS/CHILD BIRTH,2,0,0,0,0,2,2
UTTARAKHAND,2001,INFLUENCE OF ALCOHOL,23,0,0,0,23,0,23
UTTARAKHAND,2001,KILLED BY ANIMALS,9,0,0,0,5,4,9
UTTARAKHAND,2001,MINES OR QUARY DISASTER,11,0,0,0,12,0,12
UTTARAKHAND,2001,FOOD POISIONING/ACCIDENTAL INTAKE OF INSECTICIDES ETC.,98,3,5,8,64,34,98
UTTARAKHAND,2001,SPURIOUS/POISIONOUS LIQUOR,0,0,0,0,0,0,0
UTTARAKHAND,2001,LEAKAGE OF POISINOUS GASES ETC.,0,0,0,0,0,0,0
UTTARAKHAND,2001,SNAKE BITE/ANIMAL BITE,3,0,0,0,1,2,3
UTTARAKHAND,2001,OTHER,40,6,3,9,24,17,41
UTTARAKHAND,2001,STAMPEDE,0,0,0,0,0,0,0
UTTARAKHAND,2001,SUFFOCATION,18,0,0,0,13,5,18
UTTARAKHAND,2001,TRAFFIC ACCIDENTS(ROAD ACCIDENTS),1003,752,221,973,623,158,781
UTTARAKHAND,2001,TRAFFIC ACCIDENTS(RAIL-ROAD ACCIDENTS),9,0,0,0,7,2,9
UTTARAKHAND,2001,OTHER RAILWAY ACCIDENTS,8,0,0,0,7,1,8
UTTARAKHAND,2001,OTHER,139,0,0,0,125,28,153
UTTARAKHAND,2001,CAUSES NOT KNOWN,58,0,0,0,45,13,58
UTTARAKHAND,2001,TOTAL,1768,798,267,1065,1193,398,1591
UTTARAKHAND,2001,TOTAL COLLAPSE,12,2,5,7,3,10,13
UTTARAKHAND,2001,TOTAL DROWNING,58,8,6,14,51,12,63
UTTARAKHAND,2001,TOTAL EXPLOSION,1,0,0,0,2,0,2
UTTARAKHAND,2001,TOTAL FALLS,40,4,2,6,36,5,41
UTTARAKHAND,2001,TOTAL FIRE,142,20,25,45,42,98,140
UTTARAKHAND,2001,TOTAL SUDDEN DEATHS,70,0,0,0,65,5,70
UTTARAKHAND,2001,TOTAL POISONING,141,9,8,17,89,53,142
UTTARAKHAND,2001,TOTAL TRAFFIC ACCIDENTS,1020,752,221,973,637,161,798
UTTARAKHAND,2002,AIR-CRASH,0,0,0,0,0,0,0
UTTARAKHAND,2002,COLLAPSE OF STRUCTURE(HOUSE),3,0,0,0,3,0,3
UTTARAKHAND,2002,COLLAPSE OF STRUCTURE(BUILDING),0,0,0,0,0,0,0
UTTARAKHAND,2002,COLLAPSE OF STRUCTURE(DAM),0,0,0,0,0,0,0
UTTARAKHAND,2002,COLLAPSE OF STRUCTURE(BRIDGE),0,0,0,0,0,0,0
UTTARAKHAND,2002,COLLAPSE OF STRUCTURE(OTHERS),7,3,2,5,14,3,17
UTTARAKHAND,2002,DROWNING(BOAT CAPSIZE),0,0,0,0,0,0,0
UTTARAKHAND,2002,DROWNING(OTHER),50,0,0,0,44,11,55
UTTARAKHAND,2002,ELECTROCUTION,18,0,0,0,18,3,21
UTTARAKHAND,2002,EXPLOSION(BOMB EXPLOSION),0,0,0,0,0,0,0
UTTARAKHAND,2002,EXPLOSION(OTHER EXPLOSION LIKE BOILERS, GAS CYLINDER ETC.),0,0,0,0,0,0,0
UTTARAKHAND,2002,FALLS(FALL FROM HEIGHT),36,1,0,1,29,7,36
UTTARAKHAND,2002,FALL INTO PIT/MANHOLE,11,0,0,0,11,2,13
UTTARAKHAND,2002,FACTORY/MACHINE ACCIDENTS,6,0,0,0,5,1,6
UTTARAKHAND,2002,FIRE(FIREWORKS/CRACKERS),0,0,0,0,0,0,0
UTTARAKHAND,2002,FIRE(SHORT-CIRCUIT),1,0,0,0,1,0,1
UTTARAKHAND,2002,GAS CYLINDER/STOVE BURST,14,0,0,0,1,14,15
UTTARAKHAND,2002,OTHER FIRE ACCIDENTS,33,0,0,0,10,23,33
UTTARAKHAND,2002,FIRE-ARMS,48,16,1,17,33,2,35
UTTARAKHAND,2002,SUDDEN DEATHS(HEART ATTACKS),42,0,0,0,38,4,42
UTTARAKHAND,2002,EPILEPTIC FITS/GIDDINESS,3,1,0,1,2,0,2
UTTARAKHAND,2002,ABORTIONS/CHILD BIRTH,5,0,0,0,0,5,5
UTTARAKHAND,2002,INFLUENCE OF ALCOHOL,15,0,0,0,20,0,20
UTTARAKHAND,2002,KILLED BY ANIMALS,12,0,0,0,12,5,17
UTTARAKHAND,2002,MINES OR QUARY DISASTER,0,0,0,0,0,0,0
UTTARAKHAND,2002,FOOD POISIONING/ACCIDENTAL INTAKE OF INSECTICIDES ETC.,128,1,0,1,66,61,127
UTTARAKHAND,2002,SPURIOUS/POISIONOUS LIQUOR,0,0,0,0,0,0,0
UTTARAKHAND,2002,LEAKAGE OF POISINOUS GASES ETC.,0,0,0,0,0,0,0
UTTARAKHAND,2002,SNAKE BITE/ANIMAL BITE,0,0,0,0,0,0,0
UTTARAKHAND,2002,OTHER,16,0,0,0,12,4,16
UTTARAKHAND,2002,STAMPEDE,0,0,0,0,0,0,0
UTTARAKHAND,2002,SUFFOCATION,7,0,0,0,7,0,7
UTTARAKHAND,2002,TRAFFIC ACCIDENTS(ROAD ACCIDENTS),1117,1052,202,1254,614,91,705
UTTARAKHAND,2002,TRAFFIC ACCIDENTS(RAIL-ROAD ACCIDENTS),0,0,0,0,0,0,0
UTTARAKHAND,2002,OTHER RAILWAY ACCIDENTS,51,10,4,14,46,5,51
UTTARAKHAND,2002,OTHER,39,0,0,0,44,1,45
UTTARAKHAND,2002,CAUSES NOT KNOWN,91,5,0,5,89,16,105
UTTARAKHAND,2002,TOTAL,1753,1089,209,1298,1119,258,1377
UTTARAKHAND,2002,TOTAL COLLAPSE,10,3,2,5,17,3,20
UTTARAKHAND,2002,TOTAL DROWNING,50,0,0,0,44,11,55
UTTARAKHAND,2002,TOTAL EXPLOSION,0,0,0,0,0,0,0
UTTARAKHAND,2002,TOTAL FALLS,47,1,0,1,40,9,49
UTTARAKHAND,2002,TOTAL FIRE,48,0,0,0,12,37,49
UTTARAKHAND,2002,TOTAL SUDDEN DEATHS,65,1,0,1,60,9,69
UTTARAKHAND,2002,TOTAL POISONING,144,1,0,1,78,65,143
UTTARAKHAND,2002,TOTAL TRAFFIC ACCIDENTS,1168,1062,206,1268,660,96,756
UTTARAKHAND,2003,AIR-CRASH,0,0,0,0,0,0,0
UTTARAKHAND,2003,COLLAPSE OF STRUCTURE(HOUSE),1,0,0,0,1,0,1
UTTARAKHAND,2003,COLLAPSE OF STRUCTURE(BUILDING),0,0,0,0,0,0,0
UTTARAKHAND,2003,COLLAPSE OF STRUCTURE(DAM),0,0,0,0,0,0,0
UTTARAKHAND,2003,COLLAPSE OF STRUCTURE(BRIDGE),0,0,0,0,0,0,0
UTTARAKHAND,2003,COLLAPSE OF STRUCTURE(OTHERS),2,0,0,0,2,0,2
UTTARAKHAND,2003,DROWNING(BOAT CAPSIZE),1,0,0,0,0,2,2
UTTARAKHAND,2003,DROWNING(OTHER),76,0,0,0,64,13,77
UTTARAKHAND,2003,ELECTROCUTION,22,1,0,1,18,4,22
UTTARAKHAND,2003,EXPLOSION(BOMB EXPLOSION),0,0,0,0,0,0,0
UTTARAKHAND,2003,EXPLOSION(OTHER EXPLOSION LIKE BOILERS,,1,0,0,0,0,1,1
UTTARAKHAND,2003,FALLS(FALL FROM HEIGHT),64,1,0,1,53,11,64
UTTARAKHAND,2003,FALL INTO PIT/MANHOLE,9,0,0,0,9,0,9
UTTARAKHAND,2003,FACTORY/MACHINE ACCIDENTS,2,0,0,0,2,0,2
UTTARAKHAND,2003,FIRE(FIREWORKS/CRACKERS),2,0,0,0,1,1,2
UTTARAKHAND,2003,FIRE(SHORT-CIRCUIT),9,2,0,2,5,3,8
UTTARAKHAND,2003,GAS CYLINDER/STOVE BURST,11,0,0,0,3,8,11
UTTARAKHAND,2003,OTHER FIRE ACCIDENTS,56,0,0,0,28,32,60
UTTARAKHAND,2003,FIRE-ARMS,28,3,0,3,30,2,32
UTTARAKHAND,2003,SUDDEN DEATHS(HEART ATTACKS),45,0,0,0,42,3,45
UTTARAKHAND,2003,EPILEPTIC FITS/GIDDINESS,7,0,0,0,7,0,7
UTTARAKHAND,2003,ABORTIONS/CHILD BIRTH,3,0,0,0,0,3,3
UTTARAKHAND,2003,INFLUENCE OF ALCOHOL,14,0,0,0,14,0,14
UTTARAKHAND,2003,KILLED BY ANIMALS,10,0,0,0,7,3,10
UTTARAKHAND,2003,MINES OR QUARY DISASTER,1,0,0,0,1,0,1
UTTARAKHAND,2003,FOOD POISIONING/ACCIDENTAL INTAKE OF INSECTICIDES ETC.,118,1,0,1,74,43,117
UTTARAKHAND,2003,SPURIOUS/POISIONOUS LIQUOR,0,0,0,0,0,0,0
UTTARAKHAND,2003,LEAKAGE OF POISINOUS GASES ETC.,1,0,0,0,1,0,1
UTTARAKHAND,2003,SNAKE BITE/ANIMAL BITE,5,0,0,0,4,1,5
UTTARAKHAND,2003,OTHER,27,1,0,1,12,14,26
UTTARAKHAND,2003,STAMPEDE,0,0,0,0,0,0,0
UTTARAKHAND,2003,SUFFOCATION,7,0,0,0,6,1,7
UTTARAKHAND,2003,TRAFFIC ACCIDENTS(ROAD ACCIDENTS),1186,1443,248,1691,607,113,720
UTTARAKHAND,2003,TRAFFIC ACCIDENTS(RAIL-ROAD ACCIDENTS),14,0,0,0,13,1,14
UTTARAKHAND,2003,OTHER RAILWAY ACCIDENTS,33,3,0,3,29,4,33
UTTARAKHAND,2003,OTHER,59,0,0,0,50,9,59
UTTARAKHAND,2003,CAUSES NOT KNOWN,122,0,0,0,85,37,122
UTTARAKHAND,2003,TOTAL,1936,1455,248,1703,1168,309,1477
UTTARAKHAND,2003,TOTAL COLLAPSE,3,0,0,0,3,0,3
UTTARAKHAND,2003,TOTAL DROWNING,77,0,0,0,64,15,79
UTTARAKHAND,2003,TOTAL EXPLOSION,1,0,0,0,0,1,1
UTTARAKHAND,2003,TOTAL FALLS,73,1,0,1,62,11,73
UTTARAKHAND,2003,TOTAL FIRE,78,2,0,2,37,44,81
UTTARAKHAND,2003,TOTAL SUDDEN DEATHS,69,0,0,0,63,6,69
UTTARAKHAND,2003,TOTAL POISONING,151,2,0,2,91,58,149
UTTARAKHAND,2003,TOTAL TRAFFIC ACCIDENTS,1233,1446,248,1694,649,118,767
UTTARAKHAND,2004,AIR-CRASH,0,0,0,0,0,0,0
UTTARAKHAND,2004,COLLAPSE OF STRUCTURE(HOUSE),3,0,0,0,2,1,3
UTTARAKHAND,2004,COLLAPSE OF STRUCTURE(BUILDING),2,22,0,22,5,0,5
UTTARAKHAND,2004,COLLAPSE OF STRUCTURE(DAM),0,0,0,0,0,0,0
UTTARAKHAND,2004,COLLAPSE OF STRUCTURE(BRIDGE),0,0,0,0,0,0,0
UTTARAKHAND,2004,COLLAPSE OF STRUCTURE(OTHERS),4,0,0,0,4,1,5
UTTARAKHAND,2004,DROWNING(BOAT CAPSIZE),3,0,0,0,2,1,3
UTTARAKHAND,2004,DROWNING(OTHER),86,1,1,2,65,23,88
UTTARAKHAND,2004,ELECTROCUTION,24,1,0,1,22,6,28
UTTARAKHAND,2004,EXPLOSION(BOMB EXPLOSION),2,1,0,1,2,0,2
UTTARAKHAND,2004,EXPLOSION(OTHER EXPLOSION LIKE BOILERS,,0,0,0,0,0,0,0
UTTARAKHAND,2004,FALLS(FALL FROM HEIGHT),72,2,1,3,63,14,77
UTTARAKHAND,2004,FALL INTO PIT/MANHOLE,5,0,0,0,5,0,5
UTTARAKHAND,2004,FACTORY/MACHINE ACCIDENTS,4,0,0,0,4,0,4
UTTARAKHAND,2004,FIRE(FIREWORKS/CRACKERS),3,3,0,3,2,0,2
UTTARAKHAND,2004,FIRE(SHORT-CIRCUIT),5,1,0,1,2,2,4
UTTARAKHAND,2004,GAS CYLINDER/STOVE BURST,16,1,0,1,5,10,15
UTTARAKHAND,2004,OTHER FIRE ACCIDENTS,50,0,0,0,17,35,52
UTTARAKHAND,2004,FIRE-ARMS,19,1,1,2,16,1,17
UTTARAKHAND,2004,SUDDEN DEATHS(HEART ATTACKS),47,0,0,0,36,11,47
UTTARAKHAND,2004,EPILEPTIC FITS/GIDDINESS,9,0,0,0,8,1,9
UTTARAKHAND,2004,ABORTIONS/CHILD BIRTH,3,0,1,1,0,2,2
UTTARAKHAND,2004,INFLUENCE OF ALCOHOL,16,0,0,0,16,0,16
UTTARAKHAND,2004,KILLED BY ANIMALS,5,1,0,1,4,0,4
UTTARAKHAND,2004,MINES OR QUARY DISASTER,1,11,0,11,29,0,29
UTTARAKHAND,2004,FOOD POISIONING/ACCIDENTAL INTAKE OF INSECTICIDES ETC.,113,1,0,1,84,29,113
UTTARAKHAND,2004,SPURIOUS/POISIONOUS LIQUOR,0,0,0,0,0,0,0
UTTARAKHAND,2004,LEAKAGE OF POISINOUS GASES ETC.,0,0,0,0,0,0,0
UTTARAKHAND,2004,SNAKE BITE/ANIMAL BITE,5,1,0,1,3,1,4
UTTARAKHAND,2004,OTHER,18,3,0,3,10,5,15
UTTARAKHAND,2004,STAMPEDE,0,0,0,0,0,0,0
UTTARAKHAND,2004,SUFFOCATION,7,0,0,0,7,4,11
UTTARAKHAND,2004,TRAFFIC ACCIDENTS(ROAD ACCIDENTS),1252,1637,242,1879,831,100,931
UTTARAKHAND,2004,TRAFFIC ACCIDENTS(RAIL-ROAD ACCIDENTS),0,0,0,0,0,0,0
UTTARAKHAND,2004,OTHER RAILWAY ACCIDENTS,10,0,0,0,8,2,10
UTTARAKHAND,2004,OTHER,78,3,3,6,63,9,72
UTTARAKHAND,2004,CAUSES NOT KNOWN,53,7,2,9,32,12,44
UTTARAKHAND,2004,TOTAL,1915,1697,251,1948,1347,270,1617
UTTARAKHAND,2004,TOTAL COLLAPSE,9,22,0,22,11,2,13
UTTARAKHAND,2004,TOTAL DROWNING,89,1,1,2,67,24,91
UTTARAKHAND,2004,TOTAL EXPLOSION,2,1,0,1,2,0,2
UTTARAKHAND,2004,TOTAL FALLS,77,2,1,3,68,14,82
UTTARAKHAND,2004,TOTAL FIRE,74,5,0,5,26,47,73
UTTARAKHAND,2004,TOTAL SUDDEN DEATHS,75,0,1,1,60,14,74
UTTARAKHAND,2004,TOTAL POISONING,136,5,0,5,97,35,132
UTTARAKHAND,2004,TOTAL TRAFFIC ACCIDENTS,1262,1637,242,1879,839,102,941
UTTARAKHAND,2005,AIR-CRASH,0,0,0,0,0,0,0
UTTARAKHAND,2005,COLLAPSE OF STRUCTURE(HOUSE),5,2,1,3,6,2,8
UTTARAKHAND,2005,COLLAPSE OF STRUCTURE(BUILDING),2,3,2,5,2,0,2
UTTARAKHAND,2005,COLLAPSE OF STRUCTURE(DAM),0,0,0,0,0,0,0
UTTARAKHAND,2005,COLLAPSE OF STRUCTURE(BRIDGE),0,0,0,0,0,0,0
UTTARAKHAND,2005,COLLAPSE OF STRUCTURE(OTHERS),6,10,4,14,12,0,12
UTTARAKHAND,2005,DROWNING(BOAT CAPSIZE),2,0,0,0,2,0,2
UTTARAKHAND,2005,DROWNING(OTHER),99,1,0,1,97,24,121
UTTARAKHAND,2005,ELECTROCUTION,33,2,0,2,28,4,32
UTTARAKHAND,2005,EXPLOSION(BOMB EXPLOSION),1,0,0,0,2,0,2
UTTARAKHAND,2005,EXPLOSION(OTHER EXPLOSION LIKE BOILERS,,2,0,0,0,2,0,2
UTTARAKHAND,2005,FALLS(FALL FROM HEIGHT),65,2,0,2,60,9,69
UTTARAKHAND,2005,FALL INTO PIT/MANHOLE,14,0,0,0,9,5,14
UTTARAKHAND,2005,FACTORY/MACHINE ACCIDENTS,8,0,0,0,8,0,8
UTTARAKHAND,2005,FIRE(FIREWORKS/CRACKERS),1,1,0,1,1,0,1
UTTARAKHAND,2005,FIRE(SHORT-CIRCUIT),7,0,0,0,7,0,7
UTTARAKHAND,2005,GAS CYLINDER/STOVE BURST,15,1,0,1,5,9,14
UTTARAKHAND,2005,OTHER FIRE ACCIDENTS,60,8,1,9,23,40,63
UTTARAKHAND,2005,FIRE-ARMS,1,0,0,0,1,0,1
UTTARAKHAND,2005,SUDDEN DEATHS(HEART ATTACKS),40,0,0,0,37,3,40
UTTARAKHAND,2005,EPILEPTIC FITS/GIDDINESS,11,0,0,0,10,1,11
UTTARAKHAND,2005,ABORTIONS/CHILD BIRTH,2,0,0,0,0,2,2
UTTARAKHAND,2005,INFLUENCE OF ALCOHOL,19,0,0,0,19,0,19
UTTARAKHAND,2005,KILLED BY ANIMALS,14,0,0,0,10,4,14
UTTARAKHAND,2005,MINES OR QUARY DISASTER,3,1,0,1,4,1,5
UTTARAKHAND,2005,FOOD POISIONING/ACCIDENTAL INTAKE OF INSECTICIDES ETC.,139,0,0,0,93,50,143
UTTARAKHAND,2005,SPURIOUS/POISIONOUS LIQUOR,0,0,0,0,0,0,0
UTTARAKHAND,2005,LEAKAGE OF POISINOUS GASES ETC.,0,0,0,0,0,0,0
UTTARAKHAND,2005,SNAKE BITE/ANIMAL BITE,2,0,0,0,1,1,2
UTTARAKHAND,2005,OTHER,5,0,0,0,4,1,5
UTTARAKHAND,2005,STAMPEDE,0,0,0,0,0,0,0
UTTARAKHAND,2005,SUFFOCATION,10,0,0,0,7,3,10
UTTARAKHAND,2005,TRAFFIC ACCIDENTS(ROAD ACCIDENTS),1332,1614,228,1842,758,111,869
UTTARAKHAND,2005,TRAFFIC ACCIDENTS(RAIL-ROAD ACCIDENTS),0,0,0,0,0,0,0
UTTARAKHAND,2005,OTHER RAILWAY ACCIDENTS,23,0,0,0,21,2,23
UTTARAKHAND,2005,OTHER,79,0,0,0,62,19,81
UTTARAKHAND,2005,CAUSES NOT KNOWN,49,0,0,0,41,8,49
UTTARAKHAND,2005,TOTAL,2049,1645,236,1881,1332,299,1631
UTTARAKHAND,2005,TOTAL COLLAPSE,13,15,7,22,20,2,22
UTTARAKHAND,2005,TOTAL DROWNING,101,1,0,1,99,24,123
UTTARAKHAND,2005,TOTAL EXPLOSION,3,0,0,0,4,0,4
UTTARAKHAND,2005,TOTAL FALLS,79,2,0,2,69,14,83
UTTARAKHAND,2005,TOTAL FIRE,83,10,1,11,36,49,85
UTTARAKHAND,2005,TOTAL SUDDEN DEATHS,72,0,0,0,66,6,72
UTTARAKHAND,2005,TOTAL POISONING,146,0,0,0,98,52,150
UTTARAKHAND,2005,TOTAL TRAFFIC ACCIDENTS,1355,1614,228,1842,779,113,892
UTTARAKHAND,2006,AIR-CRASH,0,0,0,0,0,0,0
UTTARAKHAND,2006,COLLAPSE OF STRUCTURE(HOUSE),5,0,0,0,5,0,5
UTTARAKHAND,2006,COLLAPSE OF STRUCTURE(BUILDING),1,4,0,4,3,0,3
UTTARAKHAND,2006,COLLAPSE OF STRUCTURE(DAM),0,0,0,0,0,0,0
UTTARAKHAND,2006,COLLAPSE OF STRUCTURE(BRIDGE),0,0,0,0,0,0,0
UTTARAKHAND,2006,COLLAPSE OF STRUCTURE(OTHERS),3,2,1,3,4,0,4
UTTARAKHAND,2006,DROWNING(BOAT CAPSIZE),1,0,0,0,5,1,6
UTTARAKHAND,2006,DROWNING(OTHER),73,0,0,0,79,14,93
UTTARAKHAND,2006,ELECTROCUTION,53,0,0,0,49,4,53
UTTARAKHAND,2006,EXPLOSION(BOMB EXPLOSION),0,0,0,0,0,0,0
UTTARAKHAND,2006,EXPLOSION(OTHER EXPLOSION LIKE BOIL,3,0,0,0,11,0,11
UTTARAKHAND,2006,FALLS(FALL FROM HEIGHT),76,0,1,1,67,10,77
UTTARAKHAND,2006,FALL INTO PIT/MANHOLE,14,0,0,0,12,2,14
UTTARAKHAND,2006,FACTORY/MACHINE ACCIDENTS,5,0,0,0,7,0,7
UTTARAKHAND,2006,FIRE(FIREWORKS/CRACKERS),1,2,0,2,0,0,0
UTTARAKHAND,2006,FIRE(SHORT-CIRCUIT),3,0,1,1,2,1,3
UTTARAKHAND,2006,GAS CYLINDER/STOVE BURST,25,0,0,0,9,16,25
UTTARAKHAND,2006,OTHER FIRE ACCIDENTS,47,0,0,0,12,35,47
UTTARAKHAND,2006,FIRE-ARMS,10,1,0,1,10,0,10
UTTARAKHAND,2006,SUDDEN DEATHS(HEART ATTACKS),51,0,0,0,45,6,51
UTTARAKHAND,2006,EPILEPTIC FITS/GIDDINESS,6,0,0,0,6,0,6
UTTARAKHAND,2006,ABORTIONS/CHILD BIRTH,1,0,0,0,0,1,1
UTTARAKHAND,2006,INFLUENCE OF ALCOHOL,21,2,0,2,21,0,21
UTTARAKHAND,2006,KILLED BY ANIMALS,7,0,0,0,5,2,7
UTTARAKHAND,2006,MINES OR QUARY DISASTER,5,0,0,0,4,1,5
UTTARAKHAND,2006,FOOD POISIONING/ACCIDENTAL INTAKE OF INSECTICIDES ETC.,95,0,0,0,63,40,103
UTTARAKHAND,2006,SPURIOUS/POISIONOUS LIQUOR,0,0,0,0,0,0,0
UTTARAKHAND,2006,LEAKAGE OF POISINOUS GASES ETC.,0,0,0,0,0,0,0
UTTARAKHAND,2006,SNAKE BITE/ANIMAL BITE,6,0,0,0,3,3,6
UTTARAKHAND,2006,OTHER,9,0,0,0,4,5,9
UTTARAKHAND,2006,STAMPEDE,0,0,0,0,0,0,0
UTTARAKHAND,2006,SUFFOCATION,7,0,0,0,7,0,7
UTTARAKHAND,2006,TRAFFIC ACCIDENTS(ROAD ACCIDENTS),1461,1647,263,1910,822,153,975
UTTARAKHAND,2006,TRAFFIC ACCIDENTS(RAIL-ROAD ACCIDENTS),5,0,0,0,4,1,5
UTTARAKHAND,2006,OTHER RAILWAY ACCIDENTS,78,0,0,0,64,14,78
UTTARAKHAND,2006,OTHER,58,2,0,2,50,16,66
UTTARAKHAND,2006,CAUSES NOT KNOWN,89,0,0,0,71,18,89
UTTARAKHAND,2006,TOTAL,2219,1660,266,1926,1444,343,1787
UTTARAKHAND,2006,TOTAL COLLAPSE,9,6,1,7,12,0,12
UTTARAKHAND,2006,TOTAL DROWNING,74,0,0,0,84,15,99
UTTARAKHAND,2006,TOTAL EXPLOSION,3,0,0,0,11,0,11
UTTARAKHAND,2006,TOTAL FALLS,90,0,1,1,79,12,91
UTTARAKHAND,2006,TOTAL FIRE,76,2,1,3,23,52,75
UTTARAKHAND,2006,TOTAL SUDDEN DEATHS,79,2,0,2,72,7,79
UTTARAKHAND,2006,TOTAL POISONING,110,0,0,0,70,48,118
UTTARAKHAND,2006,TOTAL TRAFFIC ACCIDENTS,1544,1647,263,1910,890,168,1058
UTTARAKHAND,2007,AIR-CRASH,0,0,0,0,0,0,0
UTTARAKHAND,2007,COLLAPSE OF STRUCTURE(HOUSE),5,3,2,5,4,1,5
UTTARAKHAND,2007,COLLAPSE OF STRUCTURE(BUILDING),2,1,1,2,2,0,2
UTTARAKHAND,2007,COLLAPSE OF STRUCTURE(DAM),1,0,0,0,4,0,4
UTTARAKHAND,2007,COLLAPSE OF STRUCTURE(BRIDGE),0,0,0,0,0,0,0
UTTARAKHAND,2007,COLLAPSE OF STRUCTURE(OTHERS),5,0,0,0,5,1,6
UTTARAKHAND,2007,DROWNING(BOAT CAPSIZE),1,1,0,1,0,1,1
UTTARAKHAND,2007,DROWNING(OTHER),162,24,5,29,111,22,133
UTTARAKHAND,2007,ELECTROCUTION,37,1,0,1,33,3,36
UTTARAKHAND,2007,EXPLOSION(BOMB EXPLOSION),0,0,0,0,0,0,0
UTTARAKHAND,2007,EXPLOSION(OTHER EXPLOSION LIKE BOIL,2,0,0,0,3,1,4
UTTARAKHAND,2007,FALLS(FALL FROM HEIGHT),62,2,2,4,47,13,60
UTTARAKHAND,2007,FALL INTO PIT/MANHOLE,11,0,0,0,10,1,11
UTTARAKHAND,2007,FACTORY/MACHINE ACCIDENTS,7,0,0,0,9,0,9
UTTARAKHAND,2007,FIRE(FIREWORKS/CRACKERS),3,2,0,2,1,0,1
UTTARAKHAND,2007,FIRE(SHORT-CIRCUIT),6,0,0,0,5,5,10
UTTARAKHAND,2007,GAS CYLINDER/STOVE BURST,10,0,0,0,2,8,10
UTTARAKHAND,2007,OTHER FIRE ACCIDENTS,36,0,1,1,31,21,52
UTTARAKHAND,2007,FIRE-ARMS,5,0,0,0,2,3,5
UTTARAKHAND,2007,SUDDEN DEATHS(HEART ATTACKS),65,0,0,0,54,11,65
UTTARAKHAND,2007,EPILEPTIC FITS/GIDDINESS,5,0,0,0,4,1,5
UTTARAKHAND,2007,ABORTIONS/CHILD BIRTH,5,0,0,0,0,5,5
UTTARAKHAND,2007,INFLUENCE OF ALCOHOL,26,2,0,2,24,0,24
UTTARAKHAND,2007,KILLED BY ANIMALS,16,0,0,0,8,8,16
UTTARAKHAND,2007,MINES OR QUARY DISASTER,2,4,0,4,3,0,3
UTTARAKHAND,2007,FOOD POISIONING/ACCIDENTAL INTAKE OF INSECTICIDES ETC.,96,7,4,11,65,24,89
UTTARAKHAND,2007,SPURIOUS/POISIONOUS LIQUOR,0,0,0,0,0,0,0
UTTARAKHAND,2007,LEAKAGE OF POISINOUS GASES ETC.,7,0,0,0,3,4,7
UTTARAKHAND,2007,SNAKE BITE/ANIMAL BITE,3,0,0,0,2,1,3
UTTARAKHAND,2007,OTHER,16,0,0,0,11,5,16
UTTARAKHAND,2007,STAMPEDE,0,0,0,0,0,0,0
UTTARAKHAND,2007,SUFFOCATION,1,0,0,0,1,0,1
UTTARAKHAND,2007,TRAFFIC ACCIDENTS(ROAD ACCIDENTS),1522,1664,311,1975,786,187,973
UTTARAKHAND,2007,TRAFFIC ACCIDENTS(RAIL-ROAD ACCIDENTS),7,0,4,4,8,2,10
UTTARAKHAND,2007,OTHER RAILWAY ACCIDENTS,48,0,0,0,43,5,48
UTTARAKHAND,2007,OTHER,70,0,0,0,66,31,97
UTTARAKHAND,2007,CAUSES NOT KNOWN,70,2,0,2,56,15,71
UTTARAKHAND,2007,TOTAL,2314,1713,330,2043,1403,379,1782
UTTARAKHAND,2007,TOTAL COLLAPSE,13,4,3,7,15,2,17
UTTARAKHAND,2007,TOTAL DROWNING,163,25,5,30,111,23,134
UTTARAKHAND,2007,TOTAL EXPLOSION,2,0,0,0,3,1,4
UTTARAKHAND,2007,TOTAL FALLS,73,2,2,4,57,14,71
UTTARAKHAND,2007,TOTAL FIRE,55,2,1,3,39,34,73
UTTARAKHAND,2007,TOTAL SUDDEN DEATHS,101,2,0,2,82,17,99
UTTARAKHAND,2007,TOTAL POISONING,122,7,4,11,81,34,115
UTTARAKHAND,2007,TOTAL TRAFFIC ACCIDENTS,1577,1664,315,1979,837,194,1031
UTTARAKHAND,2008,AIR-CRASH,0,0,0,0,0,0,0
UTTARAKHAND,2008,COLLAPSE OF STRUCTURE(HOUSE),1,0,0,0,1,0,1
UTTARAKHAND,2008,COLLAPSE OF STRUCTURE(BUILDING),1,0,0,0,0,1,1
UTTARAKHAND,2008,COLLAPSE OF STRUCTURE(DAM),0,0,0,0,0,0,0
UTTARAKHAND,2008,COLLAPSE OF STRUCTURE(BRIDGE),1,4,0,4,1,0,1
UTTARAKHAND,2008,COLLAPSE OF STRUCTURE(OTHERS),4,1,0,1,2,2,4
UTTARAKHAND,2008,DROWNING(BOAT CAPSIZE),11,0,0,0,18,1,19
UTTARAKHAND,2008,DROWNING(OTHER),170,0,0,0,144,34,178
UTTARAKHAND,2008,ELECTROCUTION,33,1,1,2,26,6,32
UTTARAKHAND,2008,EXPLOSION(BOMB EXPLOSION),0,0,0,0,0,0,0
UTTARAKHAND,2008,EXPLOSION(OTHER EXPLOSION LIKE BOIL,4,1,0,1,9,3,12
UTTARAKHAND,2008,FALLS(FALL FROM HEIGHT),80,2,5,7,64,16,80
UTTARAKHAND,2008,FALL INTO PIT/MANHOLE,2,0,0,0,2,0,2
UTTARAKHAND,2008,FACTORY/MACHINE ACCIDENTS,10,0,0,0,10,0,10
UTTARAKHAND,2008,FIRE(FIREWORKS/CRACKERS),2,0,0,0,1,1,2
UTTARAKHAND,2008,FIRE(SHORT-CIRCUIT),2,0,0,0,2,0,2
UTTARAKHAND,2008,GAS CYLINDER/STOVE BURST,13,0,1,1,0,13,13
UTTARAKHAND,2008,OTHER FIRE ACCIDENTS,58,2,1,3,29,31,60
UTTARAKHAND,2008,FIRE-ARMS,6,2,0,2,14,3,17
UTTARAKHAND,2008,SUDDEN DEATHS(HEART ATTACKS),85,1,0,1,77,8,85
UTTARAKHAND,2008,EPILEPTIC FITS/GIDDINESS,9,0,0,0,9,0,9
UTTARAKHAND,2008,ABORTIONS/CHILD BIRTH,5,0,0,0,0,5,5
UTTARAKHAND,2008,INFLUENCE OF ALCOHOL,44,0,0,0,47,0,47
UTTARAKHAND,2008,KILLED BY ANIMALS,14,0,0,0,9,5,14
UTTARAKHAND,2008,MINES OR QUARY DISASTER,3,3,0,3,2,1,3
UTTARAKHAND,2008,FOOD POISIONING/ACCIDENTAL INTAKE OF INSECTICIDES ETC.,152,0,0,0,102,72,174
UTTARAKHAND,2008,SPURIOUS/POISIONOUS LIQUOR,0,0,0,0,0,0,0
UTTARAKHAND,2008,LEAKAGE OF POISINOUS GASES ETC.,0,0,0,0,0,0,0
UTTARAKHAND,2008,SNAKE BITE/ANIMAL BITE,3,0,0,0,3,0,3
UTTARAKHAND,2008,OTHER,6,0,0,0,6,0,6
UTTARAKHAND,2008,STAMPEDE,0,0,0,0,0,0,0
UTTARAKHAND,2008,SUFFOCATION,17,0,0,0,12,7,19
UTTARAKHAND,2008,TRAFFIC ACCIDENTS(ROAD ACCIDENTS),1409,1457,307,1764,881,186,1067
UTTARAKHAND,2008,TRAFFIC ACCIDENTS(RAIL-ROAD ACCIDENTS),8,2,0,2,6,0,6
UTTARAKHAND,2008,OTHER RAILWAY ACCIDENTS,24,0,0,0,22,2,24
UTTARAKHAND,2008,OTHER,45,10,3,13,44,6,50
UTTARAKHAND,2008,CAUSES NOT KNOWN,63,0,0,0,55,8,63
UTTARAKHAND,2008,TOTAL,2285,1486,318,1804,1598,411,2009
UTTARAKHAND,2008,TOTAL COLLAPSE,7,5,0,5,4,3,7
UTTARAKHAND,2008,TOTAL DROWNING,181,0,0,0,162,35,197
UTTARAKHAND,2008,TOTAL EXPLOSION,4,1,0,1,9,3,12
UTTARAKHAND,2008,TOTAL FALLS,82,2,5,7,66,16,82
UTTARAKHAND,2008,TOTAL FIRE,75,2,2,4,32,45,77
UTTARAKHAND,2008,TOTAL SUDDEN DEATHS,143,1,0,1,133,13,146
UTTARAKHAND,2008,TOTAL POISONING,161,0,0,0,111,72,183
UTTARAKHAND,2008,TOTAL TRAFFIC ACCIDENTS,1441,1459,307,1766,909,188,1097
UTTARAKHAND,2009,AIR-CRASH,0,0,0,0,0,0,0
UTTARAKHAND,2009,COLLAPSE OF STRUCTURE(HOUSE),10,5,8,13,10,5,15
UTTARAKHAND,2009,COLLAPSE OF STRUCTURE(BUILDING),0,0,0,0,0,0,0
UTTARAKHAND,2009,COLLAPSE OF STRUCTURE(DAM),3,12,0,12,4,0,4
UTTARAKHAND,2009,COLLAPSE OF STRUCTURE(BRIDGE),0,0,0,0,0,0,0
UTTARAKHAND,2009,COLLAPSE OF STRUCTURE(OTHERS),3,0,0,0,4,0,4
UTTARAKHAND,2009,DROWNING(BOAT CAPSIZE),1,0,0,0,1,0,1
UTTARAKHAND,2009,DROWNING(OTHER),143,8,7,15,121,57,178
UTTARAKHAND,2009,ELECTROCUTION,46,4,3,7,38,5,43
UTTARAKHAND,2009,EXPLOSION(BOMB EXPLOSION),0,0,0,0,0,0,0
UTTARAKHAND,2009,EXPLOSION(OTHER EXPLOSION LIKE BOIL,8,1,0,1,3,5,8
UTTARAKHAND,2009,FALLS(FALL FROM HEIGHT),78,2,3,5,64,15,79
UTTARAKHAND,2009,FALL INTO PIT/MANHOLE,8,1,3,4,6,2,8
UTTARAKHAND,2009,FACTORY/MACHINE ACCIDENTS,11,0,0,0,11,0,11
UTTARAKHAND,2009,FIRE(FIREWORKS/CRACKERS),12,10,3,13,1,0,1
UTTARAKHAND,2009,FIRE(SHORT-CIRCUIT),7,0,0,0,7,0,7
UTTARAKHAND,2009,GAS CYLINDER/STOVE BURST,28,4,3,7,5,21,26
UTTARAKHAND,2009,OTHER FIRE ACCIDENTS,38,7,1,8,12,19,31
UTTARAKHAND,2009,FIRE-ARMS,18,0,0,0,18,0,18
UTTARAKHAND,2009,SUDDEN DEATHS(HEART ATTACKS),126,0,0,0,99,27,126
UTTARAKHAND,2009,EPILEPTIC FITS/GIDDINESS,10,0,0,0,7,6,13
UTTARAKHAND,2009,ABORTIONS/CHILD BIRTH,7,0,0,0,0,7,7
UTTARAKHAND,2009,INFLUENCE OF ALCOHOL,21,1,1,2,20,0,20
UTTARAKHAND,2009,KILLED BY ANIMALS,27,1,0,1,19,9,28
UTTARAKHAND,2009,MINES OR QUARY DISASTER,1,0,0,0,2,0,2
UTTARAKHAND,2009,FOOD POISIONING/ACCIDENTAL INTAKE OF INSECTICIDES ETC.,90,0,2,2,52,46,98
UTTARAKHAND,2009,SPURIOUS/POISIONOUS LIQUOR,0,0,0,0,0,0,0
UTTARAKHAND,2009,LEAKAGE OF POISINOUS GASES ETC.,8,0,0,0,6,2,8
UTTARAKHAND,2009,SNAKE BITE/ANIMAL BITE,7,1,0,1,4,2,6
UTTARAKHAND,2009,OTHER,27,0,0,0,20,7,27
UTTARAKHAND,2009,STAMPEDE,7,0,0,0,5,2,7
UTTARAKHAND,2009,SUFFOCATION,1,0,0,0,1,0,1
UTTARAKHAND,2009,TRAFFIC ACCIDENTS(ROAD ACCIDENTS),1383,1492,283,1775,757,95,852
UTTARAKHAND,2009,TRAFFIC ACCIDENTS(RAIL-ROAD ACCIDENTS),24,9,0,9,22,2,24
UTTARAKHAND,2009,OTHER RAILWAY ACCIDENTS,58,0,0,0,50,8,58
UTTARAKHAND,2009,OTHER,31,11,12,23,5,0,5
UTTARAKHAND,2009,CAUSES NOT KNOWN,94,4,0,4,65,51,116
UTTARAKHAND,2009,TOTAL,2336,1573,329,1902,1439,393,1832
UTTARAKHAND,2009,TOTAL COLLAPSE,16,17,8,25,18,5,23
UTTARAKHAND,2009,TOTAL DROWNING,144,8,7,15,122,57,179
UTTARAKHAND,2009,TOTAL EXPLOSION,8,1,0,1,3,5,8
UTTARAKHAND,2009,TOTAL FALLS,86,3,6,9,70,17,87
UTTARAKHAND,2009,TOTAL FIRE,85,21,7,28,25,40,65
UTTARAKHAND,2009,TOTAL SUDDEN DEATHS,164,1,1,2,126,40,166
UTTARAKHAND,2009,TOTAL POISONING,132,1,2,3,82,57,139
UTTARAKHAND,2009,TOTAL TRAFFIC ACCIDENTS,1465,1501,283,1784,829,105,934
UTTARAKHAND,2010,AIR-CRASH,0,0,0,0,0,0,0
UTTARAKHAND,2010,COLLAPSE OF STRUCTURE(HOUSE),8,1,0,1,8,7,15
UTTARAKHAND,2010,COLLAPSE OF STRUCTURE(BUILDING),1,0,0,0,3,0,3
UTTARAKHAND,2010,COLLAPSE OF STRUCTURE(DAM),2,0,0,0,2,0,2
UTTARAKHAND,2010,COLLAPSE OF STRUCTURE(BRIDGE),2,0,0,0,3,0,3
UTTARAKHAND,2010,COLLAPSE OF STRUCTURE(OTHERS),14,3,0,3,11,4,15
UTTARAKHAND,2010,DROWNING(BOAT CAPSIZE),2,0,0,0,1,1,2
UTTARAKHAND,2010,DROWNING(OTHER),182,17,6,23,187,31,218
UTTARAKHAND,2010,ELECTROCUTION,38,5,1,6,31,4,35
UTTARAKHAND,2010,EXPLOSION(BOMB EXPLOSION),1,0,0,0,1,0,1
UTTARAKHAND,2010,EXPLOSION(OTHER EXPLOSION LIKE BOIL,0,0,0,0,0,0,0
UTTARAKHAND,2010,FALLS(FALL FROM HEIGHT),82,5,5,10,70,17,87
UTTARAKHAND,2010,FALL INTO PIT/MANHOLE,5,1,1,2,3,0,3
UTTARAKHAND,2010,FACTORY/MACHINE ACCIDENTS,11,7,1,8,7,0,7
UTTARAKHAND,2010,FIRE(FIREWORKS/CRACKERS),0,0,0,0,0,0,0
UTTARAKHAND,2010,FIRE(SHORT-CIRCUIT),7,0,1,1,5,1,6
UTTARAKHAND,2010,GAS CYLINDER/STOVE BURST,84,2,2,4,17,67,84
UTTARAKHAND,2010,OTHER FIRE ACCIDENTS,35,2,2,4,13,32,45
UTTARAKHAND,2010,FIRE-ARMS,15,0,0,0,12,3,15
UTTARAKHAND,2010,SUDDEN DEATHS(HEART ATTACKS),84,1,0,1,76,7,83
UTTARAKHAND,2010,EPILEPTIC FITS/GIDDINESS,7,0,0,0,5,2,7
UTTARAKHAND,2010,ABORTIONS/CHILD BIRTH,13,0,4,4,0,9,9
UTTARAKHAND,2010,INFLUENCE OF ALCOHOL,30,3,0,3,28,0,28
UTTARAKHAND,2010,KILLED BY ANIMALS,19,6,1,7,9,12,21
UTTARAKHAND,2010,MINES OR QUARY DISASTER,0,0,0,0,0,0,0
UTTARAKHAND,2010,FOOD POISIONING/ACCIDENTAL INTAKE OF INSECTICIDES ETC.,96,6,5,11,78,48,126
UTTARAKHAND,2010,SPURIOUS/POISIONOUS LIQUOR,0,0,0,0,0,0,0
UTTARAKHAND,2010,LEAKAGE OF POISINOUS GASES ETC.,0,0,0,0,0,0,0
UTTARAKHAND,2010,SNAKE BITE/ANIMAL BITE,10,0,0,0,5,5,10
UTTARAKHAND,2010,OTHER,33,5,1,6,32,17,49
UTTARAKHAND,2010,STAMPEDE,1,6,2,8,0,0,0
UTTARAKHAND,2010,SUFFOCATION,10,0,0,0,10,0,10
UTTARAKHAND,2010,TRAFFIC ACCIDENTS(ROAD ACCIDENTS),1479,1403,253,1656,779,138,917
UTTARAKHAND,2010,TRAFFIC ACCIDENTS(RAIL-ROAD ACCIDENTS),14,0,0,0,12,2,14
UTTARAKHAND,2010,OTHER RAILWAY ACCIDENTS,20,5,1,6,17,3,20
UTTARAKHAND,2010,OTHER,138,41,11,52,124,61,185
UTTARAKHAND,2010,CAUSES NOT KNOWN,47,9,8,17,22,8,30
UTTARAKHAND,2010,TOTAL,2490,1528,305,1833,1571,479,2050
UTTARAKHAND,2010,TOTAL COLLAPSE,27,4,0,4,27,11,38
UTTARAKHAND,2010,TOTAL DROWNING,184,17,6,23,188,32,220
UTTARAKHAND,2010,TOTAL EXPLOSION,1,0,0,0,1,0,1
UTTARAKHAND,2010,TOTAL FALLS,87,6,6,12,73,17,90
UTTARAKHAND,2010,TOTAL FIRE,126,4,5,9,35,100,135
UTTARAKHAND,2010,TOTAL SUDDEN DEATHS,134,4,4,8,109,18,127
UTTARAKHAND,2010,TOTAL POISONING,139,11,6,17,115,70,185
UTTARAKHAND,2010,TOTAL TRAFFIC ACCIDENTS,1513,1408,254,1662,808,143,951
UTTARAKHAND,2011,AIR-CRASH,0,0,0,0,0,0,0
UTTARAKHAND,2011,COLLAPSE OF STRUCTURE(HOUSE),7,11,6,17,9,12,21
UTTARAKHAND,2011,COLLAPSE OF STRUCTURE(BUILDING),1,1,0,1,2,0,2
UTTARAKHAND,2011,COLLAPSE OF STRUCTURE(DAM),0,0,0,0,0,0,0
UTTARAKHAND,2011,COLLAPSE OF STRUCTURE(BRIDGE),1,0,0,0,1,0,1
UTTARAKHAND,2011,COLLAPSE OF STRUCTURE(OTHERS),19,1,0,1,12,10,22
UTTARAKHAND,2011,DROWNING(BOAT CAPSIZE),0,0,0,0,0,0,0
UTTARAKHAND,2011,DROWNING(OTHER),228,53,35,88,180,69,249
UTTARAKHAND,2011,ELECTROCUTION,30,6,0,6,27,7,34
UTTARAKHAND,2011,EXPLOSION(BOMB EXPLOSION),0,0,0,0,0,0,0
UTTARAKHAND,2011,EXPLOSION(OTHER EXPLOSION LIKE BOIL,6,1,2,3,3,4,7
UTTARAKHAND,2011,FALLS(FALL FROM HEIGHT),81,4,3,7,74,14,88
UTTARAKHAND,2011,FALL INTO PIT/MANHOLE,14,1,0,1,15,0,15
UTTARAKHAND,2011,FACTORY/MACHINE ACCIDENTS,8,0,0,0,7,1,8
UTTARAKHAND,2011,FIRE(FIREWORKS/CRACKERS),0,0,0,0,0,0,0
UTTARAKHAND,2011,FIRE(SHORT-CIRCUIT),7,0,0,0,6,1,7
UTTARAKHAND,2011,GAS CYLINDER/STOVE BURST,23,5,3,8,3,14,17
UTTARAKHAND,2011,OTHER FIRE ACCIDENTS,35,6,9,15,10,17,27
UTTARAKHAND,2011,FIRE-ARMS,9,0,1,1,11,3,14
UTTARAKHAND,2011,SUDDEN DEATHS(HEART ATTACKS),136,11,4,15,98,23,121
UTTARAKHAND,2011,EPILEPTIC FITS/GIDDINESS,2,0,0,0,2,0,2
UTTARAKHAND,2011,ABORTIONS/CHILD BIRTH,14,0,0,0,0,14,14
UTTARAKHAND,2011,INFLUENCE OF ALCOHOL,18,0,0,0,17,1,18
UTTARAKHAND,2011,KILLED BY ANIMALS,23,5,7,12,17,12,29
UTTARAKHAND,2011,MINES OR QUARY DISASTER,0,0,0,0,0,0,0
UTTARAKHAND,2011,FOOD POISIONING/ACCIDENTAL INTAKE OF INSECTICIDES ETC.,82,4,4,8,42,38,80
UTTARAKHAND,2011,SPURIOUS/POISIONOUS LIQUOR,6,0,0,0,6,0,6
UTTARAKHAND,2011,LEAKAGE OF POISINOUS GASES ETC.,0,0,0,0,0,0,0
UTTARAKHAND,2011,SNAKE BITE/ANIMAL BITE,1,0,0,0,1,0,1
UTTARAKHAND,2011,OTHER,66,2,1,3,46,47,93
UTTARAKHAND,2011,STAMPEDE,2,0,0,0,1,1,2
UTTARAKHAND,2011,SUFFOCATION,1,0,0,0,1,1,2
UTTARAKHAND,2011,TRAFFIC ACCIDENTS(ROAD ACCIDENTS),1495,1453,259,1712,775,147,922
UTTARAKHAND,2011,TRAFFIC ACCIDENTS(RAIL-ROAD ACCIDENTS),5,0,0,0,4,1,5
UTTARAKHAND,2011,OTHER RAILWAY ACCIDENTS,54,0,0,0,44,12,56
UTTARAKHAND,2011,OTHER,146,0,0,0,139,31,170
UTTARAKHAND,2011,CAUSES NOT KNOWN,92,1,0,1,77,20,97
UTTARAKHAND,2011,TOTAL,2612,1565,334,1899,1630,500,2130
UTTARAKHAND,2011,TOTAL COLLAPSE,28,13,6,19,24,22,46
UTTARAKHAND,2011,TOTAL DROWNING,228,53,35,88,180,69,249
UTTARAKHAND,2011,TOTAL EXPLOSION,6,1,2,3,3,4,7
UTTARAKHAND,2011,TOTAL FALLS,95,5,3,8,89,14,103
UTTARAKHAND,2011,TOTAL FIRE,65,11,12,23,19,32,51
UTTARAKHAND,2011,TOTAL SUDDEN DEATHS,170,11,4,15,117,38,155
UTTARAKHAND,2011,TOTAL POISONING,155,6,5,11,95,85,180
UTTARAKHAND,2011,TOTAL TRAFFIC ACCIDENTS,1554,1453,259,1712,823,160,983
UTTARAKHAND,2012,AIR-CRASH,0,0,0,0,0,0,0
UTTARAKHAND,2012,COLLAPSE OF STRUCTURE(HOUSE),1,2,0,2,1,0,1
UTTARAKHAND,2012,COLLAPSE OF STRUCTURE(BUILDING),0,0,0,0,0,0,0
UTTARAKHAND,2012,COLLAPSE OF STRUCTURE(DAM),0,0,0,0,0,0,0
UTTARAKHAND,2012,COLLAPSE OF STRUCTURE(BRIDGE),1,2,0,2,3,0,3
UTTARAKHAND,2012,COLLAPSE OF STRUCTURE(OTHERS),6,0,0,0,6,0,6
UTTARAKHAND,2012,DROWNING(BOAT CAPSIZE),0,0,0,0,0,0,0
UTTARAKHAND,2012,DROWNING(OTHER),172,15,2,17,162,25,187
UTTARAKHAND,2012,ELECTROCUTION,39,1,0,1,39,6,45
UTTARAKHAND,2012,EXPLOSION(BOMB EXPLOSION),0,0,0,0,0,0,0
UTTARAKHAND,2012,EXPLOSION(OTHER EXPLOSION LIKE BOIL,3,2,0,2,7,1,8
UTTARAKHAND,2012,FALLS(FALL FROM HEIGHT),75,8,3,11,61,13,74
UTTARAKHAND,2012,FALL INTO PIT/MANHOLE,11,0,0,0,10,1,11
UTTARAKHAND,2012,FACTORY/MACHINE ACCIDENTS,2,2,0,2,4,0,4
UTTARAKHAND,2012,FIRE(FIREWORKS/CRACKERS),1,0,0,0,1,0,1
UTTARAKHAND,2012,FIRE(SHORT-CIRCUIT),7,0,0,0,6,1,7
UTTARAKHAND,2012,GAS CYLINDER/STOVE BURST,86,2,0,2,35,56,91
UTTARAKHAND,2012,OTHER FIRE ACCIDENTS,55,3,0,3,48,17,65
UTTARAKHAND,2012,FIRE-ARMS,6,0,0,0,5,1,6
UTTARAKHAND,2012,SUDDEN DEATHS(HEART ATTACKS),117,2,0,2,109,11,120
UTTARAKHAND,2012,EPILEPTIC FITS/GIDDINESS,5,0,0,0,5,0,5
UTTARAKHAND,2012,ABORTIONS/CHILD BIRTH,9,0,0,0,0,9,9
UTTARAKHAND,2012,INFLUENCE OF ALCOHOL,17,0,0,0,17,0,17
UTTARAKHAND,2012,KILLED BY ANIMALS,20,0,0,0,19,1,20
UTTARAKHAND,2012,MINES OR QUARY DISASTER,0,0,0,0,0,0,0
UTTARAKHAND,2012,FOOD POISIONING/ACCIDENTAL INTAKE OF INSECTICIDES ETC.,196,20,10,30,109,102,211
UTTARAKHAND,2012,SPURIOUS/POISIONOUS LIQUOR,0,0,0,0,0,0,0
UTTARAKHAND,2012,LEAKAGE OF POISINOUS GASES ETC.,0,0,0,0,0,0,0
UTTARAKHAND,2012,SNAKE BITE/ANIMAL BITE,28,0,0,0,18,10,28
UTTARAKHAND,2012,OTHER,27,0,0,0,15,12,27
UTTARAKHAND,2012,STAMPEDE,0,0,0,0,0,0,0
UTTARAKHAND,2012,SUFFOCATION,4,0,0,0,1,3,4
UTTARAKHAND,2012,TRAFFIC ACCIDENTS(ROAD ACCIDENTS),1455,1264,313,1577,690,137,827
UTTARAKHAND,2012,TRAFFIC ACCIDENTS(RAIL-ROAD ACCIDENTS),17,0,0,0,15,2,17
UTTARAKHAND,2012,OTHER RAILWAY ACCIDENTS,70,5,6,11,61,17,78
UTTARAKHAND,2012,OTHER,233,10,0,10,181,43,224
UTTARAKHAND,2012,CAUSES NOT KNOWN,112,2,0,2,100,10,110
UTTARAKHAND,2012,TOTAL,2775,1340,334,1674,1728,478,2206
UTTARAKHAND,2012,TOTAL COLLAPSE,8,4,0,4,10,0,10
UTTARAKHAND,2012,TOTAL DROWNING,172,15,2,17,162,25,187
UTTARAKHAND,2012,TOTAL EXPLOSION,3,2,0,2,7,1,8
UTTARAKHAND,2012,TOTAL FALLS,86,8,3,11,71,14,85
UTTARAKHAND,2012,TOTAL FIRE,149,5,0,5,90,74,164
UTTARAKHAND,2012,TOTAL SUDDEN DEATHS,148,2,0,2,131,20,151
UTTARAKHAND,2012,TOTAL POISONING,251,20,10,30,142,124,266
UTTARAKHAND,2012,TOTAL TRAFFIC ACCIDENTS,1542,1269,319,1588,766,156,922
WEST BENGAL,2001,AIR-CRASH,0,0,0,0,0,0,0
WEST BENGAL,2001,COLLAPSE OF STRUCTURE(HOUSE),9,2,1,3,3,5,8
WEST BENGAL,2001,COLLAPSE OF STRUCTURE(BUILDING),4,15,2,17,6,1,7
WEST BENGAL,2001,COLLAPSE OF STRUCTURE(DAM),22,0,0,0,15,7,22
WEST BENGAL,2001,COLLAPSE OF STRUCTURE(BRIDGE),1,0,0,0,3,0,3
WEST BENGAL,2001,COLLAPSE OF STRUCTURE(OTHERS),13,6,0,6,12,2,14
WEST BENGAL,2001,DROWNING(BOAT CAPSIZE),59,7,0,7,42,18,60
WEST BENGAL,2001,DROWNING(OTHER),356,45,15,60,256,99,355
WEST BENGAL,2001,ELECTROCUTION,79,7,2,9,77,11,88
WEST BENGAL,2001,EXPLOSION(BOMB EXPLOSION),50,32,3,35,35,8,43
WEST BENGAL,2001,EXPLOSION(OTHER EXPLOSION LIKE BOILERS,,11,4,7,11,2,2,4
WEST BENGAL,2001,FALLS(FALL FROM HEIGHT),131,32,7,39,75,30,105
WEST BENGAL,2001,FALL INTO PIT/MANHOLE,7,3,0,3,2,2,4
WEST BENGAL,2001,FACTORY/MACHINE ACCIDENTS,14,1,0,1,11,2,13
WEST BENGAL,2001,FIRE(FIREWORKS/CRACKERS),12,10,4,14,1,1,2
WEST BENGAL,2001,FIRE(SHORT-CIRCUIT),14,6,1,7,7,0,7
WEST BENGAL,2001,GAS CYLINDER/STOVE BURST,193,34,46,80,15,120,135
WEST BENGAL,2001,OTHER FIRE ACCIDENTS,607,121,76,197,225,322,547
WEST BENGAL,2001,FIRE-ARMS,27,0,0,0,26,2,28
WEST BENGAL,2001,SUDDEN DEATHS(HEART ATTACKS),372,30,13,43,242,87,329
WEST BENGAL,2001,EPILEPTIC FITS/GIDDINESS,73,7,5,12,35,26,61
WEST BENGAL,2001,ABORTIONS/CHILD BIRTH,17,0,4,4,0,13,13
WEST BENGAL,2001,INFLUENCE OF ALCOHOL,95,28,10,38,59,4,63
WEST BENGAL,2001,KILLED BY ANIMALS,33,2,0,2,21,10,31
WEST BENGAL,2001,MINES OR QUARY DISASTER,0,0,0,0,0,0,0
WEST BENGAL,2001,FOOD POISIONING/ACCIDENTAL INTAKE OF INSECTICIDES ETC.,109,35,29,64,44,52,96
WEST BENGAL,2001,SPURIOUS/POISIONOUS LIQUOR,0,0,0,0,0,0,0
WEST BENGAL,2001,LEAKAGE OF POISINOUS GASES ETC.,0,0,0,0,0,0,0
WEST BENGAL,2001,SNAKE BITE/ANIMAL BITE,434,5,6,11,231,192,423
WEST BENGAL,2001,OTHER,926,74,54,128,448,392,840
WEST BENGAL,2001,STAMPEDE,0,0,0,0,0,0,0
WEST BENGAL,2001,SUFFOCATION,1,0,0,0,1,0,1
WEST BENGAL,2001,TRAFFIC ACCIDENTS(ROAD ACCIDENTS),11430,7952,3407,11359,2827,1132,3959
WEST BENGAL,2001,TRAFFIC ACCIDENTS(RAIL-ROAD ACCIDENTS),27,0,0,0,23,4,27
WEST BENGAL,2001,OTHER RAILWAY ACCIDENTS,2497,56,37,93,1933,515,2448
WEST BENGAL,2001,OTHER,276,17,13,30,128,131,259
WEST BENGAL,2001,CAUSES NOT KNOWN,2071,303,182,485,1182,477,1659
WEST BENGAL,2001,TOTAL,19970,8834,3924,12758,7987,3667,11654
WEST BENGAL,2001,TOTAL COLLAPSE,49,23,3,26,39,15,54
WEST BENGAL,2001,TOTAL DROWNING,415,52,15,67,298,117,415
WEST BENGAL,2001,TOTAL EXPLOSION,61,36,10,46,37,10,47
WEST BENGAL,2001,TOTAL FALLS,138,35,7,42,77,32,109
WEST BENGAL,2001,TOTAL FIRE,826,171,127,298,248,443,691
WEST BENGAL,2001,TOTAL SUDDEN DEATHS,557,65,32,97,336,130,466
WEST BENGAL,2001,TOTAL POISONING,1469,114,89,203,723,636,1359
WEST BENGAL,2001,TOTAL TRAFFIC ACCIDENTS,13954,8008,3444,11452,4783,1651,6434
WEST BENGAL,2002,AIR-CRASH,0,0,0,0,0,0,0
WEST BENGAL,2002,COLLAPSE OF STRUCTURE(HOUSE),10,4,2,6,5,3,8
WEST BENGAL,2002,COLLAPSE OF STRUCTURE(BUILDING),1,1,0,1,1,0,1
WEST BENGAL,2002,COLLAPSE OF STRUCTURE(DAM),0,0,0,0,0,0,0
WEST BENGAL,2002,COLLAPSE OF STRUCTURE(BRIDGE),0,0,0,0,0,0,0
WEST BENGAL,2002,COLLAPSE OF STRUCTURE(OTHERS),19,8,2,10,13,1,14
WEST BENGAL,2002,DROWNING(BOAT CAPSIZE),42,17,2,19,43,21,64
WEST BENGAL,2002,DROWNING(OTHER),426,17,7,24,301,123,424
WEST BENGAL,2002,ELECTROCUTION,109,4,2,6,86,23,109
WEST BENGAL,2002,EXPLOSION(BOMB EXPLOSION),43,33,8,41,21,2,23
WEST BENGAL,2002,EXPLOSION(OTHER EXPLOSION LIKE BOILERS, GAS CYLINDER ETC.),64,18,13,31,36,12,48
WEST BENGAL,2002,FALLS(FALL FROM HEIGHT),146,22,7,29,101,35,136
WEST BENGAL,2002,FALL INTO PIT/MANHOLE,10,1,1,2,7,2,9
WEST BENGAL,2002,FACTORY/MACHINE ACCIDENTS,10,5,2,7,4,0,4
WEST BENGAL,2002,FIRE(FIREWORKS/CRACKERS),30,24,15,39,2,3,5
WEST BENGAL,2002,FIRE(SHORT-CIRCUIT),36,8,8,16,17,6,23
WEST BENGAL,2002,GAS CYLINDER/STOVE BURST,96,12,39,51,9,54,63
WEST BENGAL,2002,OTHER FIRE ACCIDENTS,1040,65,63,128,289,671,960
WEST BENGAL,2002,FIRE-ARMS,27,7,0,7,21,0,21
WEST BENGAL,2002,SUDDEN DEATHS(HEART ATTACKS),419,45,30,75,261,85,346
WEST BENGAL,2002,EPILEPTIC FITS/GIDDINESS,68,14,10,24,29,19,48
WEST BENGAL,2002,ABORTIONS/CHILD BIRTH,24,0,8,8,0,16,16
WEST BENGAL,2002,INFLUENCE OF ALCOHOL,88,24,14,38,56,7,63
WEST BENGAL,2002,KILLED BY ANIMALS,29,4,2,6,19,9,28
WEST BENGAL,2002,MINES OR QUARY DISASTER,5,0,0,0,5,0,5
WEST BENGAL,2002,FOOD POISIONING/ACCIDENTAL INTAKE OF INSECTICIDES ETC.,257,33,28,61,121,112,233
WEST BENGAL,2002,SPURIOUS/POISIONOUS LIQUOR,0,0,0,0,0,0,0
WEST BENGAL,2002,LEAKAGE OF POISINOUS GASES ETC.,0,0,0,0,0,0,0
WEST BENGAL,2002,SNAKE BITE/ANIMAL BITE,167,7,4,11,97,61,158
WEST BENGAL,2002,OTHER,1171,82,38,120,606,529,1135
WEST BENGAL,2002,STAMPEDE,0,0,0,0,0,0,0
WEST BENGAL,2002,SUFFOCATION,3,8,0,8,4,0,4
WEST BENGAL,2002,TRAFFIC ACCIDENTS(ROAD ACCIDENTS),11237,9373,3273,12646,2989,1150,4139
WEST BENGAL,2002,TRAFFIC ACCIDENTS(RAIL-ROAD ACCIDENTS),3,5,5,10,12,2,14
WEST BENGAL,2002,OTHER RAILWAY ACCIDENTS,2535,31,28,59,1919,584,2503
WEST BENGAL,2002,OTHER,802,77,38,115,480,212,692
WEST BENGAL,2002,CAUSES NOT KNOWN,1846,370,153,523,1063,716,1779
WEST BENGAL,2002,TOTAL,20763,10319,3802,14121,8617,4458,13075
WEST BENGAL,2002,TOTAL COLLAPSE,30,13,4,17,19,4,23
WEST BENGAL,2002,TOTAL DROWNING,468,34,9,43,344,144,488
WEST BENGAL,2002,TOTAL EXPLOSION,107,51,21,72,57,14,71
WEST BENGAL,2002,TOTAL FALLS,156,23,8,31,108,37,145
WEST BENGAL,2002,TOTAL FIRE,1202,109,125,234,317,734,1051
WEST BENGAL,2002,TOTAL SUDDEN DEATHS,599,83,62,145,346,127,473
WEST BENGAL,2002,TOTAL POISONING,1595,122,70,192,824,702,1526
WEST BENGAL,2002,TOTAL TRAFFIC ACCIDENTS,13775,9409,3306,12715,4920,1736,6656
WEST BENGAL,2003,AIR-CRASH,2,1,0,1,1,0,1
WEST BENGAL,2003,COLLAPSE OF STRUCTURE(HOUSE),46,26,10,36,17,4,21
WEST BENGAL,2003,COLLAPSE OF STRUCTURE(BUILDING),10,0,0,0,9,1,10
WEST BENGAL,2003,COLLAPSE OF STRUCTURE(DAM),0,0,0,0,0,0,0
WEST BENGAL,2003,COLLAPSE OF STRUCTURE(BRIDGE),5,0,0,0,4,1,5
WEST BENGAL,2003,COLLAPSE OF STRUCTURE(OTHERS),50,24,4,28,25,10,35
WEST BENGAL,2003,DROWNING(BOAT CAPSIZE),15,1,2,3,20,5,25
WEST BENGAL,2003,DROWNING(OTHER),392,32,18,50,278,104,382
WEST BENGAL,2003,ELECTROCUTION,108,18,10,28,79,20,99
WEST BENGAL,2003,EXPLOSION(BOMB EXPLOSION),53,23,0,23,43,1,44
WEST BENGAL,2003,EXPLOSION(OTHER EXPLOSION LIKE BOILERS,,32,12,8,20,11,6,17
WEST BENGAL,2003,FALLS(FALL FROM HEIGHT),286,39,22,61,183,54,237
WEST BENGAL,2003,FALL INTO PIT/MANHOLE,56,18,4,22,30,4,34
WEST BENGAL,2003,FACTORY/MACHINE ACCIDENTS,45,11,1,12,36,2,38
WEST BENGAL,2003,FIRE(FIREWORKS/CRACKERS),33,18,8,26,14,8,22
WEST BENGAL,2003,FIRE(SHORT-CIRCUIT),50,8,1,9,39,5,44
WEST BENGAL,2003,GAS CYLINDER/STOVE BURST,54,6,19,25,3,29,32
WEST BENGAL,2003,OTHER FIRE ACCIDENTS,264,56,32,88,83,129,212
WEST BENGAL,2003,FIRE-ARMS,66,17,3,20,46,6,52
WEST BENGAL,2003,SUDDEN DEATHS(HEART ATTACKS),441,18,16,34,301,106,407
WEST BENGAL,2003,EPILEPTIC FITS/GIDDINESS,1,0,0,0,1,0,1
WEST BENGAL,2003,ABORTIONS/CHILD BIRTH,22,0,2,2,0,20,20
WEST BENGAL,2003,INFLUENCE OF ALCOHOL,53,12,3,15,37,2,39
WEST BENGAL,2003,KILLED BY ANIMALS,42,3,0,3,31,11,42
WEST BENGAL,2003,MINES OR QUARY DISASTER,2,0,0,0,2,0,2
WEST BENGAL,2003,FOOD POISIONING/ACCIDENTAL INTAKE OF INSECTICIDES ETC.,82,44,19,63,49,32,81
WEST BENGAL,2003,SPURIOUS/POISIONOUS LIQUOR,0,0,0,0,0,0,0
WEST BENGAL,2003,LEAKAGE OF POISINOUS GASES ETC.,1,1,0,1,0,0,0
WEST BENGAL,2003,SNAKE BITE/ANIMAL BITE,231,26,4,30,147,64,211
WEST BENGAL,2003,OTHER,336,30,22,52,173,147,320
WEST BENGAL,2003,STAMPEDE,0,0,0,0,0,0,0
WEST BENGAL,2003,SUFFOCATION,3,0,0,0,1,2,3
WEST BENGAL,2003,TRAFFIC ACCIDENTS(ROAD ACCIDENTS),11375,11215,2583,13798,3252,875,4127
WEST BENGAL,2003,TRAFFIC ACCIDENTS(RAIL-ROAD ACCIDENTS),194,1,0,1,133,61,194
WEST BENGAL,2003,OTHER RAILWAY ACCIDENTS,2217,0,1,1,1708,510,2218
WEST BENGAL,2003,OTHER,246,31,13,44,193,108,301
WEST BENGAL,2003,CAUSES NOT KNOWN,467,44,17,61,294,172,466
WEST BENGAL,2003,TOTAL,17280,11735,2822,14557,7243,2499,9742
WEST BENGAL,2003,TOTAL COLLAPSE,111,50,14,64,55,16,71
WEST BENGAL,2003,TOTAL DROWNING,407,33,20,53,298,109,407
WEST BENGAL,2003,TOTAL EXPLOSION,85,35,8,43,54,7,61
WEST BENGAL,2003,TOTAL FALLS,342,57,26,83,213,58,271
WEST BENGAL,2003,TOTAL FIRE,401,88,60,148,139,171,310
WEST BENGAL,2003,TOTAL SUDDEN DEATHS,517,30,21,51,339,128,467
WEST BENGAL,2003,TOTAL POISONING,650,101,45,146,369,243,612
WEST BENGAL,2003,TOTAL TRAFFIC ACCIDENTS,13786,11216,2584,13800,5093,1446,6539
WEST BENGAL,2004,AIR-CRASH,0,0,0,0,0,0,0
WEST BENGAL,2004,COLLAPSE OF STRUCTURE(HOUSE),15,0,1,1,7,7,14
WEST BENGAL,2004,COLLAPSE OF STRUCTURE(BUILDING),5,2,0,2,5,0,5
WEST BENGAL,2004,COLLAPSE OF STRUCTURE(DAM),0,0,0,0,0,0,0
WEST BENGAL,2004,COLLAPSE OF STRUCTURE(BRIDGE),0,0,0,0,0,0,0
WEST BENGAL,2004,COLLAPSE OF STRUCTURE(OTHERS),31,6,0,6,21,10,31
WEST BENGAL,2004,DROWNING(BOAT CAPSIZE),16,4,6,10,12,7,19
WEST BENGAL,2004,DROWNING(OTHER),450,115,71,186,288,105,393
WEST BENGAL,2004,ELECTROCUTION,117,27,5,32,99,23,122
WEST BENGAL,2004,EXPLOSION(BOMB EXPLOSION),39,18,2,20,44,4,48
WEST BENGAL,2004,EXPLOSION(OTHER EXPLOSION LIKE BOILERS,,24,10,5,15,14,8,22
WEST BENGAL,2004,FALLS(FALL FROM HEIGHT),182,27,7,34,125,38,163
WEST BENGAL,2004,FALL INTO PIT/MANHOLE,11,1,0,1,10,0,10
WEST BENGAL,2004,FACTORY/MACHINE ACCIDENTS,11,6,0,6,7,0,7
WEST BENGAL,2004,FIRE(FIREWORKS/CRACKERS),15,16,5,21,3,1,4
WEST BENGAL,2004,FIRE(SHORT-CIRCUIT),32,11,4,15,23,4,27
WEST BENGAL,2004,GAS CYLINDER/STOVE BURST,121,6,14,20,39,65,104
WEST BENGAL,2004,OTHER FIRE ACCIDENTS,405,35,22,57,159,254,413
WEST BENGAL,2004,FIRE-ARMS,42,25,5,30,42,5,47
WEST BENGAL,2004,SUDDEN DEATHS(HEART ATTACKS),656,134,58,192,361,108,469
WEST BENGAL,2004,EPILEPTIC FITS/GIDDINESS,3,1,0,1,2,0,2
WEST BENGAL,2004,ABORTIONS/CHILD BIRTH,20,0,2,2,0,18,18
WEST BENGAL,2004,INFLUENCE OF ALCOHOL,93,22,1,23,66,4,70
WEST BENGAL,2004,KILLED BY ANIMALS,47,4,0,4,29,17,46
WEST BENGAL,2004,MINES OR QUARY DISASTER,4,0,0,0,4,0,4
WEST BENGAL,2004,FOOD POISIONING/ACCIDENTAL INTAKE OF INSECTICIDES ETC.,138,16,14,30,76,56,132
WEST BENGAL,2004,SPURIOUS/POISIONOUS LIQUOR,13,5,0,5,5,3,8
WEST BENGAL,2004,LEAKAGE OF POISINOUS GASES ETC.,1,0,0,0,1,0,1
WEST BENGAL,2004,SNAKE BITE/ANIMAL BITE,174,16,7,23,105,54,159
WEST BENGAL,2004,OTHER,1167,45,19,64,661,481,1142
WEST BENGAL,2004,STAMPEDE,3,0,0,0,3,0,3
WEST BENGAL,2004,SUFFOCATION,0,0,0,0,0,0,0
WEST BENGAL,2004,TRAFFIC ACCIDENTS(ROAD ACCIDENTS),12152,10319,3505,13824,3145,1124,4269
WEST BENGAL,2004,TRAFFIC ACCIDENTS(RAIL-ROAD ACCIDENTS),1067,5,2,7,862,198,1060
WEST BENGAL,2004,OTHER RAILWAY ACCIDENTS,1185,0,0,0,859,326,1185
WEST BENGAL,2004,OTHER,565,68,39,107,347,126,473
WEST BENGAL,2004,CAUSES NOT KNOWN,612,121,62,183,420,139,559
WEST BENGAL,2004,TOTAL,19416,11065,3856,14921,7844,3185,11029
WEST BENGAL,2004,TOTAL COLLAPSE,51,8,1,9,33,17,50
WEST BENGAL,2004,TOTAL DROWNING,466,119,77,196,300,112,412
WEST BENGAL,2004,TOTAL EXPLOSION,63,28,7,35,58,12,70
WEST BENGAL,2004,TOTAL FALLS,193,28,7,35,135,38,173
WEST BENGAL,2004,TOTAL FIRE,573,68,45,113,224,324,548
WEST BENGAL,2004,TOTAL SUDDEN DEATHS,772,157,61,218,429,130,559
WEST BENGAL,2004,TOTAL POISONING,1493,82,40,122,848,594,1442
WEST BENGAL,2004,TOTAL TRAFFIC ACCIDENTS,14404,10324,3507,13831,4866,1648,6514
WEST BENGAL,2005,AIR-CRASH,0,0,0,0,0,0,0
WEST BENGAL,2005,COLLAPSE OF STRUCTURE(HOUSE),10,3,1,4,5,3,8
WEST BENGAL,2005,COLLAPSE OF STRUCTURE(BUILDING),6,3,0,3,5,2,7
WEST BENGAL,2005,COLLAPSE OF STRUCTURE(DAM),0,0,0,0,0,0,0
WEST BENGAL,2005,COLLAPSE OF STRUCTURE(BRIDGE),163,0,0,0,131,32,163
WEST BENGAL,2005,COLLAPSE OF STRUCTURE(OTHERS),81,10,0,10,54,27,81
WEST BENGAL,2005,DROWNING(BOAT CAPSIZE),8,22,6,28,12,7,19
WEST BENGAL,2005,DROWNING(OTHER),437,54,23,77,325,102,427
WEST BENGAL,2005,ELECTROCUTION,115,44,18,62,89,18,107
WEST BENGAL,2005,EXPLOSION(BOMB EXPLOSION),34,45,5,50,9,2,11
WEST BENGAL,2005,EXPLOSION(OTHER EXPLOSION LIKE BOILERS,,62,36,17,53,31,19,50
WEST BENGAL,2005,FALLS(FALL FROM HEIGHT),130,25,9,34,103,25,128
WEST BENGAL,2005,FALL INTO PIT/MANHOLE,5,2,0,2,3,0,3
WEST BENGAL,2005,FACTORY/MACHINE ACCIDENTS,13,8,0,8,6,0,6
WEST BENGAL,2005,FIRE(FIREWORKS/CRACKERS),26,20,6,26,6,0,6
WEST BENGAL,2005,FIRE(SHORT-CIRCUIT),69,38,8,46,24,8,32
WEST BENGAL,2005,GAS CYLINDER/STOVE BURST,46,9,15,24,12,25,37
WEST BENGAL,2005,OTHER FIRE ACCIDENTS,277,54,26,80,77,184,261
WEST BENGAL,2005,FIRE-ARMS,68,47,9,56,53,1,54
WEST BENGAL,2005,SUDDEN DEATHS(HEART ATTACKS),658,130,54,184,407,105,512
WEST BENGAL,2005,EPILEPTIC FITS/GIDDINESS,7,0,0,0,5,2,7
WEST BENGAL,2005,ABORTIONS/CHILD BIRTH,29,0,0,0,0,29,29
WEST BENGAL,2005,INFLUENCE OF ALCOHOL,126,81,2,83,55,4,59
WEST BENGAL,2005,KILLED BY ANIMALS,60,12,1,13,68,9,77
WEST BENGAL,2005,MINES OR QUARY DISASTER,15,11,7,18,3,3,6
WEST BENGAL,2005,FOOD POISIONING/ACCIDENTAL INTAKE OF INSECTICIDES ETC.,123,7,4,11,56,56,112
WEST BENGAL,2005,SPURIOUS/POISIONOUS LIQUOR,11,2,0,2,6,3,9
WEST BENGAL,2005,LEAKAGE OF POISINOUS GASES ETC.,9,5,0,5,4,0,4
WEST BENGAL,2005,SNAKE BITE/ANIMAL BITE,181,38,22,60,77,56,133
WEST BENGAL,2005,OTHER,554,91,58,149,278,221,499
WEST BENGAL,2005,STAMPEDE,0,0,0,0,0,0,0
WEST BENGAL,2005,SUFFOCATION,1,0,0,0,0,1,1
WEST BENGAL,2005,TRAFFIC ACCIDENTS(ROAD ACCIDENTS),12181,11194,3193,14387,3407,957,4364
WEST BENGAL,2005,TRAFFIC ACCIDENTS(RAIL-ROAD ACCIDENTS),1128,402,204,606,460,62,522
WEST BENGAL,2005,OTHER RAILWAY ACCIDENTS,2113,7,6,13,1679,421,2100
WEST BENGAL,2005,OTHER,407,76,44,120,222,93,315
WEST BENGAL,2005,CAUSES NOT KNOWN,917,66,33,99,525,395,920
WEST BENGAL,2005,TOTAL,20070,12542,3771,16313,8197,2872,11069
WEST BENGAL,2005,TOTAL COLLAPSE,260,16,1,17,195,64,259
WEST BENGAL,2005,TOTAL DROWNING,445,76,29,105,337,109,446
WEST BENGAL,2005,TOTAL EXPLOSION,96,81,22,103,40,21,61
WEST BENGAL,2005,TOTAL FALLS,135,27,9,36,106,25,131
WEST BENGAL,2005,TOTAL FIRE,418,121,55,176,119,217,336
WEST BENGAL,2005,TOTAL SUDDEN DEATHS,820,211,56,267,467,140,607
WEST BENGAL,2005,TOTAL POISONING,878,143,84,227,421,336,757
WEST BENGAL,2005,TOTAL TRAFFIC ACCIDENTS,15422,11603,3403,15006,5546,1440,6986
WEST BENGAL,2006,AIR-CRASH,0,0,0,0,0,0,0
WEST BENGAL,2006,COLLAPSE OF STRUCTURE(HOUSE),17,5,1,6,8,7,15
WEST BENGAL,2006,COLLAPSE OF STRUCTURE(BUILDING),3,0,1,1,2,0,2
WEST BENGAL,2006,COLLAPSE OF STRUCTURE(DAM),0,0,0,0,0,0,0
WEST BENGAL,2006,COLLAPSE OF STRUCTURE(BRIDGE),1,0,0,0,2,0,2
WEST BENGAL,2006,COLLAPSE OF STRUCTURE(OTHERS),13,13,0,13,6,2,8
WEST BENGAL,2006,DROWNING(BOAT CAPSIZE),6,0,0,0,9,3,12
WEST BENGAL,2006,DROWNING(OTHER),404,18,9,27,337,98,435
WEST BENGAL,2006,ELECTROCUTION,89,13,5,18,75,16,91
WEST BENGAL,2006,EXPLOSION(BOMB EXPLOSION),38,52,29,81,34,2,36
WEST BENGAL,2006,EXPLOSION(OTHER EXPLOSION LIKE BOIL,59,46,24,70,32,11,43
WEST BENGAL,2006,FALLS(FALL FROM HEIGHT),124,16,10,26,104,33,137
WEST BENGAL,2006,FALL INTO PIT/MANHOLE,8,3,1,4,4,0,4
WEST BENGAL,2006,FACTORY/MACHINE ACCIDENTS,31,30,3,33,8,1,9
WEST BENGAL,2006,FIRE(FIREWORKS/CRACKERS),30,23,8,31,7,4,11
WEST BENGAL,2006,FIRE(SHORT-CIRCUIT),60,40,7,47,15,12,27
WEST BENGAL,2006,GAS CYLINDER/STOVE BURST,81,13,19,32,3,47,50
WEST BENGAL,2006,OTHER FIRE ACCIDENTS,477,159,182,341,131,314,445
WEST BENGAL,2006,FIRE-ARMS,32,11,2,13,29,2,31
WEST BENGAL,2006,SUDDEN DEATHS(HEART ATTACKS),719,125,60,185,411,123,534
WEST BENGAL,2006,EPILEPTIC FITS/GIDDINESS,10,0,0,0,7,3,10
WEST BENGAL,2006,ABORTIONS/CHILD BIRTH,18,0,0,0,0,18,18
WEST BENGAL,2006,INFLUENCE OF ALCOHOL,104,106,1,107,36,0,36
WEST BENGAL,2006,KILLED BY ANIMALS,52,23,7,30,61,9,70
WEST BENGAL,2006,MINES OR QUARY DISASTER,0,0,0,0,0,0,0
WEST BENGAL,2006,FOOD POISIONING/ACCIDENTAL INTAKE OF INSECTICIDES ETC.,274,206,348,554,134,93,227
WEST BENGAL,2006,SPURIOUS/POISIONOUS LIQUOR,5,2,0,2,3,1,4
WEST BENGAL,2006,LEAKAGE OF POISINOUS GASES ETC.,1,5,2,7,0,0,0
WEST BENGAL,2006,SNAKE BITE/ANIMAL BITE,439,18,11,29,260,170,430
WEST BENGAL,2006,OTHER,537,73,54,127,296,224,520
WEST BENGAL,2006,STAMPEDE,1,8,3,11,1,1,2
WEST BENGAL,2006,SUFFOCATION,13,0,0,0,6,7,13
WEST BENGAL,2006,TRAFFIC ACCIDENTS(ROAD ACCIDENTS),13085,11909,2629,14538,3583,974,4557
WEST BENGAL,2006,TRAFFIC ACCIDENTS(RAIL-ROAD ACCIDENTS),573,27,11,38,415,121,536
WEST BENGAL,2006,OTHER RAILWAY ACCIDENTS,1962,0,0,0,1591,391,1982
WEST BENGAL,2006,OTHER,12,0,0,0,13,5,18
WEST BENGAL,2006,CAUSES NOT KNOWN,572,31,12,43,443,200,643
WEST BENGAL,2006,TOTAL,19850,12975,3439,16414,8066,2892,10958
WEST BENGAL,2006,TOTAL COLLAPSE,34,18,2,20,18,9,27
WEST BENGAL,2006,TOTAL DROWNING,410,18,9,27,346,101,447
WEST BENGAL,2006,TOTAL EXPLOSION,97,98,53,151,66,13,79
WEST BENGAL,2006,TOTAL FALLS,132,19,11,30,108,33,141
WEST BENGAL,2006,TOTAL FIRE,648,235,216,451,156,377,533
WEST BENGAL,2006,TOTAL SUDDEN DEATHS,851,231,61,292,454,144,598
WEST BENGAL,2006,TOTAL POISONING,1256,304,415,719,693,488,1181
WEST BENGAL,2006,TOTAL TRAFFIC ACCIDENTS,15620,11936,2640,14576,5589,1486,7075
WEST BENGAL,2007,AIR-CRASH,0,0,0,0,0,0,0
WEST BENGAL,2007,COLLAPSE OF STRUCTURE(HOUSE),19,10,1,11,5,4,9
WEST BENGAL,2007,COLLAPSE OF STRUCTURE(BUILDING),6,2,1,3,3,1,4
WEST BENGAL,2007,COLLAPSE OF STRUCTURE(DAM),0,0,0,0,0,0,0
WEST BENGAL,2007,COLLAPSE OF STRUCTURE(BRIDGE),0,0,0,0,0,0,0
WEST BENGAL,2007,COLLAPSE OF STRUCTURE(OTHERS),23,13,1,14,11,3,14
WEST BENGAL,2007,DROWNING(BOAT CAPSIZE),5,0,0,0,7,2,9
WEST BENGAL,2007,DROWNING(OTHER),472,77,29,106,299,139,438
WEST BENGAL,2007,ELECTROCUTION,134,22,4,26,105,21,126
WEST BENGAL,2007,EXPLOSION(BOMB EXPLOSION),141,78,11,89,21,1,22
WEST BENGAL,2007,EXPLOSION(OTHER EXPLOSION LIKE BOIL,31,35,16,51,12,11,23
WEST BENGAL,2007,FALLS(FALL FROM HEIGHT),157,16,5,21,103,40,143
WEST BENGAL,2007,FALL INTO PIT/MANHOLE,15,1,0,1,7,7,14
WEST BENGAL,2007,FACTORY/MACHINE ACCIDENTS,33,20,5,25,21,5,26
WEST BENGAL,2007,FIRE(FIREWORKS/CRACKERS),39,31,12,43,10,5,15
WEST BENGAL,2007,FIRE(SHORT-CIRCUIT),66,29,5,34,24,7,31
WEST BENGAL,2007,GAS CYLINDER/STOVE BURST,65,9,29,38,6,45,51
WEST BENGAL,2007,OTHER FIRE ACCIDENTS,417,50,35,85,76,260,336
WEST BENGAL,2007,FIRE-ARMS,37,18,5,23,27,2,29
WEST BENGAL,2007,SUDDEN DEATHS(HEART ATTACKS),835,198,119,317,417,228,645
WEST BENGAL,2007,EPILEPTIC FITS/GIDDINESS,26,0,0,0,21,5,26
WEST BENGAL,2007,ABORTIONS/CHILD BIRTH,32,0,2,2,0,30,30
WEST BENGAL,2007,INFLUENCE OF ALCOHOL,157,76,0,76,81,0,81
WEST BENGAL,2007,KILLED BY ANIMALS,40,22,5,27,13,6,19
WEST BENGAL,2007,MINES OR QUARY DISASTER,4,0,0,0,4,0,4
WEST BENGAL,2007,FOOD POISIONING/ACCIDENTAL INTAKE OF INSECTICIDES ETC.,122,32,22,54,54,56,110
WEST BENGAL,2007,SPURIOUS/POISIONOUS LIQUOR,388,62,25,87,182,143,325
WEST BENGAL,2007,LEAKAGE OF POISINOUS GASES ETC.,3,6,2,8,1,2,3
WEST BENGAL,2007,SNAKE BITE/ANIMAL BITE,328,86,59,145,126,80,206
WEST BENGAL,2007,OTHER,889,79,32,111,447,385,832
WEST BENGAL,2007,STAMPEDE,0,0,0,0,0,0,0
WEST BENGAL,2007,SUFFOCATION,11,0,0,0,5,6,11
WEST BENGAL,2007,TRAFFIC ACCIDENTS(ROAD ACCIDENTS),13954,11495,2980,14475,3972,947,4919
WEST BENGAL,2007,TRAFFIC ACCIDENTS(RAIL-ROAD ACCIDENTS),1062,2,3,5,835,224,1059
WEST BENGAL,2007,OTHER RAILWAY ACCIDENTS,1842,7,2,9,1481,366,1847
WEST BENGAL,2007,OTHER,1566,103,99,202,743,551,1294
WEST BENGAL,2007,CAUSES NOT KNOWN,1447,127,83,210,957,353,1310
WEST BENGAL,2007,TOTAL,24366,12706,3592,16298,10076,3935,14011
WEST BENGAL,2007,TOTAL COLLAPSE,48,25,3,28,19,8,27
WEST BENGAL,2007,TOTAL DROWNING,477,77,29,106,306,141,447
WEST BENGAL,2007,TOTAL EXPLOSION,172,113,27,140,33,12,45
WEST BENGAL,2007,TOTAL FALLS,172,17,5,22,110,47,157
WEST BENGAL,2007,TOTAL FIRE,587,119,81,200,116,317,433
WEST BENGAL,2007,TOTAL SUDDEN DEATHS,1050,274,121,395,519,263,782
WEST BENGAL,2007,TOTAL POISONING,1730,265,140,405,810,666,1476
WEST BENGAL,2007,TOTAL TRAFFIC ACCIDENTS,16858,11504,2985,14489,6288,1537,7825
WEST BENGAL,2008,AIR-CRASH,0,0,0,0,0,0,0
WEST BENGAL,2008,COLLAPSE OF STRUCTURE(HOUSE),25,10,9,19,8,5,13
WEST BENGAL,2008,COLLAPSE OF STRUCTURE(BUILDING),10,3,2,5,7,2,9
WEST BENGAL,2008,COLLAPSE OF STRUCTURE(DAM),0,0,0,0,0,0,0
WEST BENGAL,2008,COLLAPSE OF STRUCTURE(BRIDGE),7,0,0,0,5,2,7
WEST BENGAL,2008,COLLAPSE OF STRUCTURE(OTHERS),23,11,0,11,15,6,21
WEST BENGAL,2008,DROWNING(BOAT CAPSIZE),7,0,0,0,5,6,11
WEST BENGAL,2008,DROWNING(OTHER),539,62,24,86,396,153,549
WEST BENGAL,2008,ELECTROCUTION,75,21,3,24,46,11,57
WEST BENGAL,2008,EXPLOSION(BOMB EXPLOSION),236,182,4,186,28,2,30
WEST BENGAL,2008,EXPLOSION(OTHER EXPLOSION LIKE BOIL,34,8,14,22,19,6,25
WEST BENGAL,2008,FALLS(FALL FROM HEIGHT),99,18,7,25,76,29,105
WEST BENGAL,2008,FALL INTO PIT/MANHOLE,6,3,1,4,1,1,2
WEST BENGAL,2008,FACTORY/MACHINE ACCIDENTS,20,18,0,18,6,0,6
WEST BENGAL,2008,FIRE(FIREWORKS/CRACKERS),34,33,13,46,2,1,3
WEST BENGAL,2008,FIRE(SHORT-CIRCUIT),60,32,3,35,20,2,22
WEST BENGAL,2008,GAS CYLINDER/STOVE BURST,45,11,16,27,1,15,16
WEST BENGAL,2008,OTHER FIRE ACCIDENTS,575,53,24,77,107,395,502
WEST BENGAL,2008,FIRE-ARMS,54,29,3,32,37,3,40
WEST BENGAL,2008,SUDDEN DEATHS(HEART ATTACKS),779,138,66,204,359,218,577
WEST BENGAL,2008,EPILEPTIC FITS/GIDDINESS,6,0,0,0,0,6,6
WEST BENGAL,2008,ABORTIONS/CHILD BIRTH,28,0,1,1,0,27,27
WEST BENGAL,2008,INFLUENCE OF ALCOHOL,128,74,0,74,58,20,78
WEST BENGAL,2008,KILLED BY ANIMALS,28,14,4,18,14,6,20
WEST BENGAL,2008,MINES OR QUARY DISASTER,7,7,0,7,2,1,3
WEST BENGAL,2008,FOOD POISIONING/ACCIDENTAL INTAKE OF INSECTICIDES ETC.,70,15,14,29,30,20,50
WEST BENGAL,2008,SPURIOUS/POISIONOUS LIQUOR,393,60,32,92,183,152,335
WEST BENGAL,2008,LEAKAGE OF POISINOUS GASES ETC.,2,5,0,5,10,6,16
WEST BENGAL,2008,SNAKE BITE/ANIMAL BITE,322,85,57,142,126,76,202
WEST BENGAL,2008,OTHER,846,50,33,83,414,388,802
WEST BENGAL,2008,STAMPEDE,0,0,0,0,0,0,0
WEST BENGAL,2008,SUFFOCATION,7,0,0,0,4,3,7
WEST BENGAL,2008,TRAFFIC ACCIDENTS(ROAD ACCIDENTS),11547,10957,2538,13495,3842,897,4739
WEST BENGAL,2008,TRAFFIC ACCIDENTS(RAIL-ROAD ACCIDENTS),606,4,3,7,485,115,600
WEST BENGAL,2008,OTHER RAILWAY ACCIDENTS,1890,0,0,0,1507,383,1890
WEST BENGAL,2008,OTHER,1041,120,82,202,569,358,927
WEST BENGAL,2008,CAUSES NOT KNOWN,976,153,74,227,552,198,750
WEST BENGAL,2008,TOTAL,20525,12176,3027,15203,8934,3513,12447
WEST BENGAL,2008,TOTAL COLLAPSE,65,24,11,35,35,15,50
WEST BENGAL,2008,TOTAL DROWNING,546,62,24,86,401,159,560
WEST BENGAL,2008,TOTAL EXPLOSION,270,190,18,208,47,8,55
WEST BENGAL,2008,TOTAL FALLS,105,21,8,29,77,30,107
WEST BENGAL,2008,TOTAL FIRE,714,129,56,185,130,413,543
WEST BENGAL,2008,TOTAL SUDDEN DEATHS,941,212,67,279,417,271,688
WEST BENGAL,2008,TOTAL POISONING,1633,215,136,351,763,642,1405
WEST BENGAL,2008,TOTAL TRAFFIC ACCIDENTS,14043,10961,2541,13502,5834,1395,7229
WEST BENGAL,2009,AIR-CRASH,0,0,0,0,0,0,0
WEST BENGAL,2009,COLLAPSE OF STRUCTURE(HOUSE),18,7,7,14,7,3,10
WEST BENGAL,2009,COLLAPSE OF STRUCTURE(BUILDING),8,1,2,3,5,0,5
WEST BENGAL,2009,COLLAPSE OF STRUCTURE(DAM),0,0,0,0,0,0,0
WEST BENGAL,2009,COLLAPSE OF STRUCTURE(BRIDGE),7,0,0,0,5,2,7
WEST BENGAL,2009,COLLAPSE OF STRUCTURE(OTHERS),30,13,3,16,15,6,21
WEST BENGAL,2009,DROWNING(BOAT CAPSIZE),6,0,0,0,4,2,6
WEST BENGAL,2009,DROWNING(OTHER),471,60,29,89,392,173,565
WEST BENGAL,2009,ELECTROCUTION,99,12,4,16,75,24,99
WEST BENGAL,2009,EXPLOSION(BOMB EXPLOSION),38,27,4,31,32,2,34
WEST BENGAL,2009,EXPLOSION(OTHER EXPLOSION LIKE BOIL,37,15,15,30,22,6,28
WEST BENGAL,2009,FALLS(FALL FROM HEIGHT),116,18,4,22,106,22,128
WEST BENGAL,2009,FALL INTO PIT/MANHOLE,19,1,0,1,18,5,23
WEST BENGAL,2009,FACTORY/MACHINE ACCIDENTS,22,17,1,18,8,1,9
WEST BENGAL,2009,FIRE(FIREWORKS/CRACKERS),47,28,20,48,13,10,23
WEST BENGAL,2009,FIRE(SHORT-CIRCUIT),86,41,5,46,32,13,45
WEST BENGAL,2009,GAS CYLINDER/STOVE BURST,68,4,21,25,5,53,58
WEST BENGAL,2009,OTHER FIRE ACCIDENTS,380,47,29,76,70,203,273
WEST BENGAL,2009,FIRE-ARMS,53,16,1,17,44,1,45
WEST BENGAL,2009,SUDDEN DEATHS(HEART ATTACKS),846,141,54,195,479,170,649
WEST BENGAL,2009,EPILEPTIC FITS/GIDDINESS,4,2,0,2,0,2,2
WEST BENGAL,2009,ABORTIONS/CHILD BIRTH,31,0,0,0,0,31,31
WEST BENGAL,2009,INFLUENCE OF ALCOHOL,96,45,0,45,47,1,48
WEST BENGAL,2009,KILLED BY ANIMALS,70,11,6,17,37,25,62
WEST BENGAL,2009,MINES OR QUARY DISASTER,31,0,0,0,20,11,31
WEST BENGAL,2009,FOOD POISIONING/ACCIDENTAL INTAKE OF INSECTICIDES ETC.,231,21,12,33,119,110,229
WEST BENGAL,2009,SPURIOUS/POISIONOUS LIQUOR,109,21,10,31,83,53,136
WEST BENGAL,2009,LEAKAGE OF POISINOUS GASES ETC.,0,0,0,0,0,0,0
WEST BENGAL,2009,SNAKE BITE/ANIMAL BITE,222,68,41,109,119,93,212
WEST BENGAL,2009,OTHER,829,93,51,144,502,361,863
WEST BENGAL,2009,STAMPEDE,0,0,0,0,0,0,0
WEST BENGAL,2009,SUFFOCATION,62,0,0,0,39,29,68
WEST BENGAL,2009,TRAFFIC ACCIDENTS(ROAD ACCIDENTS),13959,11531,2979,14510,4131,883,5014
WEST BENGAL,2009,TRAFFIC ACCIDENTS(RAIL-ROAD ACCIDENTS),20,12,2,14,17,4,21
WEST BENGAL,2009,OTHER RAILWAY ACCIDENTS,2602,3,1,4,2075,529,2604
WEST BENGAL,2009,OTHER,1101,118,26,144,723,383,1106
WEST BENGAL,2009,CAUSES NOT KNOWN,1040,171,74,245,627,283,910
WEST BENGAL,2009,TOTAL,22758,12544,3401,15945,9871,3494,13365
WEST BENGAL,2009,TOTAL COLLAPSE,63,21,12,33,32,11,43
WEST BENGAL,2009,TOTAL DROWNING,477,60,29,89,396,175,571
WEST BENGAL,2009,TOTAL EXPLOSION,75,42,19,61,54,8,62
WEST BENGAL,2009,TOTAL FALLS,135,19,4,23,124,27,151
WEST BENGAL,2009,TOTAL FIRE,581,120,75,195,120,279,399
WEST BENGAL,2009,TOTAL SUDDEN DEATHS,977,188,54,242,526,204,730
WEST BENGAL,2009,TOTAL POISONING,1391,203,114,317,823,617,1440
WEST BENGAL,2009,TOTAL TRAFFIC ACCIDENTS,16581,11546,2982,14528,6223,1416,7639
WEST BENGAL,2010,AIR-CRASH,1,0,0,0,1,0,1
WEST BENGAL,2010,COLLAPSE OF STRUCTURE(HOUSE),11,6,1,7,5,2,7
WEST BENGAL,2010,COLLAPSE OF STRUCTURE(BUILDING),11,1,3,4,7,0,7
WEST BENGAL,2010,COLLAPSE OF STRUCTURE(DAM),0,0,0,0,0,0,0
WEST BENGAL,2010,COLLAPSE OF STRUCTURE(BRIDGE),0,0,0,0,0,0,0
WEST BENGAL,2010,COLLAPSE OF STRUCTURE(OTHERS),41,19,6,25,16,4,20
WEST BENGAL,2010,DROWNING(BOAT CAPSIZE),5,5,10,15,5,2,7
WEST BENGAL,2010,DROWNING(OTHER),478,52,27,79,392,141,533
WEST BENGAL,2010,ELECTROCUTION,93,10,6,16,80,13,93
WEST BENGAL,2010,EXPLOSION(BOMB EXPLOSION),31,19,2,21,27,1,28
WEST BENGAL,2010,EXPLOSION(OTHER EXPLOSION LIKE BOIL,23,9,2,11,12,2,14
WEST BENGAL,2010,FALLS(FALL FROM HEIGHT),151,31,4,35,127,27,154
WEST BENGAL,2010,FALL INTO PIT/MANHOLE,18,6,1,7,10,2,12
WEST BENGAL,2010,FACTORY/MACHINE ACCIDENTS,24,12,1,13,12,1,13
WEST BENGAL,2010,FIRE(FIREWORKS/CRACKERS),62,29,30,59,12,15,27
WEST BENGAL,2010,FIRE(SHORT-CIRCUIT),75,38,16,54,29,4,33
WEST BENGAL,2010,GAS CYLINDER/STOVE BURST,79,8,23,31,16,75,91
WEST BENGAL,2010,OTHER FIRE ACCIDENTS,554,107,115,222,152,399,551
WEST BENGAL,2010,FIRE-ARMS,40,11,2,13,27,1,28
WEST BENGAL,2010,SUDDEN DEATHS(HEART ATTACKS),720,89,46,135,418,167,585
WEST BENGAL,2010,EPILEPTIC FITS/GIDDINESS,22,0,0,0,15,7,22
WEST BENGAL,2010,ABORTIONS/CHILD BIRTH,38,0,9,9,0,29,29
WEST BENGAL,2010,INFLUENCE OF ALCOHOL,68,41,0,41,32,0,32
WEST BENGAL,2010,KILLED BY ANIMALS,57,3,1,4,36,19,55
WEST BENGAL,2010,MINES OR QUARY DISASTER,2,0,0,0,1,1,2
WEST BENGAL,2010,FOOD POISIONING/ACCIDENTAL INTAKE OF INSECTICIDES ETC.,229,19,8,27,132,106,238
WEST BENGAL,2010,SPURIOUS/POISIONOUS LIQUOR,89,16,7,23,60,28,88
WEST BENGAL,2010,LEAKAGE OF POISINOUS GASES ETC.,0,0,0,0,0,0,0
WEST BENGAL,2010,SNAKE BITE/ANIMAL BITE,218,33,21,54,102,88,190
WEST BENGAL,2010,OTHER,829,80,73,153,465,366,831
WEST BENGAL,2010,STAMPEDE,1,0,0,0,1,6,7
WEST BENGAL,2010,SUFFOCATION,111,0,0,0,55,57,112
WEST BENGAL,2010,TRAFFIC ACCIDENTS(ROAD ACCIDENTS),14725,12545,3563,16108,4309,1161,5470
WEST BENGAL,2010,TRAFFIC ACCIDENTS(RAIL-ROAD ACCIDENTS),0,0,0,0,0,0,0
WEST BENGAL,2010,OTHER RAILWAY ACCIDENTS,2646,0,0,0,2160,487,2647
WEST BENGAL,2010,OTHER,602,116,28,144,407,186,593
WEST BENGAL,2010,CAUSES NOT KNOWN,3088,979,626,1605,2060,903,2963
WEST BENGAL,2010,TOTAL,25142,14284,4631,18915,11183,4300,15483
WEST BENGAL,2010,TOTAL COLLAPSE,63,26,10,36,28,6,34
WEST BENGAL,2010,TOTAL DROWNING,483,57,37,94,397,143,540
WEST BENGAL,2010,TOTAL EXPLOSION,54,28,4,32,39,3,42
WEST BENGAL,2010,TOTAL FALLS,169,37,5,42,137,29,166
WEST BENGAL,2010,TOTAL FIRE,770,182,184,366,209,493,702
WEST BENGAL,2010,TOTAL SUDDEN DEATHS,848,130,55,185,465,203,668
WEST BENGAL,2010,TOTAL POISONING,1365,148,109,257,759,588,1347
WEST BENGAL,2010,TOTAL TRAFFIC ACCIDENTS,17371,12545,3563,16108,6469,1648,8117
WEST BENGAL,2011,AIR-CRASH,0,0,0,0,0,0,0
WEST BENGAL,2011,COLLAPSE OF STRUCTURE(HOUSE),16,6,4,10,5,5,10
WEST BENGAL,2011,COLLAPSE OF STRUCTURE(BUILDING),8,2,1,3,3,0,3
WEST BENGAL,2011,COLLAPSE OF STRUCTURE(DAM),0,0,0,0,0,0,0
WEST BENGAL,2011,COLLAPSE OF STRUCTURE(BRIDGE),34,0,0,0,16,18,34
WEST BENGAL,2011,COLLAPSE OF STRUCTURE(OTHERS),43,14,5,19,22,6,28
WEST BENGAL,2011,DROWNING(BOAT CAPSIZE),26,14,7,21,19,9,28
WEST BENGAL,2011,DROWNING(OTHER),671,88,41,129,495,192,687
WEST BENGAL,2011,ELECTROCUTION,152,16,5,21,135,21,156
WEST BENGAL,2011,EXPLOSION(BOMB EXPLOSION),24,10,2,12,7,2,9
WEST BENGAL,2011,EXPLOSION(OTHER EXPLOSION LIKE BOIL,27,12,4,16,21,7,28
WEST BENGAL,2011,FALLS(FALL FROM HEIGHT),129,14,4,18,108,27,135
WEST BENGAL,2011,FALL INTO PIT/MANHOLE,11,1,0,1,9,2,11
WEST BENGAL,2011,FACTORY/MACHINE ACCIDENTS,34,12,1,13,28,5,33
WEST BENGAL,2011,FIRE(FIREWORKS/CRACKERS),40,25,12,37,10,3,13
WEST BENGAL,2011,FIRE(SHORT-CIRCUIT),73,27,7,34,37,5,42
WEST BENGAL,2011,GAS CYLINDER/STOVE BURST,73,10,8,18,10,57,67
WEST BENGAL,2011,OTHER FIRE ACCIDENTS,353,103,58,161,139,282,421
WEST BENGAL,2011,FIRE-ARMS,50,15,4,19,31,1,32
WEST BENGAL,2011,SUDDEN DEATHS(HEART ATTACKS),916,141,61,202,507,237,744
WEST BENGAL,2011,EPILEPTIC FITS/GIDDINESS,30,0,0,0,19,11,30
WEST BENGAL,2011,ABORTIONS/CHILD BIRTH,43,0,15,15,0,26,26
WEST BENGAL,2011,INFLUENCE OF ALCOHOL,90,36,0,36,41,1,42
WEST BENGAL,2011,KILLED BY ANIMALS,62,2,1,3,48,11,59
WEST BENGAL,2011,MINES OR QUARY DISASTER,3,0,0,0,3,0,3
WEST BENGAL,2011,FOOD POISIONING/ACCIDENTAL INTAKE OF INSECTICIDES ETC.,404,38,15,53,277,118,395
WEST BENGAL,2011,SPURIOUS/POISIONOUS LIQUOR,3,3,1,4,178,3,181
WEST BENGAL,2011,LEAKAGE OF POISINOUS GASES ETC.,0,0,0,0,0,0,0
WEST BENGAL,2011,SNAKE BITE/ANIMAL BITE,256,27,17,44,118,112,230
WEST BENGAL,2011,OTHER,1437,99,86,185,752,553,1305
WEST BENGAL,2011,STAMPEDE,1,0,1,1,0,0,0
WEST BENGAL,2011,SUFFOCATION,2,0,0,0,1,1,2
WEST BENGAL,2011,TRAFFIC ACCIDENTS(ROAD ACCIDENTS),14468,12294,3257,15551,4608,1038,5646
WEST BENGAL,2011,TRAFFIC ACCIDENTS(RAIL-ROAD ACCIDENTS),516,32,9,41,381,106,487
WEST BENGAL,2011,OTHER RAILWAY ACCIDENTS,2364,21,7,28,1913,452,2365
WEST BENGAL,2011,OTHER,892,51,20,71,657,484,1141
WEST BENGAL,2011,CAUSES NOT KNOWN,3170,810,497,1307,2449,1039,3488
WEST BENGAL,2011,TOTAL,26421,13923,4150,18073,13047,4834,17881
WEST BENGAL,2011,TOTAL COLLAPSE,101,22,10,32,46,29,75
WEST BENGAL,2011,TOTAL DROWNING,697,102,48,150,514,201,715
WEST BENGAL,2011,TOTAL EXPLOSION,51,22,6,28,28,9,37
WEST BENGAL,2011,TOTAL FALLS,140,15,4,19,117,29,146
WEST BENGAL,2011,TOTAL FIRE,539,165,85,250,196,347,543
WEST BENGAL,2011,TOTAL SUDDEN DEATHS,1079,177,76,253,567,275,842
WEST BENGAL,2011,TOTAL POISONING,2100,167,119,286,1325,786,2111
WEST BENGAL,2011,TOTAL TRAFFIC ACCIDENTS,17348,12347,3273,15620,6902,1596,8498
WEST BENGAL,2012,AIR-CRASH,0,0,0,0,0,0,0
WEST BENGAL,2012,COLLAPSE OF STRUCTURE(HOUSE),8,7,1,8,3,2,5
WEST BENGAL,2012,COLLAPSE OF STRUCTURE(BUILDING),5,2,2,4,2,2,4
WEST BENGAL,2012,COLLAPSE OF STRUCTURE(DAM),0,0,0,0,0,0,0
WEST BENGAL,2012,COLLAPSE OF STRUCTURE(BRIDGE),0,0,0,0,0,0,0
WEST BENGAL,2012,COLLAPSE OF STRUCTURE(OTHERS),25,13,3,16,13,5,18
WEST BENGAL,2012,DROWNING(BOAT CAPSIZE),4,1,0,1,2,2,4
WEST BENGAL,2012,DROWNING(OTHER),808,58,41,99,624,202,826
WEST BENGAL,2012,ELECTROCUTION,134,14,5,19,108,36,144
WEST BENGAL,2012,EXPLOSION(BOMB EXPLOSION),38,36,5,41,17,1,18
WEST BENGAL,2012,EXPLOSION(OTHER EXPLOSION LIKE BOIL,6,2,6,8,3,3,6
WEST BENGAL,2012,FALLS(FALL FROM HEIGHT),192,42,11,53,159,32,191
WEST BENGAL,2012,FALL INTO PIT/MANHOLE,8,0,0,0,6,2,8
WEST BENGAL,2012,FACTORY/MACHINE ACCIDENTS,26,18,2,20,13,1,14
WEST BENGAL,2012,FIRE(FIREWORKS/CRACKERS),237,16,12,28,42,202,244
WEST BENGAL,2012,FIRE(SHORT-CIRCUIT),76,27,5,32,37,21,58
WEST BENGAL,2012,GAS CYLINDER/STOVE BURST,56,9,10,19,6,49,55
WEST BENGAL,2012,OTHER FIRE ACCIDENTS,871,76,83,159,246,680,926
WEST BENGAL,2012,FIRE-ARMS,57,25,1,26,32,1,33
WEST BENGAL,2012,SUDDEN DEATHS(HEART ATTACKS),774,92,51,143,519,182,701
WEST BENGAL,2012,EPILEPTIC FITS/GIDDINESS,13,0,0,0,5,7,12
WEST BENGAL,2012,ABORTIONS/CHILD BIRTH,37,0,15,15,0,14,14
WEST BENGAL,2012,INFLUENCE OF ALCOHOL,122,43,0,43,105,0,105
WEST BENGAL,2012,KILLED BY ANIMALS,91,12,3,15,65,21,86
WEST BENGAL,2012,MINES OR QUARY DISASTER,0,0,0,0,0,0,0
WEST BENGAL,2012,FOOD POISIONING/ACCIDENTAL INTAKE OF INSECTICIDES ETC.,332,78,61,139,219,143,362
WEST BENGAL,2012,SPURIOUS/POISIONOUS LIQUOR,0,0,0,0,0,0,0
WEST BENGAL,2012,LEAKAGE OF POISINOUS GASES ETC.,0,0,0,0,0,0,0
WEST BENGAL,2012,SNAKE BITE/ANIMAL BITE,303,36,31,67,231,211,442
WEST BENGAL,2012,OTHER,2903,302,128,430,2209,1258,3467
WEST BENGAL,2012,STAMPEDE,0,0,0,0,0,0,0
WEST BENGAL,2012,SUFFOCATION,0,0,0,0,0,0,0
WEST BENGAL,2012,TRAFFIC ACCIDENTS(ROAD ACCIDENTS),15608,12463,3528,15991,4959,1263,6222
WEST BENGAL,2012,TRAFFIC ACCIDENTS(RAIL-ROAD ACCIDENTS),15,1,1,2,12,3,15
WEST BENGAL,2012,OTHER RAILWAY ACCIDENTS,2628,0,0,0,2104,524,2628
WEST BENGAL,2012,OTHER,1575,287,207,494,980,551,1531
WEST BENGAL,2012,CAUSES NOT KNOWN,3267,782,452,1234,2464,1024,3488
WEST BENGAL,2012,TOTAL,30219,14442,4664,19106,15185,6442,21627
WEST BENGAL,2012,TOTAL COLLAPSE,38,22,6,28,18,9,27
WEST BENGAL,2012,TOTAL DROWNING,812,59,41,100,626,204,830
WEST BENGAL,2012,TOTAL EXPLOSION,44,38,11,49,20,4,24
WEST BENGAL,2012,TOTAL FALLS,200,42,11,53,165,34,199
WEST BENGAL,2012,TOTAL FIRE,1240,128,110,238,331,952,1283
WEST BENGAL,2012,TOTAL SUDDEN DEATHS,946,135,66,201,629,203,832
WEST BENGAL,2012,TOTAL POISONING,3538,416,220,636,2659,1612,4271
WEST BENGAL,2012,TOTAL TRAFFIC ACCIDENTS,18251,12464,3529,15993,7075,1790,8865
TOTAL(STATES),2001,AIR-CRASH,10,2,4,6,26,4,30
TOTAL(STATES),2001,COLLAPSE OF STRUCTURE(HOUSE),929,1487,1801,3288,975,709,1684
TOTAL(STATES),2001,COLLAPSE OF STRUCTURE(BUILDING),245,102,55,157,211,108,319
TOTAL(STATES),2001,COLLAPSE OF STRUCTURE(DAM),41,3,0,3,27,9,36
TOTAL(STATES),2001,COLLAPSE OF STRUCTURE(BRIDGE),52,27,20,47,35,22,57
TOTAL(STATES),2001,COLLAPSE OF STRUCTURE(OTHERS),1109,219,94,313,745,237,982
TOTAL(STATES),2001,DROWNING(BOAT CAPSIZE),681,33,9,42,551,228,779
TOTAL(STATES),2001,DROWNING(OTHER),19234,210,103,313,13691,5973,19664
TOTAL(STATES),2001,ELECTROCUTION,5326,142,64,206,4591,810,5401
TOTAL(STATES),2001,EXPLOSION(BOMB EXPLOSION),404,948,104,1052,249,47,296
TOTAL(STATES),2001,EXPLOSION(OTHER EXPLOSION LIKE BOILERS, GAS CYLINDER ETC.),246,62,35,97,193,76,269
TOTAL(STATES),2001,FALLS(FALL FROM HEIGHT),6425,404,99,503,5188,959,6147
TOTAL(STATES),2001,FALL INTO PIT/MANHOLE,1016,63,19,82,768,206,974
TOTAL(STATES),2001,FACTORY/MACHINE ACCIDENTS,626,97,12,109,521,81,602
TOTAL(STATES),2001,FIRE(FIREWORKS/CRACKERS),436,106,50,156,203,182,385
TOTAL(STATES),2001,FIRE(SHORT-CIRCUIT),1045,76,31,107,763,226,989
TOTAL(STATES),2001,GAS CYLINDER/STOVE BURST,4042,120,230,350,837,3114,3951
TOTAL(STATES),2001,OTHER FIRE ACCIDENTS,16828,676,667,1343,5107,11292,16399
TOTAL(STATES),2001,FIRE-ARMS,3180,1595,189,1784,2289,348,2637
TOTAL(STATES),2001,SUDDEN DEATHS(HEART ATTACKS),8645,57,23,80,7190,1403,8593
TOTAL(STATES),2001,EPILEPTIC FITS/GIDDINESS,2597,167,63,230,1854,537,2391
TOTAL(STATES),2001,ABORTIONS/CHILD BIRTH,541,0,10,10,0,532,532
TOTAL(STATES),2001,INFLUENCE OF ALCOHOL,2984,112,13,125,2788,132,2920
TOTAL(STATES),2001,KILLED BY ANIMALS,841,84,22,106,580,182,762
TOTAL(STATES),2001,MINES OR QUARY DISASTER,479,20,13,33,352,146,498
TOTAL(STATES),2001,FOOD POISIONING/ACCIDENTAL INTAKE OF INSECTICIDES ETC.,8806,1118,717,1835,5335,3249,8584
TOTAL(STATES),2001,SPURIOUS/POISIONOUS LIQUOR,439,15,7,22,439,120,559
TOTAL(STATES),2001,LEAKAGE OF POISINOUS GASES ETC.,101,12,0,12,84,21,105
TOTAL(STATES),2001,SNAKE BITE/ANIMAL BITE,6352,226,161,387,3895,2265,6160
TOTAL(STATES),2001,OTHER,8264,182,124,306,5318,2996,8314
TOTAL(STATES),2001,STAMPEDE,26,9,18,27,16,14,30
TOTAL(STATES),2001,SUFFOCATION,853,7,2,9,655,224,879
TOTAL(STATES),2001,TRAFFIC ACCIDENTS(ROAD ACCIDENTS),312350,280561,61786,342347,64925,13086,78011
TOTAL(STATES),2001,TRAFFIC ACCIDENTS(RAIL-ROAD ACCIDENTS),2271,375,68,443,1707,464,2171
TOTAL(STATES),2001,OTHER RAILWAY ACCIDENTS,18843,2974,1925,4899,13733,2468,16201
TOTAL(STATES),2001,OTHER,14072,1676,370,2046,10340,3591,13931
TOTAL(STATES),2001,CAUSES NOT KNOWN,15106,762,343,1105,11448,3756,15204
TOTAL(STATES),2001,TOTAL,465445,294729,69251,363980,167629,59817,227446
TOTAL(STATES),2001,TOTAL COLLAPSE,2376,1838,1970,3808,1993,1085,3078
TOTAL(STATES),2001,TOTAL DROWNING,19915,243,112,355,14242,6201,20443
TOTAL(STATES),2001,TOTAL EXPLOSION,650,1010,139,1149,442,123,565
TOTAL(STATES),2001,TOTAL FALLS,7441,467,118,585,5956,1165,7121
TOTAL(STATES),2001,TOTAL FIRE,22351,978,978,1956,6910,14814,21724
TOTAL(STATES),2001,TOTAL SUDDEN DEATHS,14767,336,109,445,11832,2604,14436
TOTAL(STATES),2001,TOTAL POISONING,23962,1553,1009,2562,15071,8651,23722
TOTAL(STATES),2001,TOTAL TRAFFIC ACCIDENTS,333464,283910,63779,347689,80365,16018,96383
TOTAL(STATES),2002,AIR-CRASH,10,0,2,2,36,1,37
TOTAL(STATES),2002,COLLAPSE OF STRUCTURE(HOUSE),740,139,77,216,456,231,687
TOTAL(STATES),2002,COLLAPSE OF STRUCTURE(BUILDING),205,61,27,88,167,43,210
TOTAL(STATES),2002,COLLAPSE OF STRUCTURE(DAM),15,2,0,2,6,8,14
TOTAL(STATES),2002,COLLAPSE OF STRUCTURE(BRIDGE),42,18,3,21,33,9,42
TOTAL(STATES),2002,COLLAPSE OF STRUCTURE(OTHERS),1224,109,91,200,884,322,1206
TOTAL(STATES),2002,DROWNING(BOAT CAPSIZE),435,36,13,49,404,145,549
TOTAL(STATES),2002,DROWNING(OTHER),18729,193,83,276,13189,5832,19021
TOTAL(STATES),2002,ELECTROCUTION,5213,168,57,225,4440,735,5175
TOTAL(STATES),2002,EXPLOSION(BOMB EXPLOSION),406,859,123,982,236,30,266
TOTAL(STATES),2002,EXPLOSION(OTHER EXPLOSION LIKE BOILERS, GAS CYLINDER ETC.),335,79,55,134,232,114,346
TOTAL(STATES),2002,FALLS(FALL FROM HEIGHT),6475,386,83,469,5268,951,6219
TOTAL(STATES),2002,FALL INTO PIT/MANHOLE,1262,50,9,59,1014,237,1251
TOTAL(STATES),2002,FACTORY/MACHINE ACCIDENTS,762,163,28,191,515,109,624
TOTAL(STATES),2002,FIRE(FIREWORKS/CRACKERS),253,86,36,122,157,105,262
TOTAL(STATES),2002,FIRE(SHORT-CIRCUIT),984,35,17,52,760,199,959
TOTAL(STATES),2002,GAS CYLINDER/STOVE BURST,3666,101,177,278,756,2794,3550
TOTAL(STATES),2002,OTHER FIRE ACCIDENTS,16164,482,544,1026,4765,10839,15604
TOTAL(STATES),2002,FIRE-ARMS,3238,1595,208,1803,2245,315,2560
TOTAL(STATES),2002,SUDDEN DEATHS(HEART ATTACKS),8512,119,63,182,7138,1255,8393
TOTAL(STATES),2002,EPILEPTIC FITS/GIDDINESS,2794,219,100,319,1920,581,2501
TOTAL(STATES),2002,ABORTIONS/CHILD BIRTH,670,0,11,11,0,655,655
TOTAL(STATES),2002,INFLUENCE OF ALCOHOL,3057,91,22,113,2855,137,2992
TOTAL(STATES),2002,KILLED BY ANIMALS,827,80,28,108,537,213,750
TOTAL(STATES),2002,MINES OR QUARY DISASTER,638,30,8,38,447,177,624
TOTAL(STATES),2002,FOOD POISIONING/ACCIDENTAL INTAKE OF INSECTICIDES ETC.,8005,538,317,855,4743,2918,7661
TOTAL(STATES),2002,SPURIOUS/POISIONOUS LIQUOR,797,16,6,22,592,225,817
TOTAL(STATES),2002,LEAKAGE OF POISINOUS GASES ETC.,116,1,0,1,72,47,119
TOTAL(STATES),2002,SNAKE BITE/ANIMAL BITE,6402,215,143,358,3947,2146,6093
TOTAL(STATES),2002,OTHER,6986,188,86,274,4570,2394,6964
TOTAL(STATES),2002,STAMPEDE,43,1,0,1,33,10,43
TOTAL(STATES),2002,SUFFOCATION,2916,1264,213,1477,1022,454,1476
TOTAL(STATES),2002,TRAFFIC ACCIDENTS(ROAD ACCIDENTS),324703,295364,67650,363014,69056,12864,81920
TOTAL(STATES),2002,TRAFFIC ACCIDENTS(RAIL-ROAD ACCIDENTS),1211,415,125,540,810,194,1004
TOTAL(STATES),2002,OTHER RAILWAY ACCIDENTS,18250,2415,407,2822,13644,2440,16084
TOTAL(STATES),2002,OTHER,25357,845,275,1120,19361,5983,25344
TOTAL(STATES),2002,CAUSES NOT KNOWN,14678,659,218,877,10687,4027,14714
TOTAL(STATES),2002,TOTAL,486120,307022,71305,378327,176997,59739,236736
TOTAL(STATES),2002,TOTAL COLLAPSE,2226,329,198,527,1546,613,2159
TOTAL(STATES),2002,TOTAL DROWNING,19164,229,96,325,13593,5977,19570
TOTAL(STATES),2002,TOTAL EXPLOSION,741,938,178,1116,468,144,612
TOTAL(STATES),2002,TOTAL FALLS,7737,436,92,528,6282,1188,7470
TOTAL(STATES),2002,TOTAL FIRE,21067,704,774,1478,6438,13937,20375
TOTAL(STATES),2002,TOTAL SUDDEN DEATHS,15033,429,196,625,11913,2628,14541
TOTAL(STATES),2002,TOTAL POISONING,22306,958,552,1510,13924,7730,21654
TOTAL(STATES),2002,TOTAL TRAFFIC ACCIDENTS,344164,298194,68182,366376,83510,15498,99008
TOTAL(STATES),2003,AIR-CRASH,18,3,0,3,42,8,50
TOTAL(STATES),2003,COLLAPSE OF STRUCTURE(HOUSE),777,134,69,203,512,288,800
TOTAL(STATES),2003,COLLAPSE OF STRUCTURE(BUILDING),206,27,9,36,172,52,224
TOTAL(STATES),2003,COLLAPSE OF STRUCTURE(DAM),27,4,1,5,25,7,32
TOTAL(STATES),2003,COLLAPSE OF STRUCTURE(BRIDGE),48,0,0,0,44,7,51
TOTAL(STATES),2003,COLLAPSE OF STRUCTURE(OTHERS),1211,87,41,128,906,303,1209
TOTAL(STATES),2003,DROWNING(BOAT CAPSIZE),568,18,3,21,540,223,763
TOTAL(STATES),2003,DROWNING(OTHER),19420,210,84,294,14393,5500,19893
TOTAL(STATES),2003,ELECTROCUTION,6199,216,72,288,5132,965,6097
TOTAL(STATES),2003,EXPLOSION(BOMB EXPLOSION),353,1102,131,1233,254,34,288
TOTAL(STATES),2003,EXPLOSION(OTHER EXPLOSION LIKE BOILERS, GAS CYLINDER ETC.),453,136,60,196,277,150,427
TOTAL(STATES),2003,FALLS(FALL FROM HEIGHT),7265,302,93,395,6073,1002,7075
TOTAL(STATES),2003,FALL INTO PIT/MANHOLE,1411,96,29,125,1091,251,1342
TOTAL(STATES),2003,FACTORY/MACHINE ACCIDENTS,782,153,15,168,580,85,665
TOTAL(STATES),2003,FIRE(FIREWORKS/CRACKERS),294,51,29,80,168,119,287
TOTAL(STATES),2003,FIRE(SHORT-CIRCUIT),966,50,13,63,732,214,946
TOTAL(STATES),2003,GAS CYLINDER/STOVE BURST,3488,58,156,214,767,2687,3454
TOTAL(STATES),2003,OTHER FIRE ACCIDENTS,14696,542,653,1195,4406,9653,14059
TOTAL(STATES),2003,FIRE-ARMS,2487,1121,171,1292,1710,255,1965
TOTAL(STATES),2003,SUDDEN DEATHS(HEART ATTACKS),9962,118,36,154,8415,1467,9882
TOTAL(STATES),2003,EPILEPTIC FITS/GIDDINESS,2800,195,69,264,2004,546,2550
TOTAL(STATES),2003,ABORTIONS/CHILD BIRTH,630,0,5,5,0,621,621
TOTAL(STATES),2003,INFLUENCE OF ALCOHOL,3164,73,7,80,2992,108,3100
TOTAL(STATES),2003,KILLED BY ANIMALS,884,81,27,108,608,182,790
TOTAL(STATES),2003,MINES OR QUARY DISASTER,497,18,4,22,383,167,550
TOTAL(STATES),2003,FOOD POISIONING/ACCIDENTAL INTAKE OF INSECTICIDES ETC.,9111,1180,1105,2285,5193,2765,7958
TOTAL(STATES),2003,SPURIOUS/POISIONOUS LIQUOR,476,111,3,114,384,124,508
TOTAL(STATES),2003,LEAKAGE OF POISINOUS GASES ETC.,148,4,12,16,116,26,142
TOTAL(STATES),2003,SNAKE BITE/ANIMAL BITE,6910,565,359,924,3938,2137,6075
TOTAL(STATES),2003,OTHER,6115,78,49,127,4358,1875,6233
TOTAL(STATES),2003,STAMPEDE,69,57,63,120,43,39,82
TOTAL(STATES),2003,SUFFOCATION,1087,4,4,8,848,283,1131
TOTAL(STATES),2003,TRAFFIC ACCIDENTS(ROAD ACCIDENTS),325244,304142,68395,372537,69089,13037,82126
TOTAL(STATES),2003,TRAFFIC ACCIDENTS(RAIL-ROAD ACCIDENTS),1522,219,72,291,970,206,1176
TOTAL(STATES),2003,OTHER RAILWAY ACCIDENTS,19048,2580,440,3020,13896,2627,16523
TOTAL(STATES),2003,OTHER,27236,572,192,764,20366,6343,26709
TOTAL(STATES),2003,CAUSES NOT KNOWN,11559,306,119,425,9208,2880,12088
TOTAL(STATES),2003,TOTAL,487131,314613,72590,387203,180635,57236,237871
TOTAL(STATES),2003,TOTAL COLLAPSE,2269,252,120,372,1659,657,2316
TOTAL(STATES),2003,TOTAL DROWNING,19988,228,87,315,14933,5723,20656
TOTAL(STATES),2003,TOTAL EXPLOSION,806,1238,191,1429,531,184,715
TOTAL(STATES),2003,TOTAL FALLS,8676,398,122,520,7164,1253,8417
TOTAL(STATES),2003,TOTAL FIRE,19444,701,851,1552,6073,12673,18746
TOTAL(STATES),2003,TOTAL SUDDEN DEATHS,16556,386,117,503,13411,2742,16153
TOTAL(STATES),2003,TOTAL POISONING,22760,1938,1528,3466,13989,6927,20916
TOTAL(STATES),2003,TOTAL TRAFFIC ACCIDENTS,345814,306941,68907,375848,83955,15870,99825
TOTAL(STATES),2004,AIR-CRASH,14,0,0,0,21,2,23
TOTAL(STATES),2004,COLLAPSE OF STRUCTURE(HOUSE),713,84,53,137,481,283,764
TOTAL(STATES),2004,COLLAPSE OF STRUCTURE(BUILDING),181,76,13,89,147,29,176
TOTAL(STATES),2004,COLLAPSE OF STRUCTURE(DAM),22,0,0,0,14,11,25
TOTAL(STATES),2004,COLLAPSE OF STRUCTURE(BRIDGE),22,19,0,19,29,2,31
TOTAL(STATES),2004,COLLAPSE OF STRUCTURE(OTHERS),1110,157,65,222,788,323,1111
TOTAL(STATES),2004,DROWNING(BOAT CAPSIZE),417,25,12,37,385,177,562
TOTAL(STATES),2004,DROWNING(OTHER),20074,335,167,502,14406,5982,20388
TOTAL(STATES),2004,ELECTROCUTION,6094,241,66,307,5116,911,6027
TOTAL(STATES),2004,EXPLOSION(BOMB EXPLOSION),327,970,140,1110,238,22,260
TOTAL(STATES),2004,EXPLOSION(OTHER EXPLOSION LIKE BOILERS, GAS CYLINDER ETC.),339,113,77,190,199,133,332
TOTAL(STATES),2004,FALLS(FALL FROM HEIGHT),7167,441,122,563,5749,996,6745
TOTAL(STATES),2004,FALL INTO PIT/MANHOLE,1587,244,113,357,1055,250,1305
TOTAL(STATES),2004,FACTORY/MACHINE ACCIDENTS,703,129,15,144,541,102,643
TOTAL(STATES),2004,FIRE(FIREWORKS/CRACKERS),233,74,35,109,108,101,209
TOTAL(STATES),2004,FIRE(SHORT-CIRCUIT),1048,70,19,89,826,172,998
TOTAL(STATES),2004,GAS CYLINDER/STOVE BURST,3302,128,182,310,719,2474,3193
TOTAL(STATES),2004,OTHER FIRE ACCIDENTS,14455,682,856,1538,4125,9364,13489
TOTAL(STATES),2004,FIRE-ARMS,3191,1427,206,1633,1960,292,2252
TOTAL(STATES),2004,SUDDEN DEATHS(HEART ATTACKS),10890,301,111,412,8947,1581,10528
TOTAL(STATES),2004,EPILEPTIC FITS/GIDDINESS,2704,221,79,300,1881,548,2429
TOTAL(STATES),2004,ABORTIONS/CHILD BIRTH,674,0,4,4,2,668,670
TOTAL(STATES),2004,INFLUENCE OF ALCOHOL,3208,155,10,165,2999,95,3094
TOTAL(STATES),2004,KILLED BY ANIMALS,832,63,20,83,598,178,776
TOTAL(STATES),2004,MINES OR QUARY DISASTER,419,31,7,38,336,119,455
TOTAL(STATES),2004,FOOD POISIONING/ACCIDENTAL INTAKE OF INSECTICIDES ETC.,9422,1032,782,1814,5107,2858,7965
TOTAL(STATES),2004,SPURIOUS/POISIONOUS LIQUOR,643,41,20,61,496,151,647
TOTAL(STATES),2004,LEAKAGE OF POISINOUS GASES ETC.,198,2,37,39,119,50,169
TOTAL(STATES),2004,SNAKE BITE/ANIMAL BITE,6916,471,327,798,3972,2211,6183
TOTAL(STATES),2004,OTHER,6835,153,85,238,4484,2297,6781
TOTAL(STATES),2004,STAMPEDE,24,0,4,4,24,0,24
TOTAL(STATES),2004,SUFFOCATION,1191,4,2,6,879,332,1211
TOTAL(STATES),2004,TRAFFIC ACCIDENTS(ROAD ACCIDENTS),349814,330914,72326,403240,75065,13930,88995
TOTAL(STATES),2004,TRAFFIC ACCIDENTS(RAIL-ROAD ACCIDENTS),2576,307,104,411,1869,400,2269
TOTAL(STATES),2004,OTHER RAILWAY ACCIDENTS,19836,2751,430,3181,14913,2468,17381
TOTAL(STATES),2004,OTHER,29158,1243,315,1558,21890,6765,28655
TOTAL(STATES),2004,CAUSES NOT KNOWN,13589,699,289,988,10202,3101,13303
TOTAL(STATES),2004,TOTAL,519928,343603,77093,420696,190690,59378,250068
TOTAL(STATES),2004,TOTAL COLLAPSE,2048,336,131,467,1459,648,2107
TOTAL(STATES),2004,TOTAL DROWNING,20491,360,179,539,14791,6159,20950
TOTAL(STATES),2004,TOTAL EXPLOSION,666,1083,217,1300,437,155,592
TOTAL(STATES),2004,TOTAL FALLS,8754,685,235,920,6804,1246,8050
TOTAL(STATES),2004,TOTAL FIRE,19038,954,1092,2046,5778,12111,17889
TOTAL(STATES),2004,TOTAL SUDDEN DEATHS,17476,677,204,881,13829,2892,16721
TOTAL(STATES),2004,TOTAL POISONING,24014,1699,1251,2950,14178,7567,21745
TOTAL(STATES),2004,TOTAL TRAFFIC ACCIDENTS,372226,333972,72860,406832,91847,16798,108645
TOTAL(STATES),2005,AIR-CRASH,5,2,0,2,6,0,6
TOTAL(STATES),2005,COLLAPSE OF STRUCTURE(HOUSE),829,131,100,231,539,361,900
TOTAL(STATES),2005,COLLAPSE OF STRUCTURE(BUILDING),206,54,16,70,175,56,231
TOTAL(STATES),2005,COLLAPSE OF STRUCTURE(DAM),31,1,0,1,25,7,32
TOTAL(STATES),2005,COLLAPSE OF STRUCTURE(BRIDGE),194,10,0,10,195,39,234
TOTAL(STATES),2005,COLLAPSE OF STRUCTURE(OTHERS),1218,127,48,175,924,316,1240
TOTAL(STATES),2005,DROWNING(BOAT CAPSIZE),594,65,52,117,545,211,756
TOTAL(STATES),2005,DROWNING(OTHER),22157,268,137,405,16408,6095,22503
TOTAL(STATES),2005,ELECTROCUTION,6834,205,75,280,5722,1046,6768
TOTAL(STATES),2005,EXPLOSION(BOMB EXPLOSION),326,835,115,950,206,33,239
TOTAL(STATES),2005,EXPLOSION(OTHER EXPLOSION LIKE BOILERS, GAS CYLINDER ETC.),356,147,53,200,226,100,326
TOTAL(STATES),2005,FALLS(FALL FROM HEIGHT),7694,493,152,645,6255,1042,7297
TOTAL(STATES),2005,FALL INTO PIT/MANHOLE,1698,249,82,331,1145,268,1413
TOTAL(STATES),2005,FACTORY/MACHINE ACCIDENTS,725,162,9,171,529,97,626
TOTAL(STATES),2005,FIRE(FIREWORKS/CRACKERS),286,114,97,211,129,102,231
TOTAL(STATES),2005,FIRE(SHORT-CIRCUIT),862,88,32,120,636,185,821
TOTAL(STATES),2005,GAS CYLINDER/STOVE BURST,3234,69,139,208,777,2494,3271
TOTAL(STATES),2005,OTHER FIRE ACCIDENTS,15256,664,965,1629,4439,9838,14277
TOTAL(STATES),2005,FIRE-ARMS,3611,1698,261,1959,1919,310,2229
TOTAL(STATES),2005,SUDDEN DEATHS(HEART ATTACKS),12443,882,491,1373,9667,1534,11201
TOTAL(STATES),2005,EPILEPTIC FITS/GIDDINESS,3219,331,147,478,2136,623,2759
TOTAL(STATES),2005,ABORTIONS/CHILD BIRTH,697,0,30,30,0,670,670
TOTAL(STATES),2005,INFLUENCE OF ALCOHOL,3428,432,9,441,2937,130,3067
TOTAL(STATES),2005,KILLED BY ANIMALS,1000,168,57,225,671,170,841
TOTAL(STATES),2005,MINES OR QUARY DISASTER,470,26,13,39,332,123,455
TOTAL(STATES),2005,FOOD POISIONING/ACCIDENTAL INTAKE OF INSECTICIDES ETC.,8309,754,617,1371,4671,2632,7303
TOTAL(STATES),2005,SPURIOUS/POISIONOUS LIQUOR,702,158,4,162,536,184,720
TOTAL(STATES),2005,LEAKAGE OF POISINOUS GASES ETC.,241,8,1,9,203,44,247
TOTAL(STATES),2005,SNAKE BITE/ANIMAL BITE,7986,623,396,1019,4447,2594,7041
TOTAL(STATES),2005,OTHER,5776,473,365,838,3550,1669,5219
TOTAL(STATES),2005,STAMPEDE,62,101,68,169,146,200,346
TOTAL(STATES),2005,SUFFOCATION,1488,4,6,10,1194,343,1537
TOTAL(STATES),2005,TRAFFIC ACCIDENTS(ROAD ACCIDENTS),378100,365415,70532,435947,81020,14749,95769
TOTAL(STATES),2005,TRAFFIC ACCIDENTS(RAIL-ROAD ACCIDENTS),2537,732,292,1024,1123,266,1389
TOTAL(STATES),2005,OTHER RAILWAY ACCIDENTS,20671,2842,422,3264,15059,2752,17811
TOTAL(STATES),2005,OTHER,30884,2339,730,3069,22390,6805,29195
TOTAL(STATES),2005,CAUSES NOT KNOWN,13212,961,227,1188,10508,3227,13735
TOTAL(STATES),2005,TOTAL,557341,381631,76740,458371,201390,61315,262705
TOTAL(STATES),2005,TOTAL COLLAPSE,2478,323,164,487,1858,779,2637
TOTAL(STATES),2005,TOTAL DROWNING,22751,333,189,522,16953,6306,23259
TOTAL(STATES),2005,TOTAL EXPLOSION,682,982,168,1150,432,133,565
TOTAL(STATES),2005,TOTAL FALLS,9392,742,234,976,7400,1310,8710
TOTAL(STATES),2005,TOTAL FIRE,19638,935,1233,2168,5981,12619,18600
TOTAL(STATES),2005,TOTAL SUDDEN DEATHS,19787,1645,677,2322,14740,2957,17697
TOTAL(STATES),2005,TOTAL POISONING,23014,2016,1383,3399,13407,7123,20530
TOTAL(STATES),2005,TOTAL TRAFFIC ACCIDENTS,401308,368989,71246,440235,97202,17767,114969
TOTAL(STATES),2006,AIR-CRASH,4,0,0,0,2,0,2
TOTAL(STATES),2006,COLLAPSE OF STRUCTURE(HOUSE),909,131,68,199,571,346,917
TOTAL(STATES),2006,COLLAPSE OF STRUCTURE(BUILDING),219,122,29,151,177,55,232
TOTAL(STATES),2006,COLLAPSE OF STRUCTURE(DAM),34,0,0,0,19,15,34
TOTAL(STATES),2006,COLLAPSE OF STRUCTURE(BRIDGE),39,12,3,15,123,46,169
TOTAL(STATES),2006,COLLAPSE OF STRUCTURE(OTHERS),1042,159,59,218,734,254,988
TOTAL(STATES),2006,DROWNING(BOAT CAPSIZE),687,18,8,26,584,241,825
TOTAL(STATES),2006,DROWNING(OTHER),23840,335,106,441,18127,6240,24367
TOTAL(STATES),2006,ELECTROCUTION,7448,288,84,372,6327,1113,7440
TOTAL(STATES),2006,EXPLOSION(BOMB EXPLOSION),308,1197,189,1386,447,39,486
TOTAL(STATES),2006,EXPLOSION(OTHER EXPLOSION LIKE BOILERS, GAS CYLINDER ETC.),374,408,92,500,201,120,321
TOTAL(STATES),2006,FALLS(FALL FROM HEIGHT),8190,438,108,546,6704,1139,7843
TOTAL(STATES),2006,FALL INTO PIT/MANHOLE,2046,451,122,573,1267,269,1536
TOTAL(STATES),2006,FACTORY/MACHINE ACCIDENTS,1012,255,17,272,677,122,799
TOTAL(STATES),2006,FIRE(FIREWORKS/CRACKERS),371,140,75,215,187,109,296
TOTAL(STATES),2006,FIRE(SHORT-CIRCUIT),1004,118,36,154,714,177,891
TOTAL(STATES),2006,GAS CYLINDER/STOVE BURST,3363,122,288,410,696,2524,3220
TOTAL(STATES),2006,OTHER FIRE ACCIDENTS,15065,896,964,1860,4331,9912,14243
TOTAL(STATES),2006,FIRE-ARMS,2858,955,182,1137,1884,259,2143
TOTAL(STATES),2006,SUDDEN DEATHS(HEART ATTACKS),13208,719,477,1196,10329,1818,12147
TOTAL(STATES),2006,EPILEPTIC FITS/GIDDINESS,3005,357,127,484,2009,526,2535
TOTAL(STATES),2006,ABORTIONS/CHILD BIRTH,744,0,4,4,0,729,729
TOTAL(STATES),2006,INFLUENCE OF ALCOHOL,3521,309,7,316,3186,98,3284
TOTAL(STATES),2006,KILLED BY ANIMALS,1058,222,78,300,673,181,854
TOTAL(STATES),2006,MINES OR QUARY DISASTER,371,13,1,14,280,129,409
TOTAL(STATES),2006,FOOD POISIONING/ACCIDENTAL INTAKE OF INSECTICIDES ETC.,11160,1887,2070,3957,5033,2904,7937
TOTAL(STATES),2006,SPURIOUS/POISIONOUS LIQUOR,677,60,22,82,506,177,683
TOTAL(STATES),2006,LEAKAGE OF POISINOUS GASES ETC.,307,18,6,24,235,90,325
TOTAL(STATES),2006,SNAKE BITE/ANIMAL BITE,10107,1532,810,2342,4996,2918,7914
TOTAL(STATES),2006,OTHER,6217,275,125,400,4086,2221,6307
TOTAL(STATES),2006,STAMPEDE,15,46,10,56,11,7,18
TOTAL(STATES),2006,SUFFOCATION,1690,23,13,36,1193,488,1681
TOTAL(STATES),2006,TRAFFIC ACCIDENTS(ROAD ACCIDENTS),382257,361784,79767,441551,86810,16295,103105
TOTAL(STATES),2006,TRAFFIC ACCIDENTS(RAIL-ROAD ACCIDENTS),2828,469,133,602,1880,472,2352
TOTAL(STATES),2006,OTHER RAILWAY ACCIDENTS,25235,3200,452,3652,19359,3355,22714
TOTAL(STATES),2006,OTHER,34112,2866,808,3674,23962,7667,31629
TOTAL(STATES),2006,CAUSES NOT KNOWN,13868,162,56,218,10487,3640,14127
TOTAL(STATES),2006,TOTAL,579193,379987,87396,467383,218807,66695,285502
TOTAL(STATES),2006,TOTAL COLLAPSE,2243,424,159,583,1624,716,2340
TOTAL(STATES),2006,TOTAL DROWNING,24527,353,114,467,18711,6481,25192
TOTAL(STATES),2006,TOTAL EXPLOSION,682,1605,281,1886,648,159,807
TOTAL(STATES),2006,TOTAL FALLS,10236,889,230,1119,7971,1408,9379
TOTAL(STATES),2006,TOTAL FIRE,19803,1276,1363,2639,5928,12722,18650
TOTAL(STATES),2006,TOTAL SUDDEN DEATHS,20478,1385,615,2000,15524,3171,18695
TOTAL(STATES),2006,TOTAL POISONING,28468,3772,3033,6805,14856,8310,23166
TOTAL(STATES),2006,TOTAL TRAFFIC ACCIDENTS,410320,365453,80352,445805,108049,20122,128171
TOTAL(STATES),2007,AIR-CRASH,6,0,0,0,11,0,11
TOTAL(STATES),2007,COLLAPSE OF STRUCTURE(HOUSE),937,155,75,230,647,336,983
TOTAL(STATES),2007,COLLAPSE OF STRUCTURE(BUILDING),244,83,26,109,190,91,281
TOTAL(STATES),2007,COLLAPSE OF STRUCTURE(DAM),44,2,0,2,30,17,47
TOTAL(STATES),2007,COLLAPSE OF STRUCTURE(BRIDGE),39,13,4,17,121,49,170
TOTAL(STATES),2007,COLLAPSE OF STRUCTURE(OTHERS),1130,153,71,224,774,257,1031
TOTAL(STATES),2007,DROWNING(BOAT CAPSIZE),639,66,18,84,670,229,899
TOTAL(STATES),2007,DROWNING(OTHER),25857,519,174,693,19286,6539,25825
TOTAL(STATES),2007,ELECTROCUTION,7986,357,76,433,6739,1164,7903
TOTAL(STATES),2007,EXPLOSION(BOMB EXPLOSION),373,729,69,798,240,30,270
TOTAL(STATES),2007,EXPLOSION(OTHER EXPLOSION LIKE BOILERS, GAS CYLINDER ETC.),360,140,51,191,245,144,389
TOTAL(STATES),2007,FALLS(FALL FROM HEIGHT),8672,527,177,704,7051,1178,8229
TOTAL(STATES),2007,FALL INTO PIT/MANHOLE,2769,885,196,1081,1475,304,1779
TOTAL(STATES),2007,FACTORY/MACHINE ACCIDENTS,920,203,18,221,682,104,786
TOTAL(STATES),2007,FIRE(FIREWORKS/CRACKERS),475,120,102,222,212,213,425
TOTAL(STATES),2007,FIRE(SHORT-CIRCUIT),1045,99,21,120,788,199,987
TOTAL(STATES),2007,GAS CYLINDER/STOVE BURST,3462,61,168,229,937,2767,3704
TOTAL(STATES),2007,OTHER FIRE ACCIDENTS,16407,882,1284,2166,4750,10446,15196
TOTAL(STATES),2007,FIRE-ARMS,2349,763,173,936,1691,332,2023
TOTAL(STATES),2007,SUDDEN DEATHS(HEART ATTACKS),16156,2221,1570,3791,10885,1941,12826
TOTAL(STATES),2007,EPILEPTIC FITS/GIDDINESS,3529,334,160,494,2361,693,3054
TOTAL(STATES),2007,ABORTIONS/CHILD BIRTH,811,0,32,32,0,794,794
TOTAL(STATES),2007,INFLUENCE OF ALCOHOL,4017,357,8,365,3591,101,3692
TOTAL(STATES),2007,KILLED BY ANIMALS,1125,145,46,191,751,247,998
TOTAL(STATES),2007,MINES OR QUARY DISASTER,424,15,5,20,313,122,435
TOTAL(STATES),2007,FOOD POISIONING/ACCIDENTAL INTAKE OF INSECTICIDES ETC.,9512,938,719,1657,5291,3056,8347
TOTAL(STATES),2007,SPURIOUS/POISIONOUS LIQUOR,1255,115,50,165,848,385,1233
TOTAL(STATES),2007,LEAKAGE OF POISINOUS GASES ETC.,172,12,2,14,146,45,191
TOTAL(STATES),2007,SNAKE BITE/ANIMAL BITE,9798,1269,683,1952,5003,2986,7989
TOTAL(STATES),2007,OTHER,7574,746,453,1199,4824,2525,7349
TOTAL(STATES),2007,STAMPEDE,64,2,48,50,49,26,75
TOTAL(STATES),2007,SUFFOCATION,1283,4,7,11,875,436,1311
TOTAL(STATES),2007,TRAFFIC ACCIDENTS(ROAD ACCIDENTS),405519,371639,82464,454103,95020,16924,111944
TOTAL(STATES),2007,TRAFFIC ACCIDENTS(RAIL-ROAD ACCIDENTS),1871,133,44,177,1931,436,2367
TOTAL(STATES),2007,OTHER RAILWAY ACCIDENTS,26794,3630,578,4208,19470,3261,22731
TOTAL(STATES),2007,OTHER,38182,2613,760,3373,26750,8276,35026
TOTAL(STATES),2007,CAUSES NOT KNOWN,15805,333,165,498,12208,3928,16136
TOTAL(STATES),2007,TOTAL,617605,390263,90497,480760,236855,70581,307436
TOTAL(STATES),2007,TOTAL COLLAPSE,2394,406,176,582,1762,750,2512
TOTAL(STATES),2007,TOTAL DROWNING,26496,585,192,777,19956,6768,26724
TOTAL(STATES),2007,TOTAL EXPLOSION,733,869,120,989,485,174,659
TOTAL(STATES),2007,TOTAL FALLS,11441,1412,373,1785,8526,1482,10008
TOTAL(STATES),2007,TOTAL FIRE,21389,1162,1575,2737,6687,13625,20312
TOTAL(STATES),2007,TOTAL SUDDEN DEATHS,24513,2912,1770,4682,16837,3529,20366
TOTAL(STATES),2007,TOTAL POISONING,28311,3080,1907,4987,16112,8997,25109
TOTAL(STATES),2007,TOTAL TRAFFIC ACCIDENTS,434184,375402,83086,458488,116421,20621,137042
TOTAL(STATES),2008,AIR-CRASH,12,1,0,1,16,3,19
TOTAL(STATES),2008,COLLAPSE OF STRUCTURE(HOUSE),1023,117,73,190,723,419,1142
TOTAL(STATES),2008,COLLAPSE OF STRUCTURE(BUILDING),264,52,27,79,176,65,241
TOTAL(STATES),2008,COLLAPSE OF STRUCTURE(DAM),44,2,0,2,57,9,66
TOTAL(STATES),2008,COLLAPSE OF STRUCTURE(BRIDGE),51,10,0,10,55,37,92
TOTAL(STATES),2008,COLLAPSE OF STRUCTURE(OTHERS),1532,431,146,577,920,287,1207
TOTAL(STATES),2008,DROWNING(BOAT CAPSIZE),844,42,16,58,704,269,973
TOTAL(STATES),2008,DROWNING(OTHER),24960,375,149,524,19364,6570,25934
TOTAL(STATES),2008,ELECTROCUTION,7915,318,65,383,6677,1159,7836
TOTAL(STATES),2008,EXPLOSION(BOMB EXPLOSION),451,1316,124,1440,391,70,461
TOTAL(STATES),2008,EXPLOSION(OTHER EXPLOSION LIKE BOILERS, GAS CYLINDER ETC.),268,82,43,125,183,106,289
TOTAL(STATES),2008,FALLS(FALL FROM HEIGHT),8759,556,163,719,7165,1138,8303
TOTAL(STATES),2008,FALL INTO PIT/MANHOLE,2817,853,176,1029,1501,341,1842
TOTAL(STATES),2008,FACTORY/MACHINE ACCIDENTS,1023,265,32,297,713,91,804
TOTAL(STATES),2008,FIRE(FIREWORKS/CRACKERS),414,115,75,190,191,149,340
TOTAL(STATES),2008,FIRE(SHORT-CIRCUIT),1169,152,49,201,830,223,1053
TOTAL(STATES),2008,GAS CYLINDER/STOVE BURST,3456,93,204,297,765,2758,3523
TOTAL(STATES),2008,OTHER FIRE ACCIDENTS,18163,819,1430,2249,5402,11699,17101
TOTAL(STATES),2008,FIRE-ARMS,1857,602,104,706,1416,186,1602
TOTAL(STATES),2008,SUDDEN DEATHS(HEART ATTACKS),17530,2095,1430,3525,12045,2047,14092
TOTAL(STATES),2008,EPILEPTIC FITS/GIDDINESS,3248,258,120,378,2279,609,2888
TOTAL(STATES),2008,ABORTIONS/CHILD BIRTH,870,0,31,31,0,831,831
TOTAL(STATES),2008,INFLUENCE OF ALCOHOL,4190,402,2,404,3772,123,3895
TOTAL(STATES),2008,KILLED BY ANIMALS,905,99,35,134,632,193,825
TOTAL(STATES),2008,MINES OR QUARY DISASTER,392,30,15,45,249,122,371
TOTAL(STATES),2008,FOOD POISIONING/ACCIDENTAL INTAKE OF INSECTICIDES ETC.,9346,1233,847,2080,4932,2837,7769
TOTAL(STATES),2008,SPURIOUS/POISIONOUS LIQUOR,1315,146,35,181,1000,350,1350
TOTAL(STATES),2008,LEAKAGE OF POISINOUS GASES ETC.,213,6,0,6,185,62,247
TOTAL(STATES),2008,SNAKE BITE/ANIMAL BITE,9325,1092,609,1701,4934,2859,7793
TOTAL(STATES),2008,OTHER,6926,275,142,417,4738,2058,6796
TOTAL(STATES),2008,STAMPEDE,105,91,1,92,358,76,434
TOTAL(STATES),2008,SUFFOCATION,1440,9,3,12,1029,450,1479
TOTAL(STATES),2008,TRAFFIC ACCIDENTS(ROAD ACCIDENTS),404757,376788,82094,458882,98010,17665,115675
TOTAL(STATES),2008,TRAFFIC ACCIDENTS(RAIL-ROAD ACCIDENTS),2133,98,26,124,1822,399,2221
TOTAL(STATES),2008,OTHER RAILWAY ACCIDENTS,26380,3612,550,4162,19665,3482,23147
TOTAL(STATES),2008,OTHER,37045,3209,1146,4355,25907,8333,34240
TOTAL(STATES),2008,CAUSES NOT KNOWN,14180,1060,429,1489,10023,3350,13373
TOTAL(STATES),2008,TOTAL,615322,396704,90391,487095,238829,71425,310254
TOTAL(STATES),2008,TOTAL COLLAPSE,2914,612,246,858,1931,817,2748
TOTAL(STATES),2008,TOTAL DROWNING,25804,417,165,582,20068,6839,26907
TOTAL(STATES),2008,TOTAL EXPLOSION,719,1398,167,1565,574,176,750
TOTAL(STATES),2008,TOTAL FALLS,11576,1409,339,1748,8666,1479,10145
TOTAL(STATES),2008,TOTAL FIRE,23202,1179,1758,2937,7188,14829,22017
TOTAL(STATES),2008,TOTAL SUDDEN DEATHS,25838,2755,1583,4338,18096,3610,21706
TOTAL(STATES),2008,TOTAL POISONING,27125,2752,1633,4385,15789,8166,23955
TOTAL(STATES),2008,TOTAL TRAFFIC ACCIDENTS,433270,380498,82670,463168,119497,21546,141043
TOTAL(STATES),2009,AIR-CRASH,8,0,0,0,12,0,12
TOTAL(STATES),2009,COLLAPSE OF STRUCTURE(HOUSE),1020,138,62,200,710,370,1080
TOTAL(STATES),2009,COLLAPSE OF STRUCTURE(BUILDING),274,32,9,41,206,55,261
TOTAL(STATES),2009,COLLAPSE OF STRUCTURE(DAM),25,15,0,15,23,6,29
TOTAL(STATES),2009,COLLAPSE OF STRUCTURE(BRIDGE),34,17,2,19,30,7,37
TOTAL(STATES),2009,COLLAPSE OF STRUCTURE(OTHERS),1316,133,40,173,1052,342,1394
TOTAL(STATES),2009,DROWNING(BOAT CAPSIZE),780,27,6,33,697,271,968
TOTAL(STATES),2009,DROWNING(OTHER),24086,339,181,520,18510,6175,24685
TOTAL(STATES),2009,ELECTROCUTION,8449,349,84,433,7078,1237,8315
TOTAL(STATES),2009,EXPLOSION(BOMB EXPLOSION),323,401,90,491,233,28,261
TOTAL(STATES),2009,EXPLOSION(OTHER EXPLOSION LIKE BOILERS, GAS CYLINDER ETC.),359,178,33,211,252,129,381
TOTAL(STATES),2009,FALLS(FALL FROM HEIGHT),9055,706,218,924,7078,1218,8296
TOTAL(STATES),2009,FALL INTO PIT/MANHOLE,3121,1154,302,1456,1451,338,1789
TOTAL(STATES),2009,FACTORY/MACHINE ACCIDENTS,1230,313,60,373,838,135,973
TOTAL(STATES),2009,FIRE(FIREWORKS/CRACKERS),578,157,99,256,246,298,544
TOTAL(STATES),2009,FIRE(SHORT-CIRCUIT),1353,157,45,202,996,273,1269
TOTAL(STATES),2009,GAS CYLINDER/STOVE BURST,3983,71,129,200,979,3028,4007
TOTAL(STATES),2009,OTHER FIRE ACCIDENTS,18497,848,1455,2303,5286,11657,16943
TOTAL(STATES),2009,FIRE-ARMS,1693,517,107,624,1229,228,1457
TOTAL(STATES),2009,SUDDEN DEATHS(HEART ATTACKS),18145,2260,1544,3804,13450,2181,15631
TOTAL(STATES),2009,EPILEPTIC FITS/GIDDINESS,4620,347,157,504,2660,655,3315
TOTAL(STATES),2009,ABORTIONS/CHILD BIRTH,1053,0,44,44,0,792,792
TOTAL(STATES),2009,INFLUENCE OF ALCOHOL,4277,488,10,498,3933,160,4093
TOTAL(STATES),2009,KILLED BY ANIMALS,1287,130,68,198,737,219,956
TOTAL(STATES),2009,MINES OR QUARY DISASTER,482,39,7,46,287,134,421
TOTAL(STATES),2009,FOOD POISIONING/ACCIDENTAL INTAKE OF INSECTICIDES ETC.,9206,884,778,1662,5036,3062,8098
TOTAL(STATES),2009,SPURIOUS/POISIONOUS LIQUOR,1167,94,14,108,1034,392,1426
TOTAL(STATES),2009,LEAKAGE OF POISINOUS GASES ETC.,539,9,1,10,195,51,246
TOTAL(STATES),2009,SNAKE BITE/ANIMAL BITE,9088,1197,703,1900,4935,3072,8007
TOTAL(STATES),2009,OTHER,8711,950,634,1584,5769,2800,8569
TOTAL(STATES),2009,STAMPEDE,1532,4,2,6,74,36,110
TOTAL(STATES),2009,SUFFOCATION,1191,16,4,20,902,343,1245
TOTAL(STATES),2009,TRAFFIC ACCIDENTS(ROAD ACCIDENTS),411554,376027,82209,458236,106143,18244,124387
TOTAL(STATES),2009,TRAFFIC ACCIDENTS(RAIL-ROAD ACCIDENTS),2077,326,148,474,1253,263,1516
TOTAL(STATES),2009,OTHER RAILWAY ACCIDENTS,26239,2926,509,3435,19778,3543,23321
TOTAL(STATES),2009,OTHER,36535,3468,864,4332,26694,7919,34613
TOTAL(STATES),2009,CAUSES NOT KNOWN,17401,1043,325,1368,12557,4262,16819
TOTAL(STATES),2009,TOTAL,631288,395760,90943,486703,252343,73923,326266
TOTAL(STATES),2009,TOTAL COLLAPSE,2669,335,113,448,2021,780,2801
TOTAL(STATES),2009,TOTAL DROWNING,24866,366,187,553,19207,6446,25653
TOTAL(STATES),2009,TOTAL EXPLOSION,682,579,123,702,485,157,642
TOTAL(STATES),2009,TOTAL FALLS,12176,1860,520,2380,8529,1556,10085
TOTAL(STATES),2009,TOTAL FIRE,24411,1233,1728,2961,7507,15256,22763
TOTAL(STATES),2009,TOTAL SUDDEN DEATHS,28095,3095,1755,4850,20043,3788,23831
TOTAL(STATES),2009,TOTAL POISONING,28711,3134,2130,5264,16969,9377,26346
TOTAL(STATES),2009,TOTAL TRAFFIC ACCIDENTS,439870,379279,82866,462145,127174,22050,149224
TOTAL(STATES),2010,AIR-CRASH,14,1,1,2,18,5,23
TOTAL(STATES),2010,COLLAPSE OF STRUCTURE(HOUSE),981,149,70,219,629,333,962
TOTAL(STATES),2010,COLLAPSE OF STRUCTURE(BUILDING),249,94,29,123,221,74,295
TOTAL(STATES),2010,COLLAPSE OF STRUCTURE(DAM),15,0,0,0,11,4,15
TOTAL(STATES),2010,COLLAPSE OF STRUCTURE(BRIDGE),46,5,0,5,42,6,48
TOTAL(STATES),2010,COLLAPSE OF STRUCTURE(OTHERS),1304,175,59,234,937,278,1215
TOTAL(STATES),2010,DROWNING(BOAT CAPSIZE),794,83,54,137,548,211,759
TOTAL(STATES),2010,DROWNING(OTHER),26505,396,203,599,20603,6378,26981
TOTAL(STATES),2010,ELECTROCUTION,8915,349,71,420,7459,1367,8826
TOTAL(STATES),2010,EXPLOSION(BOMB EXPLOSION),159,150,50,200,98,14,112
TOTAL(STATES),2010,EXPLOSION(OTHER EXPLOSION LIKE BOILERS, GAS CYLINDER ETC.),405,55,27,82,224,150,374
TOTAL(STATES),2010,FALLS(FALL FROM HEIGHT),10383,907,338,1245,7924,1456,9380
TOTAL(STATES),2010,FALL INTO PIT/MANHOLE,2581,669,258,927,1419,298,1717
TOTAL(STATES),2010,FACTORY/MACHINE ACCIDENTS,1416,461,57,518,858,122,980
TOTAL(STATES),2010,FIRE(FIREWORKS/CRACKERS),377,93,69,162,144,123,267
TOTAL(STATES),2010,FIRE(SHORT-CIRCUIT),1343,105,49,154,986,281,1267
TOTAL(STATES),2010,GAS CYLINDER/STOVE BURST,4827,102,201,303,1172,3555,4727
TOTAL(STATES),2010,OTHER FIRE ACCIDENTS,19107,973,1500,2473,5687,12061,17748
TOTAL(STATES),2010,FIRE-ARMS,1717,459,86,545,1366,273,1639
TOTAL(STATES),2010,SUDDEN DEATHS(HEART ATTACKS),21102,2459,1596,4055,14801,2379,17180
TOTAL(STATES),2010,EPILEPTIC FITS/GIDDINESS,4341,315,157,472,3055,831,3886
TOTAL(STATES),2010,ABORTIONS/CHILD BIRTH,855,0,68,68,0,773,773
TOTAL(STATES),2010,INFLUENCE OF ALCOHOL,4895,509,7,516,4352,139,4491
TOTAL(STATES),2010,KILLED BY ANIMALS,1116,163,51,214,744,233,977
TOTAL(STATES),2010,MINES OR QUARY DISASTER,349,14,4,18,275,80,355
TOTAL(STATES),2010,FOOD POISIONING/ACCIDENTAL INTAKE OF INSECTICIDES ETC.,10504,915,759,1674,5746,3630,9376
TOTAL(STATES),2010,SPURIOUS/POISIONOUS LIQUOR,1205,53,17,70,871,310,1181
TOTAL(STATES),2010,LEAKAGE OF POISINOUS GASES ETC.,152,7,1,8,127,27,154
TOTAL(STATES),2010,SNAKE BITE/ANIMAL BITE,12385,2240,1730,3970,5235,3370,8605
TOTAL(STATES),2010,OTHER,9619,977,715,1692,5748,2656,8404
TOTAL(STATES),2010,STAMPEDE,106,8,2,10,85,26,111
TOTAL(STATES),2010,SUFFOCATION,1361,16,8,24,998,387,1385
TOTAL(STATES),2010,TRAFFIC ACCIDENTS(ROAD ACCIDENTS),421049,376162,85503,461665,111555,19724,131279
TOTAL(STATES),2010,TRAFFIC ACCIDENTS(RAIL-ROAD ACCIDENTS),2840,147,44,191,2876,468,3344
TOTAL(STATES),2010,OTHER RAILWAY ACCIDENTS,26762,3140,573,3713,19867,3506,23373
TOTAL(STATES),2010,OTHER,41711,2614,1214,3828,30106,8791,38897
TOTAL(STATES),2010,CAUSES NOT KNOWN,20624,2254,1065,3319,14994,4542,19536
TOTAL(STATES),2010,TOTAL,662114,397219,96636,493855,271781,78861,350642
TOTAL(STATES),2010,TOTAL COLLAPSE,2595,423,158,581,1840,695,2535
TOTAL(STATES),2010,TOTAL DROWNING,27299,479,257,736,21151,6589,27740
TOTAL(STATES),2010,TOTAL EXPLOSION,564,205,77,282,322,164,486
TOTAL(STATES),2010,TOTAL FALLS,12964,1576,596,2172,9343,1754,11097
TOTAL(STATES),2010,TOTAL FIRE,25654,1273,1819,3092,7989,16020,24009
TOTAL(STATES),2010,TOTAL SUDDEN DEATHS,31193,3283,1828,5111,22208,4122,26330
TOTAL(STATES),2010,TOTAL POISONING,33865,4192,3222,7414,17727,9993,27720
TOTAL(STATES),2010,TOTAL TRAFFIC ACCIDENTS,450651,379449,86120,465569,134298,23698,157996
TOTAL(STATES),2011,AIR-CRASH,5,0,0,0,15,3,18
TOTAL(STATES),2011,COLLAPSE OF STRUCTURE(HOUSE),1060,186,96,282,663,365,1028
TOTAL(STATES),2011,COLLAPSE OF STRUCTURE(BUILDING),441,86,34,120,316,88,404
TOTAL(STATES),2011,COLLAPSE OF STRUCTURE(DAM),42,3,1,4,35,9,44
TOTAL(STATES),2011,COLLAPSE OF STRUCTURE(BRIDGE),102,39,19,58,76,43,119
TOTAL(STATES),2011,COLLAPSE OF STRUCTURE(OTHERS),1388,128,48,176,1106,380,1486
TOTAL(STATES),2011,DROWNING(BOAT CAPSIZE),672,35,12,47,615,217,832
TOTAL(STATES),2011,DROWNING(OTHER),27845,421,198,619,21632,6848,28480
TOTAL(STATES),2011,ELECTROCUTION,8780,311,85,396,7472,1279,8751
TOTAL(STATES),2011,EXPLOSION(BOMB EXPLOSION),157,235,27,262,121,13,134
TOTAL(STATES),2011,EXPLOSION(OTHER EXPLOSION LIKE BOILERS, GAS CYLINDER ETC.),301,40,36,76,241,120,361
TOTAL(STATES),2011,FALLS(FALL FROM HEIGHT),9962,611,191,802,8102,1372,9474
TOTAL(STATES),2011,FALL INTO PIT/MANHOLE,2614,728,152,880,1493,332,1825
TOTAL(STATES),2011,FACTORY/MACHINE ACCIDENTS,1399,437,46,483,913,123,1036
TOTAL(STATES),2011,FIRE(FIREWORKS/CRACKERS),301,91,43,134,113,115,228
TOTAL(STATES),2011,FIRE(SHORT-CIRCUIT),1583,144,51,195,1214,269,1483
TOTAL(STATES),2011,GAS CYLINDER/STOVE BURST,3986,99,166,265,848,3036,3884
TOTAL(STATES),2011,OTHER FIRE ACCIDENTS,20088,981,1586,2567,5926,12658,18584
TOTAL(STATES),2011,FIRE-ARMS,1346,305,61,366,973,236,1209
TOTAL(STATES),2011,SUDDEN DEATHS(HEART ATTACKS),20827,2725,1806,4531,13808,2310,16118
TOTAL(STATES),2011,EPILEPTIC FITS/GIDDINESS,4378,343,126,469,3450,891,4341
TOTAL(STATES),2011,ABORTIONS/CHILD BIRTH,911,0,58,58,0,851,851
TOTAL(STATES),2011,INFLUENCE OF ALCOHOL,4785,472,15,487,3992,153,4145
TOTAL(STATES),2011,KILLED BY ANIMALS,1053,118,78,196,981,247,1228
TOTAL(STATES),2011,MINES OR QUARY DISASTER,369,21,8,29,288,96,384
TOTAL(STATES),2011,FOOD POISIONING/ACCIDENTAL INTAKE OF INSECTICIDES ETC.,11000,1399,1148,2547,5735,3174,8909
TOTAL(STATES),2011,SPURIOUS/POISIONOUS LIQUOR,1096,28,18,46,1052,357,1409
TOTAL(STATES),2011,LEAKAGE OF POISINOUS GASES ETC.,153,0,3,3,154,25,179
TOTAL(STATES),2011,SNAKE BITE/ANIMAL BITE,13371,2636,2148,4784,5210,3344,8554
TOTAL(STATES),2011,OTHER,11235,944,728,1672,6848,3302,10150
TOTAL(STATES),2011,STAMPEDE,314,12,15,27,412,77,489
TOTAL(STATES),2011,SUFFOCATION,3193,1287,262,1549,1432,562,1994
TOTAL(STATES),2011,TRAFFIC ACCIDENTS(ROAD ACCIDENTS),430563,364597,94751,459348,114354,19903,134257
TOTAL(STATES),2011,TRAFFIC ACCIDENTS(RAIL-ROAD ACCIDENTS),2378,818,136,954,1956,402,2358
TOTAL(STATES),2011,OTHER RAILWAY ACCIDENTS,29161,3260,526,3786,21154,3695,24849
TOTAL(STATES),2011,OTHER,41404,3362,1571,4933,28762,9298,38060
TOTAL(STATES),2011,CAUSES NOT KNOWN,19112,1351,699,2050,15090,4946,20036
TOTAL(STATES),2011,TOTAL,677375,388253,106948,495201,276552,81139,357691
TOTAL(STATES),2011,TOTAL COLLAPSE,3033,442,198,640,2196,885,3081
TOTAL(STATES),2011,TOTAL DROWNING,28517,456,210,666,22247,7065,29312
TOTAL(STATES),2011,TOTAL EXPLOSION,458,275,63,338,362,133,495
TOTAL(STATES),2011,TOTAL FALLS,12576,1339,343,1682,9595,1704,11299
TOTAL(STATES),2011,TOTAL FIRE,25958,1315,1846,3161,8101,16078,24179
TOTAL(STATES),2011,TOTAL SUDDEN DEATHS,30901,3540,2005,5545,21250,4205,25455
TOTAL(STATES),2011,TOTAL POISONING,36855,5007,4045,9052,18999,10202,29201
TOTAL(STATES),2011,TOTAL TRAFFIC ACCIDENTS,462102,368675,95413,464088,137464,24000,161464
TOTAL(STATES),2012,AIR-CRASH,4,0,0,0,12,2,14
TOTAL(STATES),2012,COLLAPSE OF STRUCTURE(HOUSE),784,146,72,218,546,298,844
TOTAL(STATES),2012,COLLAPSE OF STRUCTURE(BUILDING),319,56,28,84,254,58,312
TOTAL(STATES),2012,COLLAPSE OF STRUCTURE(DAM),27,0,0,0,24,7,31
TOTAL(STATES),2012,COLLAPSE OF STRUCTURE(BRIDGE),45,24,29,53,48,16,64
TOTAL(STATES),2012,COLLAPSE OF STRUCTURE(OTHERS),1505,314,109,423,984,375,1359
TOTAL(STATES),2012,DROWNING(BOAT CAPSIZE),597,47,11,58,523,143,666
TOTAL(STATES),2012,DROWNING(OTHER),26130,510,237,747,20218,6358,26576
TOTAL(STATES),2012,ELECTROCUTION,8644,340,99,439,7267,1295,8562
TOTAL(STATES),2012,EXPLOSION(BOMB EXPLOSION),241,156,26,182,75,12,87
TOTAL(STATES),2012,EXPLOSION(OTHER EXPLOSION LIKE BOILERS, GAS CYLINDER ETC.),291,70,37,107,187,110,297
TOTAL(STATES),2012,FALLS(FALL FROM HEIGHT),10517,543,165,708,8643,1411,10054
TOTAL(STATES),2012,FALL INTO PIT/MANHOLE,2457,609,182,791,1417,312,1729
TOTAL(STATES),2012,FACTORY/MACHINE ACCIDENTS,1303,405,45,450,861,87,948
TOTAL(STATES),2012,FIRE(FIREWORKS/CRACKERS),466,92,80,172,199,305,504
TOTAL(STATES),2012,FIRE(SHORT-CIRCUIT),1422,117,43,160,1129,264,1393
TOTAL(STATES),2012,GAS CYLINDER/STOVE BURST,3709,102,136,238,825,2840,3665
TOTAL(STATES),2012,OTHER FIRE ACCIDENTS,19075,915,1504,2419,5546,11868,17414
TOTAL(STATES),2012,FIRE-ARMS,1370,400,76,476,971,207,1178
TOTAL(STATES),2012,SUDDEN DEATHS(HEART ATTACKS),22438,2615,1796,4411,15758,2390,18148
TOTAL(STATES),2012,EPILEPTIC FITS/GIDDINESS,4004,203,87,290,2901,809,3710
TOTAL(STATES),2012,ABORTIONS/CHILD BIRTH,967,0,43,43,0,908,908
TOTAL(STATES),2012,INFLUENCE OF ALCOHOL,5410,491,20,511,4849,132,4981
TOTAL(STATES),2012,KILLED BY ANIMALS,1102,150,64,214,758,195,953
TOTAL(STATES),2012,MINES OR QUARY DISASTER,344,41,16,57,255,104,359
TOTAL(STATES),2012,FOOD POISIONING/ACCIDENTAL INTAKE OF INSECTICIDES ETC.,11023,1773,1384,3157,5193,3239,8432
TOTAL(STATES),2012,SPURIOUS/POISIONOUS LIQUOR,720,28,1,29,547,179,726
TOTAL(STATES),2012,LEAKAGE OF POISINOUS GASES ETC.,144,7,3,10,128,38,166
TOTAL(STATES),2012,SNAKE BITE/ANIMAL BITE,13462,2730,2224,4954,5281,3585,8866
TOTAL(STATES),2012,OTHER,12552,891,562,1453,8340,3979,12319
TOTAL(STATES),2012,STAMPEDE,62,24,25,49,54,16,70
TOTAL(STATES),2012,SUFFOCATION,2060,14,13,27,1491,577,2068
TOTAL(STATES),2012,TRAFFIC ACCIDENTS(ROAD ACCIDENTS),430812,371935,88900,460835,116452,20319,136771
TOTAL(STATES),2012,TRAFFIC ACCIDENTS(RAIL-ROAD ACCIDENTS),1761,92,30,122,1487,320,1807
TOTAL(STATES),2012,OTHER RAILWAY ACCIDENTS,30347,3905,697,4602,22630,3774,26404
TOTAL(STATES),2012,OTHER,45848,5347,2026,7373,30526,9815,40341
TOTAL(STATES),2012,CAUSES NOT KNOWN,21435,937,525,1462,15090,5361,20451
TOTAL(STATES),2012,TOTAL,683397,396029,101295,497324,281469,81708,363177
TOTAL(STATES),2012,TOTAL COLLAPSE,2680,540,238,778,1856,754,2610
TOTAL(STATES),2012,TOTAL DROWNING,26727,557,248,805,20741,6501,27242
TOTAL(STATES),2012,TOTAL EXPLOSION,532,226,63,289,262,122,384
TOTAL(STATES),2012,TOTAL FALLS,12974,1152,347,1499,10060,1723,11783
TOTAL(STATES),2012,TOTAL FIRE,24672,1226,1763,2989,7699,15277,22976
TOTAL(STATES),2012,TOTAL SUDDEN DEATHS,32819,3309,1946,5255,23508,4239,27747
TOTAL(STATES),2012,TOTAL POISONING,37901,5429,4174,9603,19489,11020,30509
TOTAL(STATES),2012,TOTAL TRAFFIC ACCIDENTS,462920,375932,89627,465559,140569,24413,164982
A & N ISLANDS,2001,AIR-CRASH,0,0,0,0,0,0,0
A & N ISLANDS,2001,COLLAPSE OF STRUCTURE(HOUSE),0,0,0,0,0,0,0
A & N ISLANDS,2001,COLLAPSE OF STRUCTURE(BUILDING),0,0,0,0,0,0,0
A & N ISLANDS,2001,COLLAPSE OF STRUCTURE(DAM),0,0,0,0,0,0,0
A & N ISLANDS,2001,COLLAPSE OF STRUCTURE(BRIDGE),0,0,0,0,0,0,0
A & N ISLANDS,2001,COLLAPSE OF STRUCTURE(OTHERS),0,0,0,0,0,0,0
A & N ISLANDS,2001,DROWNING(BOAT CAPSIZE),0,0,0,0,0,0,0
A & N ISLANDS,2001,DROWNING(OTHER),27,0,0,0,24,4,28
A & N ISLANDS,2001,ELECTROCUTION,3,0,0,0,2,1,3
A & N ISLANDS,2001,EXPLOSION(BOMB EXPLOSION),0,0,0,0,0,0,0
A & N ISLANDS,2001,EXPLOSION(OTHER EXPLOSION LIKE BOILERS,,0,0,0,0,0,0,0
A & N ISLANDS,2001,FALLS(FALL FROM HEIGHT),5,0,0,0,5,0,5
A & N ISLANDS,2001,FALL INTO PIT/MANHOLE,0,0,0,0,0,0,0
A & N ISLANDS,2001,FACTORY/MACHINE ACCIDENTS,0,0,0,0,0,0,0
A & N ISLANDS,2001,FIRE(FIREWORKS/CRACKERS),0,0,0,0,0,0,0
A & N ISLANDS,2001,FIRE(SHORT-CIRCUIT),0,0,0,0,0,0,0
A & N ISLANDS,2001,GAS CYLINDER/STOVE BURST,0,0,0,0,0,0,0
A & N ISLANDS,2001,OTHER FIRE ACCIDENTS,27,0,0,0,5,22,27
A & N ISLANDS,2001,FIRE-ARMS,0,0,0,0,0,0,0
A & N ISLANDS,2001,SUDDEN DEATHS(HEART ATTACKS),10,0,0,0,10,0,10
A & N ISLANDS,2001,EPILEPTIC FITS/GIDDINESS,0,0,0,0,0,0,0
A & N ISLANDS,2001,ABORTIONS/CHILD BIRTH,0,0,0,0,0,0,0
A & N ISLANDS,2001,INFLUENCE OF ALCOHOL,0,0,0,0,0,0,0
A & N ISLANDS,2001,KILLED BY ANIMALS,4,0,0,0,4,0,4
A & N ISLANDS,2001,MINES OR QUARY DISASTER,0,0,0,0,0,0,0
A & N ISLANDS,2001,FOOD POISIONING/ACCIDENTAL INTAKE OF INSECTICIDES ETC.,0,0,0,0,0,0,0
A & N ISLANDS,2001,SPURIOUS/POISIONOUS LIQUOR,0,0,0,0,0,0,0
A & N ISLANDS,2001,LEAKAGE OF POISINOUS GASES ETC.,0,0,0,0,0,0,0
A & N ISLANDS,2001,SNAKE BITE/ANIMAL BITE,0,0,0,0,0,0,0
A & N ISLANDS,2001,OTHER,1,0,0,0,3,3,6
A & N ISLANDS,2001,STAMPEDE,0,0,0,0,0,0,0
A & N ISLANDS,2001,SUFFOCATION,0,0,0,0,0,0,0
A & N ISLANDS,2001,TRAFFIC ACCIDENTS(ROAD ACCIDENTS),181,208,43,251,16,1,17
A & N ISLANDS,2001,TRAFFIC ACCIDENTS(RAIL-ROAD ACCIDENTS),0,0,0,0,0,0,0
A & N ISLANDS,2001,OTHER RAILWAY ACCIDENTS,0,0,0,0,0,0,0
A & N ISLANDS,2001,OTHER,55,0,0,0,44,11,55
A & N ISLANDS,2001,CAUSES NOT KNOWN,7,0,0,0,5,2,7
A & N ISLANDS,2001,TOTAL,320,208,43,251,118,44,162
A & N ISLANDS,2001,TOTAL COLLAPSE,0,0,0,0,0,0,0
A & N ISLANDS,2001,TOTAL DROWNING,27,0,0,0,24,4,28
A & N ISLANDS,2001,TOTAL EXPLOSION,0,0,0,0,0,0,0
A & N ISLANDS,2001,TOTAL FALLS,5,0,0,0,5,0,5
A & N ISLANDS,2001,TOTAL FIRE,27,0,0,0,5,22,27
A & N ISLANDS,2001,TOTAL SUDDEN DEATHS,10,0,0,0,10,0,10
A & N ISLANDS,2001,TOTAL POISONING,1,0,0,0,3,3,6
A & N ISLANDS,2001,TOTAL TRAFFIC ACCIDENTS,181,208,43,251,16,1,17
A & N ISLANDS,2002,AIR-CRASH,0,0,0,0,0,0,0
A & N ISLANDS,2002,COLLAPSE OF STRUCTURE(HOUSE),0,0,0,0,0,0,0
A & N ISLANDS,2002,COLLAPSE OF STRUCTURE(BUILDING),0,0,0,0,0,0,0
A & N ISLANDS,2002,COLLAPSE OF STRUCTURE(DAM),0,0,0,0,0,0,0
A & N ISLANDS,2002,COLLAPSE OF STRUCTURE(BRIDGE),0,0,0,0,0,0,0
A & N ISLANDS,2002,COLLAPSE OF STRUCTURE(OTHERS),0,0,0,0,0,0,0
A & N ISLANDS,2002,DROWNING(BOAT CAPSIZE),0,0,0,0,0,0,0
A & N ISLANDS,2002,DROWNING(OTHER),26,0,0,0,23,5,28
A & N ISLANDS,2002,ELECTROCUTION,6,0,0,0,6,1,7
A & N ISLANDS,2002,EXPLOSION(BOMB EXPLOSION),0,0,0,0,0,0,0
A & N ISLANDS,2002,EXPLOSION(OTHER EXPLOSION LIKE BOILERS, GAS CYLINDER ETC.),0,0,0,0,0,0,0
A & N ISLANDS,2002,FALLS(FALL FROM HEIGHT),12,0,0,0,12,1,13
A & N ISLANDS,2002,FALL INTO PIT/MANHOLE,0,0,0,0,0,0,0
A & N ISLANDS,2002,FACTORY/MACHINE ACCIDENTS,0,0,0,0,0,0,0
A & N ISLANDS,2002,FIRE(FIREWORKS/CRACKERS),0,0,0,0,0,0,0
A & N ISLANDS,2002,FIRE(SHORT-CIRCUIT),0,0,0,0,0,0,0
A & N ISLANDS,2002,GAS CYLINDER/STOVE BURST,0,0,0,0,0,0,0
A & N ISLANDS,2002,OTHER FIRE ACCIDENTS,21,0,0,0,3,18,21
A & N ISLANDS,2002,FIRE-ARMS,0,0,0,0,0,0,0
A & N ISLANDS,2002,SUDDEN DEATHS(HEART ATTACKS),18,0,0,0,17,1,18
A & N ISLANDS,2002,EPILEPTIC FITS/GIDDINESS,0,0,0,0,0,0,0
A & N ISLANDS,2002,ABORTIONS/CHILD BIRTH,1,0,0,0,0,1,1
A & N ISLANDS,2002,INFLUENCE OF ALCOHOL,15,0,0,0,15,0,15
A & N ISLANDS,2002,KILLED BY ANIMALS,2,0,0,0,2,0,2
A & N ISLANDS,2002,MINES OR QUARY DISASTER,1,0,0,0,1,0,1
A & N ISLANDS,2002,FOOD POISIONING/ACCIDENTAL INTAKE OF INSECTICIDES ETC.,0,0,0,0,0,0,0
A & N ISLANDS,2002,SPURIOUS/POISIONOUS LIQUOR,0,0,0,0,0,0,0
A & N ISLANDS,2002,LEAKAGE OF POISINOUS GASES ETC.,0,0,0,0,0,0,0
A & N ISLANDS,2002,SNAKE BITE/ANIMAL BITE,0,0,0,0,0,0,0
A & N ISLANDS,2002,OTHER,0,0,0,0,0,0,0
A & N ISLANDS,2002,STAMPEDE,0,0,0,0,0,0,0
A & N ISLANDS,2002,SUFFOCATION,0,0,0,0,0,0,0
A & N ISLANDS,2002,TRAFFIC ACCIDENTS(ROAD ACCIDENTS),168,196,47,243,19,2,21
A & N ISLANDS,2002,TRAFFIC ACCIDENTS(RAIL-ROAD ACCIDENTS),0,0,0,0,0,0,0
A & N ISLANDS,2002,OTHER RAILWAY ACCIDENTS,0,0,0,0,0,0,0
A & N ISLANDS,2002,OTHER,49,0,0,0,38,11,49
A & N ISLANDS,2002,CAUSES NOT KNOWN,2,0,0,0,1,1,2
A & N ISLANDS,2002,TOTAL,321,196,47,243,137,41,178
A & N ISLANDS,2002,TOTAL COLLAPSE,0,0,0,0,0,0,0
A & N ISLANDS,2002,TOTAL DROWNING,26,0,0,0,23,5,28
A & N ISLANDS,2002,TOTAL EXPLOSION,0,0,0,0,0,0,0
A & N ISLANDS,2002,TOTAL FALLS,12,0,0,0,12,1,13
A & N ISLANDS,2002,TOTAL FIRE,21,0,0,0,3,18,21
A & N ISLANDS,2002,TOTAL SUDDEN DEATHS,34,0,0,0,32,2,34
A & N ISLANDS,2002,TOTAL POISONING,0,0,0,0,0,0,0
A & N ISLANDS,2002,TOTAL TRAFFIC ACCIDENTS,168,196,47,243,19,2,21
A & N ISLANDS,2003,AIR-CRASH,0,0,0,0,0,0,0
A & N ISLANDS,2003,COLLAPSE OF STRUCTURE(HOUSE),0,0,0,0,0,0,0
A & N ISLANDS,2003,COLLAPSE OF STRUCTURE(BUILDING),4,0,0,0,4,0,4
A & N ISLANDS,2003,COLLAPSE OF STRUCTURE(DAM),0,0,0,0,0,0,0
A & N ISLANDS,2003,COLLAPSE OF STRUCTURE(BRIDGE),1,0,0,0,1,0,1
A & N ISLANDS,2003,COLLAPSE OF STRUCTURE(OTHERS),0,0,0,0,0,0,0
A & N ISLANDS,2003,DROWNING(BOAT CAPSIZE),1,0,0,0,1,1,2
A & N ISLANDS,2003,DROWNING(OTHER),39,0,0,0,29,12,41
A & N ISLANDS,2003,ELECTROCUTION,0,0,0,0,0,0,0
A & N ISLANDS,2003,EXPLOSION(BOMB EXPLOSION),0,0,0,0,0,0,0
A & N ISLANDS,2003,EXPLOSION(OTHER EXPLOSION LIKE BOILERS,,0,0,0,0,0,0,0
A & N ISLANDS,2003,FALLS(FALL FROM HEIGHT),9,0,0,0,8,1,9
A & N ISLANDS,2003,FALL INTO PIT/MANHOLE,3,0,0,0,3,0,3
A & N ISLANDS,2003,FACTORY/MACHINE ACCIDENTS,0,0,0,0,0,0,0
A & N ISLANDS,2003,FIRE(FIREWORKS/CRACKERS),0,0,0,0,0,0,0
A & N ISLANDS,2003,FIRE(SHORT-CIRCUIT),5,0,0,0,5,0,5
A & N ISLANDS,2003,GAS CYLINDER/STOVE BURST,0,0,0,0,0,0,0
A & N ISLANDS,2003,OTHER FIRE ACCIDENTS,23,0,0,0,3,20,23
A & N ISLANDS,2003,FIRE-ARMS,0,0,0,0,0,0,0
A & N ISLANDS,2003,SUDDEN DEATHS(HEART ATTACKS),19,0,0,0,12,7,19
A & N ISLANDS,2003,EPILEPTIC FITS/GIDDINESS,1,0,0,0,1,0,1
A & N ISLANDS,2003,ABORTIONS/CHILD BIRTH,0,0,0,0,0,0,0
A & N ISLANDS,2003,INFLUENCE OF ALCOHOL,12,0,0,0,12,0,12
A & N ISLANDS,2003,KILLED BY ANIMALS,1,0,0,0,2,1,3
A & N ISLANDS,2003,MINES OR QUARY DISASTER,0,0,0,0,0,0,0
A & N ISLANDS,2003,FOOD POISIONING/ACCIDENTAL INTAKE OF INSECTICIDES ETC.,0,0,0,0,0,0,0
A & N ISLANDS,2003,SPURIOUS/POISIONOUS LIQUOR,0,0,0,0,0,0,0
A & N ISLANDS,2003,LEAKAGE OF POISINOUS GASES ETC.,0,0,0,0,0,0,0
A & N ISLANDS,2003,SNAKE BITE/ANIMAL BITE,1,0,0,0,1,0,1
A & N ISLANDS,2003,OTHER,0,0,0,0,0,0,0
A & N ISLANDS,2003,STAMPEDE,0,0,0,0,0,0,0
A & N ISLANDS,2003,SUFFOCATION,0,0,0,0,0,0,0
A & N ISLANDS,2003,TRAFFIC ACCIDENTS(ROAD ACCIDENTS),180,225,27,252,11,1,12
A & N ISLANDS,2003,TRAFFIC ACCIDENTS(RAIL-ROAD ACCIDENTS),0,0,0,0,0,0,0
A & N ISLANDS,2003,OTHER RAILWAY ACCIDENTS,0,0,0,0,0,0,0
A & N ISLANDS,2003,OTHER,25,0,0,0,18,7,25
A & N ISLANDS,2003,CAUSES NOT KNOWN,3,0,0,0,3,0,3
A & N ISLANDS,2003,TOTAL,327,225,27,252,114,50,164
A & N ISLANDS,2003,TOTAL COLLAPSE,5,0,0,0,5,0,5
A & N ISLANDS,2003,TOTAL DROWNING,40,0,0,0,30,13,43
A & N ISLANDS,2003,TOTAL EXPLOSION,0,0,0,0,0,0,0
A & N ISLANDS,2003,TOTAL FALLS,12,0,0,0,11,1,12
A & N ISLANDS,2003,TOTAL FIRE,28,0,0,0,8,20,28
A & N ISLANDS,2003,TOTAL SUDDEN DEATHS,32,0,0,0,25,7,32
A & N ISLANDS,2003,TOTAL POISONING,1,0,0,0,1,0,1
A & N ISLANDS,2003,TOTAL TRAFFIC ACCIDENTS,180,225,27,252,11,1,12
A & N ISLANDS,2004,AIR-CRASH,0,0,0,0,0,0,0
A & N ISLANDS,2004,COLLAPSE OF STRUCTURE(HOUSE),0,0,0,0,0,0,0
A & N ISLANDS,2004,COLLAPSE OF STRUCTURE(BUILDING),0,0,0,0,0,0,0
A & N ISLANDS,2004,COLLAPSE OF STRUCTURE(DAM),0,0,0,0,0,0,0
A & N ISLANDS,2004,COLLAPSE OF STRUCTURE(BRIDGE),0,0,0,0,0,0,0
A & N ISLANDS,2004,COLLAPSE OF STRUCTURE(OTHERS),0,0,0,0,0,0,0
A & N ISLANDS,2004,DROWNING(BOAT CAPSIZE),0,0,0,0,0,0,0
A & N ISLANDS,2004,DROWNING(OTHER),33,0,0,0,28,6,34
A & N ISLANDS,2004,ELECTROCUTION,4,0,0,0,4,0,4
A & N ISLANDS,2004,EXPLOSION(BOMB EXPLOSION),0,0,0,0,0,0,0
A & N ISLANDS,2004,EXPLOSION(OTHER EXPLOSION LIKE BOILERS,,0,0,0,0,0,0,0
A & N ISLANDS,2004,FALLS(FALL FROM HEIGHT),7,0,0,0,5,2,7
A & N ISLANDS,2004,FALL INTO PIT/MANHOLE,0,0,0,0,0,0,0
A & N ISLANDS,2004,FACTORY/MACHINE ACCIDENTS,0,0,0,0,0,0,0
A & N ISLANDS,2004,FIRE(FIREWORKS/CRACKERS),0,0,0,0,0,0,0
A & N ISLANDS,2004,FIRE(SHORT-CIRCUIT),0,0,0,0,0,0,0
A & N ISLANDS,2004,GAS CYLINDER/STOVE BURST,12,0,0,0,1,11,12
A & N ISLANDS,2004,OTHER FIRE ACCIDENTS,10,0,0,0,3,8,11
A & N ISLANDS,2004,FIRE-ARMS,0,0,0,0,0,0,0
A & N ISLANDS,2004,SUDDEN DEATHS(HEART ATTACKS),37,0,0,0,30,7,37
A & N ISLANDS,2004,EPILEPTIC FITS/GIDDINESS,0,0,0,0,0,0,0
A & N ISLANDS,2004,ABORTIONS/CHILD BIRTH,1,0,0,0,0,1,1
A & N ISLANDS,2004,INFLUENCE OF ALCOHOL,0,0,0,0,0,0,0
A & N ISLANDS,2004,KILLED BY ANIMALS,2,0,0,0,2,0,2
A & N ISLANDS,2004,MINES OR QUARY DISASTER,0,0,0,0,0,0,0
A & N ISLANDS,2004,FOOD POISIONING/ACCIDENTAL INTAKE OF INSECTICIDES ETC.,0,0,0,0,0,0,0
A & N ISLANDS,2004,SPURIOUS/POISIONOUS LIQUOR,0,0,0,0,0,0,0
A & N ISLANDS,2004,LEAKAGE OF POISINOUS GASES ETC.,0,0,0,0,0,0,0
A & N ISLANDS,2004,SNAKE BITE/ANIMAL BITE,1,0,0,0,1,0,1
A & N ISLANDS,2004,OTHER,3,0,0,0,1,2,3
A & N ISLANDS,2004,STAMPEDE,0,0,0,0,0,0,0
A & N ISLANDS,2004,SUFFOCATION,1,0,0,0,0,1,1
A & N ISLANDS,2004,TRAFFIC ACCIDENTS(ROAD ACCIDENTS),215,214,93,307,12,3,15
A & N ISLANDS,2004,TRAFFIC ACCIDENTS(RAIL-ROAD ACCIDENTS),0,0,0,0,0,0,0
A & N ISLANDS,2004,OTHER RAILWAY ACCIDENTS,0,0,0,0,0,0,0
A & N ISLANDS,2004,OTHER,36,0,0,0,26,10,36
A & N ISLANDS,2004,CAUSES NOT KNOWN,14,0,0,0,70,51,121
A & N ISLANDS,2004,TOTAL,376,214,93,307,183,102,285
A & N ISLANDS,2004,TOTAL COLLAPSE,0,0,0,0,0,0,0
A & N ISLANDS,2004,TOTAL DROWNING,33,0,0,0,28,6,34
A & N ISLANDS,2004,TOTAL EXPLOSION,0,0,0,0,0,0,0
A & N ISLANDS,2004,TOTAL FALLS,7,0,0,0,5,2,7
A & N ISLANDS,2004,TOTAL FIRE,22,0,0,0,4,19,23
A & N ISLANDS,2004,TOTAL SUDDEN DEATHS,38,0,0,0,30,8,38
A & N ISLANDS,2004,TOTAL POISONING,4,0,0,0,2,2,4
A & N ISLANDS,2004,TOTAL TRAFFIC ACCIDENTS,215,214,93,307,12,3,15
A & N ISLANDS,2005,AIR-CRASH,0,0,0,0,0,0,0
A & N ISLANDS,2005,COLLAPSE OF STRUCTURE(HOUSE),0,0,0,0,0,0,0
A & N ISLANDS,2005,COLLAPSE OF STRUCTURE(BUILDING),0,0,0,0,0,0,0
A & N ISLANDS,2005,COLLAPSE OF STRUCTURE(DAM),0,0,0,0,0,0,0
A & N ISLANDS,2005,COLLAPSE OF STRUCTURE(BRIDGE),0,0,0,0,0,0,0
A & N ISLANDS,2005,COLLAPSE OF STRUCTURE(OTHERS),1,0,0,0,1,1,2
A & N ISLANDS,2005,DROWNING(BOAT CAPSIZE),0,0,0,0,0,0,0
A & N ISLANDS,2005,DROWNING(OTHER),26,0,0,0,19,9,28
A & N ISLANDS,2005,ELECTROCUTION,4,0,0,0,3,1,4
A & N ISLANDS,2005,EXPLOSION(BOMB EXPLOSION),0,0,0,0,0,0,0
A & N ISLANDS,2005,EXPLOSION(OTHER EXPLOSION LIKE BOILERS,,0,0,0,0,0,0,0
A & N ISLANDS,2005,FALLS(FALL FROM HEIGHT),7,0,0,0,5,2,7
A & N ISLANDS,2005,FALL INTO PIT/MANHOLE,0,0,0,0,0,0,0
A & N ISLANDS,2005,FACTORY/MACHINE ACCIDENTS,0,0,0,0,0,0,0
A & N ISLANDS,2005,FIRE(FIREWORKS/CRACKERS),0,0,0,0,0,0,0
A & N ISLANDS,2005,FIRE(SHORT-CIRCUIT),0,0,0,0,0,0,0
A & N ISLANDS,2005,GAS CYLINDER/STOVE BURST,11,0,0,0,2,9,11
A & N ISLANDS,2005,OTHER FIRE ACCIDENTS,14,0,0,0,2,12,14
A & N ISLANDS,2005,FIRE-ARMS,0,0,0,0,0,0,0
A & N ISLANDS,2005,SUDDEN DEATHS(HEART ATTACKS),36,0,0,0,34,2,36
A & N ISLANDS,2005,EPILEPTIC FITS/GIDDINESS,0,0,0,0,0,0,0
A & N ISLANDS,2005,ABORTIONS/CHILD BIRTH,1,0,0,0,0,1,1
A & N ISLANDS,2005,INFLUENCE OF ALCOHOL,0,0,0,0,0,0,0
A & N ISLANDS,2005,KILLED BY ANIMALS,0,0,0,0,0,0,0
A & N ISLANDS,2005,MINES OR QUARY DISASTER,0,0,0,0,0,0,0
A & N ISLANDS,2005,FOOD POISIONING/ACCIDENTAL INTAKE OF INSECTICIDES ETC.,2,0,0,0,0,2,2
A & N ISLANDS,2005,SPURIOUS/POISIONOUS LIQUOR,0,0,0,0,0,0,0
A & N ISLANDS,2005,LEAKAGE OF POISINOUS GASES ETC.,0,0,0,0,0,0,0
A & N ISLANDS,2005,SNAKE BITE/ANIMAL BITE,1,0,0,0,1,0,1
A & N ISLANDS,2005,OTHER,0,0,0,0,0,0,0
A & N ISLANDS,2005,STAMPEDE,0,0,0,0,0,0,0
A & N ISLANDS,2005,SUFFOCATION,0,0,0,0,0,0,0
A & N ISLANDS,2005,TRAFFIC ACCIDENTS(ROAD ACCIDENTS),206,257,71,328,18,5,23
A & N ISLANDS,2005,TRAFFIC ACCIDENTS(RAIL-ROAD ACCIDENTS),0,0,0,0,0,0,0
A & N ISLANDS,2005,OTHER RAILWAY ACCIDENTS,0,0,0,0,0,0,0
A & N ISLANDS,2005,OTHER,154,0,0,0,690,693,1383
A & N ISLANDS,2005,CAUSES NOT KNOWN,0,0,0,0,0,0,0
A & N ISLANDS,2005,TOTAL,463,257,71,328,775,737,1512
A & N ISLANDS,2005,TOTAL COLLAPSE,1,0,0,0,1,1,2
A & N ISLANDS,2005,TOTAL DROWNING,26,0,0,0,19,9,28
A & N ISLANDS,2005,TOTAL EXPLOSION,0,0,0,0,0,0,0
A & N ISLANDS,2005,TOTAL FALLS,7,0,0,0,5,2,7
A & N ISLANDS,2005,TOTAL FIRE,25,0,0,0,4,21,25
A & N ISLANDS,2005,TOTAL SUDDEN DEATHS,37,0,0,0,34,3,37
A & N ISLANDS,2005,TOTAL POISONING,3,0,0,0,1,2,3
A & N ISLANDS,2005,TOTAL TRAFFIC ACCIDENTS,206,257,71,328,18,5,23
A & N ISLANDS,2006,AIR-CRASH,0,0,0,0,0,0,0
A & N ISLANDS,2006,COLLAPSE OF STRUCTURE(HOUSE),0,0,0,0,0,0,0
A & N ISLANDS,2006,COLLAPSE OF STRUCTURE(BUILDING),0,0,0,0,0,0,0
A & N ISLANDS,2006,COLLAPSE OF STRUCTURE(DAM),0,0,0,0,0,0,0
A & N ISLANDS,2006,COLLAPSE OF STRUCTURE(BRIDGE),0,0,0,0,0,0,0
A & N ISLANDS,2006,COLLAPSE OF STRUCTURE(OTHERS),0,0,0,0,0,0,0
A & N ISLANDS,2006,DROWNING(BOAT CAPSIZE),0,0,0,0,0,0,0
A & N ISLANDS,2006,DROWNING(OTHER),41,0,0,0,33,9,42
A & N ISLANDS,2006,ELECTROCUTION,4,0,0,0,3,1,4
A & N ISLANDS,2006,EXPLOSION(BOMB EXPLOSION),0,0,0,0,0,0,0
A & N ISLANDS,2006,EXPLOSION(OTHER EXPLOSION LIKE BOIL,0,0,0,0,0,0,0
A & N ISLANDS,2006,FALLS(FALL FROM HEIGHT),6,0,0,0,5,1,6
A & N ISLANDS,2006,FALL INTO PIT/MANHOLE,0,0,0,0,0,0,0
A & N ISLANDS,2006,FACTORY/MACHINE ACCIDENTS,0,0,0,0,0,0,0
A & N ISLANDS,2006,FIRE(FIREWORKS/CRACKERS),0,0,0,0,0,0,0
A & N ISLANDS,2006,FIRE(SHORT-CIRCUIT),0,0,0,0,0,0,0
A & N ISLANDS,2006,GAS CYLINDER/STOVE BURST,21,0,0,0,3,18,21
A & N ISLANDS,2006,OTHER FIRE ACCIDENTS,0,0,0,0,0,0,0
A & N ISLANDS,2006,FIRE-ARMS,0,0,0,0,0,0,0
A & N ISLANDS,2006,SUDDEN DEATHS(HEART ATTACKS),38,0,0,0,35,3,38
A & N ISLANDS,2006,EPILEPTIC FITS/GIDDINESS,0,0,0,0,0,0,0
A & N ISLANDS,2006,ABORTIONS/CHILD BIRTH,0,0,0,0,0,0,0
A & N ISLANDS,2006,INFLUENCE OF ALCOHOL,0,0,0,0,0,0,0
A & N ISLANDS,2006,KILLED BY ANIMALS,1,0,0,0,1,0,1
A & N ISLANDS,2006,MINES OR QUARY DISASTER,0,0,0,0,0,0,0
A & N ISLANDS,2006,FOOD POISIONING/ACCIDENTAL INTAKE OF INSECTICIDES ETC.,0,0,0,0,0,0,0
A & N ISLANDS,2006,SPURIOUS/POISIONOUS LIQUOR,0,0,0,0,0,0,0
A & N ISLANDS,2006,LEAKAGE OF POISINOUS GASES ETC.,0,0,0,0,0,0,0
A & N ISLANDS,2006,SNAKE BITE/ANIMAL BITE,1,0,0,0,1,0,1
A & N ISLANDS,2006,OTHER,2,0,0,0,1,1,2
A & N ISLANDS,2006,STAMPEDE,0,0,0,0,0,0,0
A & N ISLANDS,2006,SUFFOCATION,0,0,0,0,0,0,0
A & N ISLANDS,2006,TRAFFIC ACCIDENTS(ROAD ACCIDENTS),155,171,35,206,20,2,22
A & N ISLANDS,2006,TRAFFIC ACCIDENTS(RAIL-ROAD ACCIDENTS),0,0,0,0,0,0,0
A & N ISLANDS,2006,OTHER RAILWAY ACCIDENTS,0,0,0,0,0,0,0
A & N ISLANDS,2006,OTHER,50,0,0,0,41,9,50
A & N ISLANDS,2006,CAUSES NOT KNOWN,0,0,0,0,0,0,0
A & N ISLANDS,2006,TOTAL,319,171,35,206,143,44,187
A & N ISLANDS,2006,TOTAL COLLAPSE,0,0,0,0,0,0,0
A & N ISLANDS,2006,TOTAL DROWNING,41,0,0,0,33,9,42
A & N ISLANDS,2006,TOTAL EXPLOSION,0,0,0,0,0,0,0
A & N ISLANDS,2006,TOTAL FALLS,6,0,0,0,5,1,6
A & N ISLANDS,2006,TOTAL FIRE,21,0,0,0,3,18,21
A & N ISLANDS,2006,TOTAL SUDDEN DEATHS,38,0,0,0,35,3,38
A & N ISLANDS,2006,TOTAL POISONING,3,0,0,0,2,1,3
A & N ISLANDS,2006,TOTAL TRAFFIC ACCIDENTS,155,171,35,206,20,2,22
A & N ISLANDS,2007,AIR-CRASH,0,0,0,0,0,0,0
A & N ISLANDS,2007,COLLAPSE OF STRUCTURE(HOUSE),0,0,0,0,0,0,0
A & N ISLANDS,2007,COLLAPSE OF STRUCTURE(BUILDING),0,0,0,0,0,0,0
A & N ISLANDS,2007,COLLAPSE OF STRUCTURE(DAM),0,0,0,0,0,0,0
A & N ISLANDS,2007,COLLAPSE OF STRUCTURE(BRIDGE),0,0,0,0,0,0,0
A & N ISLANDS,2007,COLLAPSE OF STRUCTURE(OTHERS),11,0,0,0,7,4,11
A & N ISLANDS,2007,DROWNING(BOAT CAPSIZE),0,0,0,0,0,0,0
A & N ISLANDS,2007,DROWNING(OTHER),26,0,0,0,25,1,26
A & N ISLANDS,2007,ELECTROCUTION,9,0,0,0,8,1,9
A & N ISLANDS,2007,EXPLOSION(BOMB EXPLOSION),0,0,0,0,0,0,0
A & N ISLANDS,2007,EXPLOSION(OTHER EXPLOSION LIKE BOIL,0,0,0,0,0,0,0
A & N ISLANDS,2007,FALLS(FALL FROM HEIGHT),7,0,0,0,6,1,7
A & N ISLANDS,2007,FALL INTO PIT/MANHOLE,5,0,0,0,4,1,5
A & N ISLANDS,2007,FACTORY/MACHINE ACCIDENTS,0,0,0,0,0,0,0
A & N ISLANDS,2007,FIRE(FIREWORKS/CRACKERS),0,0,0,0,0,0,0
A & N ISLANDS,2007,FIRE(SHORT-CIRCUIT),0,0,0,0,0,0,0
A & N ISLANDS,2007,GAS CYLINDER/STOVE BURST,16,0,0,0,3,13,16
A & N ISLANDS,2007,OTHER FIRE ACCIDENTS,0,0,0,0,0,0,0
A & N ISLANDS,2007,FIRE-ARMS,0,0,0,0,0,0,0
A & N ISLANDS,2007,SUDDEN DEATHS(HEART ATTACKS),28,0,0,0,23,5,28
A & N ISLANDS,2007,EPILEPTIC FITS/GIDDINESS,0,0,0,0,0,0,0
A & N ISLANDS,2007,ABORTIONS/CHILD BIRTH,0,0,0,0,0,0,0
A & N ISLANDS,2007,INFLUENCE OF ALCOHOL,8,0,0,0,8,0,8
A & N ISLANDS,2007,KILLED BY ANIMALS,3,0,0,0,3,1,4
A & N ISLANDS,2007,MINES OR QUARY DISASTER,0,0,0,0,0,0,0
A & N ISLANDS,2007,FOOD POISIONING/ACCIDENTAL INTAKE OF INSECTICIDES ETC.,0,0,0,0,0,0,0
A & N ISLANDS,2007,SPURIOUS/POISIONOUS LIQUOR,0,0,0,0,0,0,0
A & N ISLANDS,2007,LEAKAGE OF POISINOUS GASES ETC.,0,0,0,0,0,0,0
A & N ISLANDS,2007,SNAKE BITE/ANIMAL BITE,0,0,0,0,0,0,0
A & N ISLANDS,2007,OTHER,1,0,0,0,1,0,1
A & N ISLANDS,2007,STAMPEDE,0,0,0,0,0,0,0
A & N ISLANDS,2007,SUFFOCATION,0,0,0,0,0,0,0
A & N ISLANDS,2007,TRAFFIC ACCIDENTS(ROAD ACCIDENTS),152,251,62,313,20,3,23
A & N ISLANDS,2007,TRAFFIC ACCIDENTS(RAIL-ROAD ACCIDENTS),0,0,0,0,0,0,0
A & N ISLANDS,2007,OTHER RAILWAY ACCIDENTS,0,0,0,0,0,0,0
A & N ISLANDS,2007,OTHER,44,0,0,0,35,9,44
A & N ISLANDS,2007,CAUSES NOT KNOWN,5,0,0,0,5,0,5
A & N ISLANDS,2007,TOTAL,315,251,62,313,148,39,187
A & N ISLANDS,2007,TOTAL COLLAPSE,11,0,0,0,7,4,11
A & N ISLANDS,2007,TOTAL DROWNING,26,0,0,0,25,1,26
A & N ISLANDS,2007,TOTAL EXPLOSION,0,0,0,0,0,0,0
A & N ISLANDS,2007,TOTAL FALLS,12,0,0,0,10,2,12
A & N ISLANDS,2007,TOTAL FIRE,16,0,0,0,3,13,16
A & N ISLANDS,2007,TOTAL SUDDEN DEATHS,36,0,0,0,31,5,36
A & N ISLANDS,2007,TOTAL POISONING,1,0,0,0,1,0,1
A & N ISLANDS,2007,TOTAL TRAFFIC ACCIDENTS,152,251,62,313,20,3,23
A & N ISLANDS,2008,AIR-CRASH,0,0,0,0,0,0,0
A & N ISLANDS,2008,COLLAPSE OF STRUCTURE(HOUSE),0,0,0,0,0,0,0
A & N ISLANDS,2008,COLLAPSE OF STRUCTURE(BUILDING),0,0,0,0,0,0,0
A & N ISLANDS,2008,COLLAPSE OF STRUCTURE(DAM),0,0,0,0,0,0,0
A & N ISLANDS,2008,COLLAPSE OF STRUCTURE(BRIDGE),0,0,0,0,0,0,0
A & N ISLANDS,2008,COLLAPSE OF STRUCTURE(OTHERS),2,0,0,0,4,0,4
A & N ISLANDS,2008,DROWNING(BOAT CAPSIZE),0,0,0,0,0,0,0
A & N ISLANDS,2008,DROWNING(OTHER),26,0,0,0,26,0,26
A & N ISLANDS,2008,ELECTROCUTION,1,0,0,0,0,1,1
A & N ISLANDS,2008,EXPLOSION(BOMB EXPLOSION),0,0,0,0,0,0,0
A & N ISLANDS,2008,EXPLOSION(OTHER EXPLOSION LIKE BOIL,0,0,0,0,0,0,0
A & N ISLANDS,2008,FALLS(FALL FROM HEIGHT),19,0,0,0,19,0,19
A & N ISLANDS,2008,FALL INTO PIT/MANHOLE,7,0,0,0,6,1,7
A & N ISLANDS,2008,FACTORY/MACHINE ACCIDENTS,1,1,0,1,0,0,0
A & N ISLANDS,2008,FIRE(FIREWORKS/CRACKERS),0,0,0,0,0,0,0
A & N ISLANDS,2008,FIRE(SHORT-CIRCUIT),0,0,0,0,0,0,0
A & N ISLANDS,2008,GAS CYLINDER/STOVE BURST,12,0,0,0,2,10,12
A & N ISLANDS,2008,OTHER FIRE ACCIDENTS,0,0,0,0,0,0,0
A & N ISLANDS,2008,FIRE-ARMS,0,0,0,0,0,0,0
A & N ISLANDS,2008,SUDDEN DEATHS(HEART ATTACKS),17,0,0,0,15,2,17
A & N ISLANDS,2008,EPILEPTIC FITS/GIDDINESS,0,0,0,0,0,0,0
A & N ISLANDS,2008,ABORTIONS/CHILD BIRTH,0,0,0,0,0,0,0
A & N ISLANDS,2008,INFLUENCE OF ALCOHOL,0,0,0,0,0,0,0
A & N ISLANDS,2008,KILLED BY ANIMALS,0,0,0,0,0,0,0
A & N ISLANDS,2008,MINES OR QUARY DISASTER,0,0,0,0,0,0,0
A & N ISLANDS,2008,FOOD POISIONING/ACCIDENTAL INTAKE OF INSECTICIDES ETC.,0,0,0,0,0,0,0
A & N ISLANDS,2008,SPURIOUS/POISIONOUS LIQUOR,0,0,0,0,0,0,0
A & N ISLANDS,2008,LEAKAGE OF POISINOUS GASES ETC.,0,0,0,0,0,0,0
A & N ISLANDS,2008,SNAKE BITE/ANIMAL BITE,0,0,0,0,0,0,0
A & N ISLANDS,2008,OTHER,7,0,0,0,13,2,15
A & N ISLANDS,2008,STAMPEDE,0,0,0,0,0,0,0
A & N ISLANDS,2008,SUFFOCATION,0,0,0,0,0,0,0
A & N ISLANDS,2008,TRAFFIC ACCIDENTS(ROAD ACCIDENTS),191,232,24,256,19,3,22
A & N ISLANDS,2008,TRAFFIC ACCIDENTS(RAIL-ROAD ACCIDENTS),0,0,0,0,0,0,0
A & N ISLANDS,2008,OTHER RAILWAY ACCIDENTS,0,0,0,0,0,0,0
A & N ISLANDS,2008,OTHER,57,0,0,0,44,15,59
A & N ISLANDS,2008,CAUSES NOT KNOWN,2,0,0,0,2,2,4
A & N ISLANDS,2008,TOTAL,342,233,24,257,150,36,186
A & N ISLANDS,2008,TOTAL COLLAPSE,2,0,0,0,4,0,4
A & N ISLANDS,2008,TOTAL DROWNING,26,0,0,0,26,0,26
A & N ISLANDS,2008,TOTAL EXPLOSION,0,0,0,0,0,0,0
A & N ISLANDS,2008,TOTAL FALLS,26,0,0,0,25,1,26
A & N ISLANDS,2008,TOTAL FIRE,12,0,0,0,2,10,12
A & N ISLANDS,2008,TOTAL SUDDEN DEATHS,17,0,0,0,15,2,17
A & N ISLANDS,2008,TOTAL POISONING,7,0,0,0,13,2,15
A & N ISLANDS,2008,TOTAL TRAFFIC ACCIDENTS,191,232,24,256,19,3,22
A & N ISLANDS,2009,AIR-CRASH,0,0,0,0,0,0,0
A & N ISLANDS,2009,COLLAPSE OF STRUCTURE(HOUSE),0,0,0,0,0,0,0
A & N ISLANDS,2009,COLLAPSE OF STRUCTURE(BUILDING),0,0,0,0,0,0,0
A & N ISLANDS,2009,COLLAPSE OF STRUCTURE(DAM),0,0,0,0,0,0,0
A & N ISLANDS,2009,COLLAPSE OF STRUCTURE(BRIDGE),0,0,0,0,0,0,0
A & N ISLANDS,2009,COLLAPSE OF STRUCTURE(OTHERS),0,0,0,0,0,0,0
A & N ISLANDS,2009,DROWNING(BOAT CAPSIZE),2,0,0,0,6,0,6
A & N ISLANDS,2009,DROWNING(OTHER),25,0,0,0,23,2,25
A & N ISLANDS,2009,ELECTROCUTION,1,0,0,0,1,0,1
A & N ISLANDS,2009,EXPLOSION(BOMB EXPLOSION),0,0,0,0,0,0,0
A & N ISLANDS,2009,EXPLOSION(OTHER EXPLOSION LIKE BOIL,0,0,0,0,0,0,0
A & N ISLANDS,2009,FALLS(FALL FROM HEIGHT),13,0,0,0,11,2,13
A & N ISLANDS,2009,FALL INTO PIT/MANHOLE,11,0,0,0,11,0,11
A & N ISLANDS,2009,FACTORY/MACHINE ACCIDENTS,1,0,0,0,1,0,1
A & N ISLANDS,2009,FIRE(FIREWORKS/CRACKERS),0,0,0,0,0,0,0
A & N ISLANDS,2009,FIRE(SHORT-CIRCUIT),2,0,0,0,0,2,2
A & N ISLANDS,2009,GAS CYLINDER/STOVE BURST,0,0,0,0,0,0,0
A & N ISLANDS,2009,OTHER FIRE ACCIDENTS,19,0,0,0,2,17,19
A & N ISLANDS,2009,FIRE-ARMS,0,0,0,0,0,0,0
A & N ISLANDS,2009,SUDDEN DEATHS(HEART ATTACKS),18,0,0,0,16,2,18
A & N ISLANDS,2009,EPILEPTIC FITS/GIDDINESS,0,0,0,0,0,0,0
A & N ISLANDS,2009,ABORTIONS/CHILD BIRTH,0,0,0,0,0,0,0
A & N ISLANDS,2009,INFLUENCE OF ALCOHOL,0,0,0,0,0,0,0
A & N ISLANDS,2009,KILLED BY ANIMALS,0,0,0,0,0,0,0
A & N ISLANDS,2009,MINES OR QUARY DISASTER,1,0,0,0,2,0,2
A & N ISLANDS,2009,FOOD POISIONING/ACCIDENTAL INTAKE OF INSECTICIDES ETC.,1,0,0,0,1,0,1
A & N ISLANDS,2009,SPURIOUS/POISIONOUS LIQUOR,0,0,0,0,0,0,0
A & N ISLANDS,2009,LEAKAGE OF POISINOUS GASES ETC.,0,0,0,0,0,0,0
A & N ISLANDS,2009,SNAKE BITE/ANIMAL BITE,1,0,0,0,1,0,1
A & N ISLANDS,2009,OTHER,1,0,0,0,1,0,1
A & N ISLANDS,2009,STAMPEDE,0,0,0,0,0,0,0
A & N ISLANDS,2009,SUFFOCATION,0,0,0,0,0,0,0
A & N ISLANDS,2009,TRAFFIC ACCIDENTS(ROAD ACCIDENTS),271,295,47,342,29,4,33
A & N ISLANDS,2009,TRAFFIC ACCIDENTS(RAIL-ROAD ACCIDENTS),0,0,0,0,0,0,0
A & N ISLANDS,2009,OTHER RAILWAY ACCIDENTS,0,0,0,0,0,0,0
A & N ISLANDS,2009,OTHER,58,0,0,0,48,10,58
A & N ISLANDS,2009,CAUSES NOT KNOWN,4,0,0,0,2,2,4
A & N ISLANDS,2009,TOTAL,429,295,47,342,155,41,196
A & N ISLANDS,2009,TOTAL COLLAPSE,0,0,0,0,0,0,0
A & N ISLANDS,2009,TOTAL DROWNING,27,0,0,0,29,2,31
A & N ISLANDS,2009,TOTAL EXPLOSION,0,0,0,0,0,0,0
A & N ISLANDS,2009,TOTAL FALLS,24,0,0,0,22,2,24
A & N ISLANDS,2009,TOTAL FIRE,21,0,0,0,2,19,21
A & N ISLANDS,2009,TOTAL SUDDEN DEATHS,18,0,0,0,16,2,18
A & N ISLANDS,2009,TOTAL POISONING,3,0,0,0,3,0,3
A & N ISLANDS,2009,TOTAL TRAFFIC ACCIDENTS,271,295,47,342,29,4,33
A & N ISLANDS,2010,AIR-CRASH,0,0,0,0,0,0,0
A & N ISLANDS,2010,COLLAPSE OF STRUCTURE(HOUSE),0,0,0,0,0,0,0
A & N ISLANDS,2010,COLLAPSE OF STRUCTURE(BUILDING),0,0,0,0,0,0,0
A & N ISLANDS,2010,COLLAPSE OF STRUCTURE(DAM),0,0,0,0,0,0,0
A & N ISLANDS,2010,COLLAPSE OF STRUCTURE(BRIDGE),0,0,0,0,0,0,0
A & N ISLANDS,2010,COLLAPSE OF STRUCTURE(OTHERS),0,0,0,0,0,0,0
A & N ISLANDS,2010,DROWNING(BOAT CAPSIZE),0,0,0,0,0,0,0
A & N ISLANDS,2010,DROWNING(OTHER),30,0,0,0,27,3,30
A & N ISLANDS,2010,ELECTROCUTION,4,0,0,0,4,0,4
A & N ISLANDS,2010,EXPLOSION(BOMB EXPLOSION),0,0,0,0,0,0,0
A & N ISLANDS,2010,EXPLOSION(OTHER EXPLOSION LIKE BOIL,0,0,0,0,0,0,0
A & N ISLANDS,2010,FALLS(FALL FROM HEIGHT),12,0,0,0,12,0,12
A & N ISLANDS,2010,FALL INTO PIT/MANHOLE,3,0,0,0,3,0,3
A & N ISLANDS,2010,FACTORY/MACHINE ACCIDENTS,0,0,0,0,0,0,0
A & N ISLANDS,2010,FIRE(FIREWORKS/CRACKERS),0,0,0,0,0,0,0
A & N ISLANDS,2010,FIRE(SHORT-CIRCUIT),0,0,0,0,0,0,0
A & N ISLANDS,2010,GAS CYLINDER/STOVE BURST,7,0,0,0,0,7,7
A & N ISLANDS,2010,OTHER FIRE ACCIDENTS,9,0,0,0,1,8,9
A & N ISLANDS,2010,FIRE-ARMS,0,0,0,0,0,0,0
A & N ISLANDS,2010,SUDDEN DEATHS(HEART ATTACKS),27,0,0,0,24,3,27
A & N ISLANDS,2010,EPILEPTIC FITS/GIDDINESS,1,0,0,0,1,0,1
A & N ISLANDS,2010,ABORTIONS/CHILD BIRTH,0,0,0,0,0,0,0
A & N ISLANDS,2010,INFLUENCE OF ALCOHOL,2,0,0,0,2,0,2
A & N ISLANDS,2010,KILLED BY ANIMALS,0,0,0,0,0,0,0
A & N ISLANDS,2010,MINES OR QUARY DISASTER,0,0,0,0,0,0,0
A & N ISLANDS,2010,FOOD POISIONING/ACCIDENTAL INTAKE OF INSECTICIDES ETC.,2,0,0,0,1,1,2
A & N ISLANDS,2010,SPURIOUS/POISIONOUS LIQUOR,0,0,0,0,0,0,0
A & N ISLANDS,2010,LEAKAGE OF POISINOUS GASES ETC.,0,0,0,0,0,0,0
A & N ISLANDS,2010,SNAKE BITE/ANIMAL BITE,0,0,0,0,0,0,0
A & N ISLANDS,2010,OTHER,0,0,0,0,0,0,0
A & N ISLANDS,2010,STAMPEDE,0,0,0,0,0,0,0
A & N ISLANDS,2010,SUFFOCATION,2,0,0,0,2,0,2
A & N ISLANDS,2010,TRAFFIC ACCIDENTS(ROAD ACCIDENTS),285,302,71,373,21,6,27
A & N ISLANDS,2010,TRAFFIC ACCIDENTS(RAIL-ROAD ACCIDENTS),0,0,0,0,0,0,0
A & N ISLANDS,2010,OTHER RAILWAY ACCIDENTS,0,0,0,0,0,0,0
A & N ISLANDS,2010,OTHER,49,0,0,0,42,7,49
A & N ISLANDS,2010,CAUSES NOT KNOWN,0,0,0,0,0,0,0
A & N ISLANDS,2010,TOTAL,433,302,71,373,140,35,175
A & N ISLANDS,2010,TOTAL COLLAPSE,0,0,0,0,0,0,0
A & N ISLANDS,2010,TOTAL DROWNING,30,0,0,0,27,3,30
A & N ISLANDS,2010,TOTAL EXPLOSION,0,0,0,0,0,0,0
A & N ISLANDS,2010,TOTAL FALLS,15,0,0,0,15,0,15
A & N ISLANDS,2010,TOTAL FIRE,16,0,0,0,1,15,16
A & N ISLANDS,2010,TOTAL SUDDEN DEATHS,30,0,0,0,27,3,30
A & N ISLANDS,2010,TOTAL POISONING,2,0,0,0,1,1,2
A & N ISLANDS,2010,TOTAL TRAFFIC ACCIDENTS,285,302,71,373,21,6,27
A & N ISLANDS,2011,AIR-CRASH,0,0,0,0,0,0,0
A & N ISLANDS,2011,COLLAPSE OF STRUCTURE(HOUSE),0,0,0,0,0,0,0
A & N ISLANDS,2011,COLLAPSE OF STRUCTURE(BUILDING),0,0,0,0,0,0,0
A & N ISLANDS,2011,COLLAPSE OF STRUCTURE(DAM),0,0,0,0,0,0,0
A & N ISLANDS,2011,COLLAPSE OF STRUCTURE(BRIDGE),0,0,0,0,0,0,0
A & N ISLANDS,2011,COLLAPSE OF STRUCTURE(OTHERS),0,0,0,0,0,0,0
A & N ISLANDS,2011,DROWNING(BOAT CAPSIZE),4,0,0,0,4,2,6
A & N ISLANDS,2011,DROWNING(OTHER),41,0,0,0,33,8,41
A & N ISLANDS,2011,ELECTROCUTION,4,0,0,0,4,0,4
A & N ISLANDS,2011,EXPLOSION(BOMB EXPLOSION),0,0,0,0,0,0,0
A & N ISLANDS,2011,EXPLOSION(OTHER EXPLOSION LIKE BOIL,0,0,0,0,0,0,0
A & N ISLANDS,2011,FALLS(FALL FROM HEIGHT),6,0,0,0,6,0,6
A & N ISLANDS,2011,FALL INTO PIT/MANHOLE,2,0,0,0,2,0,2
A & N ISLANDS,2011,FACTORY/MACHINE ACCIDENTS,1,0,0,0,1,0,1
A & N ISLANDS,2011,FIRE(FIREWORKS/CRACKERS),0,0,0,0,0,0,0
A & N ISLANDS,2011,FIRE(SHORT-CIRCUIT),0,0,0,0,0,0,0
A & N ISLANDS,2011,GAS CYLINDER/STOVE BURST,1,0,0,0,0,1,1
A & N ISLANDS,2011,OTHER FIRE ACCIDENTS,13,0,0,0,2,11,13
A & N ISLANDS,2011,FIRE-ARMS,0,0,0,0,0,0,0
A & N ISLANDS,2011,SUDDEN DEATHS(HEART ATTACKS),41,0,0,0,41,0,41
A & N ISLANDS,2011,EPILEPTIC FITS/GIDDINESS,2,0,0,0,2,0,2
A & N ISLANDS,2011,ABORTIONS/CHILD BIRTH,0,0,0,0,0,0,0
A & N ISLANDS,2011,INFLUENCE OF ALCOHOL,0,0,0,0,0,0,0
A & N ISLANDS,2011,KILLED BY ANIMALS,0,0,0,0,0,0,0
A & N ISLANDS,2011,MINES OR QUARY DISASTER,1,0,0,0,1,0,1
A & N ISLANDS,2011,FOOD POISIONING/ACCIDENTAL INTAKE OF INSECTICIDES ETC.,0,0,0,0,0,0,0
A & N ISLANDS,2011,SPURIOUS/POISIONOUS LIQUOR,0,0,0,0,0,0,0
A & N ISLANDS,2011,LEAKAGE OF POISINOUS GASES ETC.,0,0,0,0,0,0,0
A & N ISLANDS,2011,SNAKE BITE/ANIMAL BITE,0,0,0,0,0,0,0
A & N ISLANDS,2011,OTHER,0,0,0,0,0,0,0
A & N ISLANDS,2011,STAMPEDE,0,0,0,0,0,0,0
A & N ISLANDS,2011,SUFFOCATION,1,0,0,0,1,0,1
A & N ISLANDS,2011,TRAFFIC ACCIDENTS(ROAD ACCIDENTS),235,215,84,299,15,2,17
A & N ISLANDS,2011,TRAFFIC ACCIDENTS(RAIL-ROAD ACCIDENTS),0,0,0,0,0,0,0
A & N ISLANDS,2011,OTHER RAILWAY ACCIDENTS,0,0,0,0,0,0,0
A & N ISLANDS,2011,OTHER,62,0,0,0,55,7,62
A & N ISLANDS,2011,CAUSES NOT KNOWN,5,0,0,0,4,1,5
A & N ISLANDS,2011,TOTAL,419,215,84,299,171,32,203
A & N ISLANDS,2011,TOTAL COLLAPSE,0,0,0,0,0,0,0
A & N ISLANDS,2011,TOTAL DROWNING,45,0,0,0,37,10,47
A & N ISLANDS,2011,TOTAL EXPLOSION,0,0,0,0,0,0,0
A & N ISLANDS,2011,TOTAL FALLS,8,0,0,0,8,0,8
A & N ISLANDS,2011,TOTAL FIRE,14,0,0,0,2,12,14
A & N ISLANDS,2011,TOTAL SUDDEN DEATHS,43,0,0,0,43,0,43
A & N ISLANDS,2011,TOTAL POISONING,0,0,0,0,0,0,0
A & N ISLANDS,2011,TOTAL TRAFFIC ACCIDENTS,235,215,84,299,15,2,17
A & N ISLANDS,2012,AIR-CRASH,0,0,0,0,0,0,0
A & N ISLANDS,2012,COLLAPSE OF STRUCTURE(HOUSE),0,0,0,0,0,0,0
A & N ISLANDS,2012,COLLAPSE OF STRUCTURE(BUILDING),0,0,0,0,0,0,0
A & N ISLANDS,2012,COLLAPSE OF STRUCTURE(DAM),0,0,0,0,0,0,0
A & N ISLANDS,2012,COLLAPSE OF STRUCTURE(BRIDGE),0,0,0,0,0,0,0
A & N ISLANDS,2012,COLLAPSE OF STRUCTURE(OTHERS),0,0,0,0,0,0,0
A & N ISLANDS,2012,DROWNING(BOAT CAPSIZE),2,0,0,0,2,0,2
A & N ISLANDS,2012,DROWNING(OTHER),27,0,0,0,20,7,27
A & N ISLANDS,2012,ELECTROCUTION,1,0,0,0,1,0,1
A & N ISLANDS,2012,EXPLOSION(BOMB EXPLOSION),0,0,0,0,0,0,0
A & N ISLANDS,2012,EXPLOSION(OTHER EXPLOSION LIKE BOIL,0,0,0,0,0,0,0
A & N ISLANDS,2012,FALLS(FALL FROM HEIGHT),10,0,0,0,10,0,10
A & N ISLANDS,2012,FALL INTO PIT/MANHOLE,3,0,0,0,3,0,3
A & N ISLANDS,2012,FACTORY/MACHINE ACCIDENTS,0,0,0,0,0,0,0
A & N ISLANDS,2012,FIRE(FIREWORKS/CRACKERS),0,0,0,0,0,0,0
A & N ISLANDS,2012,FIRE(SHORT-CIRCUIT),0,0,0,0,0,0,0
A & N ISLANDS,2012,GAS CYLINDER/STOVE BURST,2,0,0,0,0,2,2
A & N ISLANDS,2012,OTHER FIRE ACCIDENTS,8,0,0,0,0,8,8
A & N ISLANDS,2012,FIRE-ARMS,0,0,0,0,0,0,0
A & N ISLANDS,2012,SUDDEN DEATHS(HEART ATTACKS),20,0,0,0,18,2,20
A & N ISLANDS,2012,EPILEPTIC FITS/GIDDINESS,4,0,0,0,4,0,4
A & N ISLANDS,2012,ABORTIONS/CHILD BIRTH,1,0,0,0,0,1,1
A & N ISLANDS,2012,INFLUENCE OF ALCOHOL,0,0,0,0,0,0,0
A & N ISLANDS,2012,KILLED BY ANIMALS,2,0,0,0,1,1,2
A & N ISLANDS,2012,MINES OR QUARY DISASTER,0,0,0,0,0,0,0
A & N ISLANDS,2012,FOOD POISIONING/ACCIDENTAL INTAKE OF INSECTICIDES ETC.,2,0,0,0,1,1,2
A & N ISLANDS,2012,SPURIOUS/POISIONOUS LIQUOR,0,0,0,0,0,0,0
A & N ISLANDS,2012,LEAKAGE OF POISINOUS GASES ETC.,0,0,0,0,0,0,0
A & N ISLANDS,2012,SNAKE BITE/ANIMAL BITE,2,0,0,0,2,0,2
A & N ISLANDS,2012,OTHER,0,0,0,0,0,0,0
A & N ISLANDS,2012,STAMPEDE,0,0,0,0,0,0,0
A & N ISLANDS,2012,SUFFOCATION,0,0,0,0,0,0,0
A & N ISLANDS,2012,TRAFFIC ACCIDENTS(ROAD ACCIDENTS),236,196,92,288,18,7,25
A & N ISLANDS,2012,TRAFFIC ACCIDENTS(RAIL-ROAD ACCIDENTS),0,0,0,0,0,0,0
A & N ISLANDS,2012,OTHER RAILWAY ACCIDENTS,0,0,0,0,0,0,0
A & N ISLANDS,2012,OTHER,45,0,0,0,42,3,45
A & N ISLANDS,2012,CAUSES NOT KNOWN,11,0,0,0,9,2,11
A & N ISLANDS,2012,TOTAL,376,196,92,288,131,34,165
A & N ISLANDS,2012,TOTAL COLLAPSE,0,0,0,0,0,0,0
A & N ISLANDS,2012,TOTAL DROWNING,29,0,0,0,22,7,29
A & N ISLANDS,2012,TOTAL EXPLOSION,0,0,0,0,0,0,0
A & N ISLANDS,2012,TOTAL FALLS,13,0,0,0,13,0,13
A & N ISLANDS,2012,TOTAL FIRE,10,0,0,0,0,10,10
A & N ISLANDS,2012,TOTAL SUDDEN DEATHS,25,0,0,0,22,3,25
A & N ISLANDS,2012,TOTAL POISONING,4,0,0,0,3,1,4
A & N ISLANDS,2012,TOTAL TRAFFIC ACCIDENTS,236,196,92,288,18,7,25
CHANDIGARH,2001,AIR-CRASH,0,0,0,0,0,0,0
CHANDIGARH,2001,COLLAPSE OF STRUCTURE(HOUSE),0,0,0,0,0,0,0
CHANDIGARH,2001,COLLAPSE OF STRUCTURE(BUILDING),0,0,0,0,0,0,0
CHANDIGARH,2001,COLLAPSE OF STRUCTURE(DAM),0,0,0,0,0,0,0
CHANDIGARH,2001,COLLAPSE OF STRUCTURE(BRIDGE),0,0,0,0,0,0,0
CHANDIGARH,2001,COLLAPSE OF STRUCTURE(OTHERS),4,8,2,10,3,1,4
CHANDIGARH,2001,DROWNING(BOAT CAPSIZE),0,0,0,0,0,0,0
CHANDIGARH,2001,DROWNING(OTHER),9,0,0,0,7,2,9
CHANDIGARH,2001,ELECTROCUTION,19,0,0,0,16,3,19
CHANDIGARH,2001,EXPLOSION(BOMB EXPLOSION),0,0,0,0,0,0,0
CHANDIGARH,2001,EXPLOSION(OTHER EXPLOSION LIKE BOILERS,,0,0,0,0,0,0,0
CHANDIGARH,2001,FALLS(FALL FROM HEIGHT),16,0,0,0,13,3,16
CHANDIGARH,2001,FALL INTO PIT/MANHOLE,0,0,0,0,0,0,0
CHANDIGARH,2001,FACTORY/MACHINE ACCIDENTS,1,0,0,0,1,0,1
CHANDIGARH,2001,FIRE(FIREWORKS/CRACKERS),0,0,0,0,0,0,0
CHANDIGARH,2001,FIRE(SHORT-CIRCUIT),1,0,0,0,1,0,1
CHANDIGARH,2001,GAS CYLINDER/STOVE BURST,20,0,0,0,4,16,20
CHANDIGARH,2001,OTHER FIRE ACCIDENTS,32,0,0,0,6,26,32
CHANDIGARH,2001,FIRE-ARMS,0,0,0,0,0,0,0
CHANDIGARH,2001,SUDDEN DEATHS(HEART ATTACKS),46,0,0,0,44,2,46
CHANDIGARH,2001,EPILEPTIC FITS/GIDDINESS,0,0,0,0,0,0,0
CHANDIGARH,2001,ABORTIONS/CHILD BIRTH,1,0,0,0,0,1,1
CHANDIGARH,2001,INFLUENCE OF ALCOHOL,14,0,0,0,14,0,14
CHANDIGARH,2001,KILLED BY ANIMALS,0,0,0,0,0,0,0
CHANDIGARH,2001,MINES OR QUARY DISASTER,0,0,0,0,0,0,0
CHANDIGARH,2001,FOOD POISIONING/ACCIDENTAL INTAKE OF INSECTICIDES ETC.,0,0,0,0,0,0,0
CHANDIGARH,2001,SPURIOUS/POISIONOUS LIQUOR,0,0,0,0,0,0,0
CHANDIGARH,2001,LEAKAGE OF POISINOUS GASES ETC.,0,0,0,0,0,0,0
CHANDIGARH,2001,SNAKE BITE/ANIMAL BITE,0,0,0,0,0,0,0
CHANDIGARH,2001,OTHER,48,0,0,0,29,19,48
CHANDIGARH,2001,STAMPEDE,0,0,0,0,0,0,0
CHANDIGARH,2001,SUFFOCATION,0,0,0,0,0,0,0
CHANDIGARH,2001,TRAFFIC ACCIDENTS(ROAD ACCIDENTS),493,400,99,499,94,24,118
CHANDIGARH,2001,TRAFFIC ACCIDENTS(RAIL-ROAD ACCIDENTS),0,0,0,0,0,0,0
CHANDIGARH,2001,OTHER RAILWAY ACCIDENTS,0,0,0,0,0,0,0
CHANDIGARH,2001,OTHER,32,0,0,0,29,3,32
CHANDIGARH,2001,CAUSES NOT KNOWN,0,0,0,0,0,0,0
CHANDIGARH,2001,TOTAL,736,408,101,509,261,100,361
CHANDIGARH,2001,TOTAL COLLAPSE,4,8,2,10,3,1,4
CHANDIGARH,2001,TOTAL DROWNING,9,0,0,0,7,2,9
CHANDIGARH,2001,TOTAL EXPLOSION,0,0,0,0,0,0,0
CHANDIGARH,2001,TOTAL FALLS,16,0,0,0,13,3,16
CHANDIGARH,2001,TOTAL FIRE,53,0,0,0,11,42,53
CHANDIGARH,2001,TOTAL SUDDEN DEATHS,61,0,0,0,58,3,61
CHANDIGARH,2001,TOTAL POISONING,48,0,0,0,29,19,48
CHANDIGARH,2001,TOTAL TRAFFIC ACCIDENTS,493,400,99,499,94,24,118
CHANDIGARH,2002,AIR-CRASH,0,0,0,0,0,0,0
CHANDIGARH,2002,COLLAPSE OF STRUCTURE(HOUSE),0,0,0,0,0,0,0
CHANDIGARH,2002,COLLAPSE OF STRUCTURE(BUILDING),0,0,0,0,0,0,0
CHANDIGARH,2002,COLLAPSE OF STRUCTURE(DAM),0,0,0,0,0,0,0
CHANDIGARH,2002,COLLAPSE OF STRUCTURE(BRIDGE),0,0,0,0,0,0,0
CHANDIGARH,2002,COLLAPSE OF STRUCTURE(OTHERS),0,0,0,0,0,0,0
CHANDIGARH,2002,DROWNING(BOAT CAPSIZE),0,0,0,0,0,0,0
CHANDIGARH,2002,DROWNING(OTHER),3,0,0,0,4,1,5
CHANDIGARH,2002,ELECTROCUTION,12,0,0,0,7,5,12
CHANDIGARH,2002,EXPLOSION(BOMB EXPLOSION),0,0,0,0,0,0,0
CHANDIGARH,2002,EXPLOSION(OTHER EXPLOSION LIKE BOILERS, GAS CYLINDER ETC.),0,0,0,0,0,0,0
CHANDIGARH,2002,FALLS(FALL FROM HEIGHT),23,0,0,0,21,2,23
CHANDIGARH,2002,FALL INTO PIT/MANHOLE,0,0,0,0,0,0,0
CHANDIGARH,2002,FACTORY/MACHINE ACCIDENTS,0,0,0,0,0,0,0
CHANDIGARH,2002,FIRE(FIREWORKS/CRACKERS),0,0,0,0,0,0,0
CHANDIGARH,2002,FIRE(SHORT-CIRCUIT),0,0,0,0,0,0,0
CHANDIGARH,2002,GAS CYLINDER/STOVE BURST,19,0,0,0,6,13,19
CHANDIGARH,2002,OTHER FIRE ACCIDENTS,0,0,0,0,0,0,0
CHANDIGARH,2002,FIRE-ARMS,0,0,0,0,0,0,0
CHANDIGARH,2002,SUDDEN DEATHS(HEART ATTACKS),52,0,0,0,46,6,52
CHANDIGARH,2002,EPILEPTIC FITS/GIDDINESS,3,0,0,0,2,1,3
CHANDIGARH,2002,ABORTIONS/CHILD BIRTH,2,0,0,0,0,2,2
CHANDIGARH,2002,INFLUENCE OF ALCOHOL,17,0,0,0,17,0,17
CHANDIGARH,2002,KILLED BY ANIMALS,1,0,0,0,1,0,1
CHANDIGARH,2002,MINES OR QUARY DISASTER,0,0,0,0,0,0,0
CHANDIGARH,2002,FOOD POISIONING/ACCIDENTAL INTAKE OF INSECTICIDES ETC.,0,0,0,0,0,0,0
CHANDIGARH,2002,SPURIOUS/POISIONOUS LIQUOR,0,0,0,0,0,0,0
CHANDIGARH,2002,LEAKAGE OF POISINOUS GASES ETC.,0,0,0,0,0,0,0
CHANDIGARH,2002,SNAKE BITE/ANIMAL BITE,0,0,0,0,0,0,0
CHANDIGARH,2002,OTHER,6,0,0,0,5,1,6
CHANDIGARH,2002,STAMPEDE,0,0,0,0,0,0,0
CHANDIGARH,2002,SUFFOCATION,1,0,0,0,1,0,1
CHANDIGARH,2002,TRAFFIC ACCIDENTS(ROAD ACCIDENTS),494,314,68,382,91,17,108
CHANDIGARH,2002,TRAFFIC ACCIDENTS(RAIL-ROAD ACCIDENTS),0,0,0,0,0,0,0
CHANDIGARH,2002,OTHER RAILWAY ACCIDENTS,0,0,0,0,0,0,0
CHANDIGARH,2002,OTHER,115,0,0,0,94,21,115
CHANDIGARH,2002,CAUSES NOT KNOWN,10,0,0,0,10,0,10
CHANDIGARH,2002,TOTAL,758,314,68,382,305,69,374
CHANDIGARH,2002,TOTAL COLLAPSE,0,0,0,0,0,0,0
CHANDIGARH,2002,TOTAL DROWNING,3,0,0,0,4,1,5
CHANDIGARH,2002,TOTAL EXPLOSION,0,0,0,0,0,0,0
CHANDIGARH,2002,TOTAL FALLS,23,0,0,0,21,2,23
CHANDIGARH,2002,TOTAL FIRE,19,0,0,0,6,13,19
CHANDIGARH,2002,TOTAL SUDDEN DEATHS,74,0,0,0,65,9,74
CHANDIGARH,2002,TOTAL POISONING,6,0,0,0,5,1,6
CHANDIGARH,2002,TOTAL TRAFFIC ACCIDENTS,494,314,68,382,91,17,108
CHANDIGARH,2003,AIR-CRASH,0,0,0,0,0,0,0
CHANDIGARH,2003,COLLAPSE OF STRUCTURE(HOUSE),0,0,0,0,0,0,0
CHANDIGARH,2003,COLLAPSE OF STRUCTURE(BUILDING),0,0,0,0,0,0,0
CHANDIGARH,2003,COLLAPSE OF STRUCTURE(DAM),0,0,0,0,0,0,0
CHANDIGARH,2003,COLLAPSE OF STRUCTURE(BRIDGE),0,0,0,0,0,0,0
CHANDIGARH,2003,COLLAPSE OF STRUCTURE(OTHERS),1,0,0,0,2,0,2
CHANDIGARH,2003,DROWNING(BOAT CAPSIZE),0,0,0,0,0,0,0
CHANDIGARH,2003,DROWNING(OTHER),9,0,0,0,9,0,9
CHANDIGARH,2003,ELECTROCUTION,6,0,1,1,6,1,7
CHANDIGARH,2003,EXPLOSION(BOMB EXPLOSION),0,0,0,0,0,0,0
CHANDIGARH,2003,EXPLOSION(OTHER EXPLOSION LIKE BOILERS,,0,0,0,0,0,0,0
CHANDIGARH,2003,FALLS(FALL FROM HEIGHT),15,0,0,0,12,3,15
CHANDIGARH,2003,FALL INTO PIT/MANHOLE,0,0,0,0,0,0,0
CHANDIGARH,2003,FACTORY/MACHINE ACCIDENTS,3,0,0,0,3,0,3
CHANDIGARH,2003,FIRE(FIREWORKS/CRACKERS),0,0,0,0,0,0,0
CHANDIGARH,2003,FIRE(SHORT-CIRCUIT),0,0,0,0,0,0,0
CHANDIGARH,2003,GAS CYLINDER/STOVE BURST,14,0,0,0,4,10,14
CHANDIGARH,2003,OTHER FIRE ACCIDENTS,12,0,0,0,2,10,12
CHANDIGARH,2003,FIRE-ARMS,1,0,0,0,1,0,1
CHANDIGARH,2003,SUDDEN DEATHS(HEART ATTACKS),41,0,0,0,40,1,41
CHANDIGARH,2003,EPILEPTIC FITS/GIDDINESS,1,0,0,0,1,0,1
CHANDIGARH,2003,ABORTIONS/CHILD BIRTH,4,0,0,0,0,4,4
CHANDIGARH,2003,INFLUENCE OF ALCOHOL,21,0,0,0,21,0,21
CHANDIGARH,2003,KILLED BY ANIMALS,1,0,0,0,1,0,1
CHANDIGARH,2003,MINES OR QUARY DISASTER,0,0,0,0,0,0,0
CHANDIGARH,2003,FOOD POISIONING/ACCIDENTAL INTAKE OF INSECTICIDES ETC.,4,0,0,0,4,3,7
CHANDIGARH,2003,SPURIOUS/POISIONOUS LIQUOR,0,0,0,0,0,0,0
CHANDIGARH,2003,LEAKAGE OF POISINOUS GASES ETC.,0,0,0,0,0,0,0
CHANDIGARH,2003,SNAKE BITE/ANIMAL BITE,0,0,0,0,0,0,0
CHANDIGARH,2003,OTHER,14,0,0,0,9,6,15
CHANDIGARH,2003,STAMPEDE,0,0,0,0,0,0,0
CHANDIGARH,2003,SUFFOCATION,3,0,0,0,3,1,4
CHANDIGARH,2003,TRAFFIC ACCIDENTS(ROAD ACCIDENTS),443,335,103,438,107,27,134
CHANDIGARH,2003,TRAFFIC ACCIDENTS(RAIL-ROAD ACCIDENTS),0,0,0,0,0,0,0
CHANDIGARH,2003,OTHER RAILWAY ACCIDENTS,0,0,0,0,0,0,0
CHANDIGARH,2003,OTHER,89,0,0,0,74,15,89
CHANDIGARH,2003,CAUSES NOT KNOWN,11,0,0,0,9,2,11
CHANDIGARH,2003,TOTAL,693,335,104,439,308,83,391
CHANDIGARH,2003,TOTAL COLLAPSE,1,0,0,0,2,0,2
CHANDIGARH,2003,TOTAL DROWNING,9,0,0,0,9,0,9
CHANDIGARH,2003,TOTAL EXPLOSION,0,0,0,0,0,0,0
CHANDIGARH,2003,TOTAL FALLS,15,0,0,0,12,3,15
CHANDIGARH,2003,TOTAL FIRE,26,0,0,0,6,20,26
CHANDIGARH,2003,TOTAL SUDDEN DEATHS,67,0,0,0,62,5,67
CHANDIGARH,2003,TOTAL POISONING,18,0,0,0,13,9,22
CHANDIGARH,2003,TOTAL TRAFFIC ACCIDENTS,443,335,103,438,107,27,134
CHANDIGARH,2004,AIR-CRASH,0,0,0,0,0,0,0
CHANDIGARH,2004,COLLAPSE OF STRUCTURE(HOUSE),1,0,0,0,1,0,1
CHANDIGARH,2004,COLLAPSE OF STRUCTURE(BUILDING),0,0,0,0,0,0,0
CHANDIGARH,2004,COLLAPSE OF STRUCTURE(DAM),0,0,0,0,0,0,0
CHANDIGARH,2004,COLLAPSE OF STRUCTURE(BRIDGE),0,0,0,0,0,0,0
CHANDIGARH,2004,COLLAPSE OF STRUCTURE(OTHERS),0,0,0,0,0,0,0
CHANDIGARH,2004,DROWNING(BOAT CAPSIZE),0,0,0,0,0,0,0
CHANDIGARH,2004,DROWNING(OTHER),6,0,0,0,2,4,6
CHANDIGARH,2004,ELECTROCUTION,9,0,0,0,6,3,9
CHANDIGARH,2004,EXPLOSION(BOMB EXPLOSION),0,0,0,0,0,0,0
CHANDIGARH,2004,EXPLOSION(OTHER EXPLOSION LIKE BOILERS,,0,0,0,0,0,0,0
CHANDIGARH,2004,FALLS(FALL FROM HEIGHT),22,0,0,0,17,5,22
CHANDIGARH,2004,FALL INTO PIT/MANHOLE,0,0,0,0,0,0,0
CHANDIGARH,2004,FACTORY/MACHINE ACCIDENTS,0,0,0,0,0,0,0
CHANDIGARH,2004,FIRE(FIREWORKS/CRACKERS),0,0,0,0,0,0,0
CHANDIGARH,2004,FIRE(SHORT-CIRCUIT),0,0,0,0,0,0,0
CHANDIGARH,2004,GAS CYLINDER/STOVE BURST,7,0,0,0,1,6,7
CHANDIGARH,2004,OTHER FIRE ACCIDENTS,18,0,0,0,8,10,18
CHANDIGARH,2004,FIRE-ARMS,0,0,0,0,0,0,0
CHANDIGARH,2004,SUDDEN DEATHS(HEART ATTACKS),42,0,0,0,40,2,42
CHANDIGARH,2004,EPILEPTIC FITS/GIDDINESS,3,0,0,0,3,0,3
CHANDIGARH,2004,ABORTIONS/CHILD BIRTH,3,0,0,0,0,3,3
CHANDIGARH,2004,INFLUENCE OF ALCOHOL,13,0,0,0,13,0,13
CHANDIGARH,2004,KILLED BY ANIMALS,2,0,0,0,1,1,2
CHANDIGARH,2004,MINES OR QUARY DISASTER,0,0,0,0,0,0,0
CHANDIGARH,2004,FOOD POISIONING/ACCIDENTAL INTAKE OF INSECTICIDES ETC.,2,0,0,0,1,1,2
CHANDIGARH,2004,SPURIOUS/POISIONOUS LIQUOR,0,0,0,0,0,0,0
CHANDIGARH,2004,LEAKAGE OF POISINOUS GASES ETC.,0,0,0,0,0,0,0
CHANDIGARH,2004,SNAKE BITE/ANIMAL BITE,0,0,0,0,0,0,0
CHANDIGARH,2004,OTHER,16,0,0,0,12,4,16
CHANDIGARH,2004,STAMPEDE,0,0,0,0,0,0,0
CHANDIGARH,2004,SUFFOCATION,0,0,0,0,0,0,0
CHANDIGARH,2004,TRAFFIC ACCIDENTS(ROAD ACCIDENTS),411,260,92,352,123,24,147
CHANDIGARH,2004,TRAFFIC ACCIDENTS(RAIL-ROAD ACCIDENTS),0,0,0,0,0,0,0
CHANDIGARH,2004,OTHER RAILWAY ACCIDENTS,0,0,0,0,0,0,0
CHANDIGARH,2004,OTHER,50,0,0,0,46,4,50
CHANDIGARH,2004,CAUSES NOT KNOWN,21,0,0,0,18,3,21
CHANDIGARH,2004,TOTAL,626,260,92,352,292,70,362
CHANDIGARH,2004,TOTAL COLLAPSE,1,0,0,0,1,0,1
CHANDIGARH,2004,TOTAL DROWNING,6,0,0,0,2,4,6
CHANDIGARH,2004,TOTAL EXPLOSION,0,0,0,0,0,0,0
CHANDIGARH,2004,TOTAL FALLS,22,0,0,0,17,5,22
CHANDIGARH,2004,TOTAL FIRE,25,0,0,0,9,16,25
CHANDIGARH,2004,TOTAL SUDDEN DEATHS,61,0,0,0,56,5,61
CHANDIGARH,2004,TOTAL POISONING,18,0,0,0,13,5,18
CHANDIGARH,2004,TOTAL TRAFFIC ACCIDENTS,411,260,92,352,123,24,147
CHANDIGARH,2005,AIR-CRASH,0,0,0,0,0,0,0
CHANDIGARH,2005,COLLAPSE OF STRUCTURE(HOUSE),3,0,0,0,2,1,3
CHANDIGARH,2005,COLLAPSE OF STRUCTURE(BUILDING),3,0,0,0,2,1,3
CHANDIGARH,2005,COLLAPSE OF STRUCTURE(DAM),0,0,0,0,0,0,0
CHANDIGARH,2005,COLLAPSE OF STRUCTURE(BRIDGE),0,0,0,0,0,0,0
CHANDIGARH,2005,COLLAPSE OF STRUCTURE(OTHERS),0,0,0,0,0,0,0
CHANDIGARH,2005,DROWNING(BOAT CAPSIZE),0,0,0,0,0,0,0
CHANDIGARH,2005,DROWNING(OTHER),16,0,0,0,10,6,16
CHANDIGARH,2005,ELECTROCUTION,7,0,0,0,6,1,7
CHANDIGARH,2005,EXPLOSION(BOMB EXPLOSION),0,0,0,0,0,0,0
CHANDIGARH,2005,EXPLOSION(OTHER EXPLOSION LIKE BOILERS,,1,0,0,0,0,1,1
CHANDIGARH,2005,FALLS(FALL FROM HEIGHT),18,0,0,0,15,3,18
CHANDIGARH,2005,FALL INTO PIT/MANHOLE,0,0,0,0,0,0,0
CHANDIGARH,2005,FACTORY/MACHINE ACCIDENTS,0,0,0,0,0,0,0
CHANDIGARH,2005,FIRE(FIREWORKS/CRACKERS),0,0,0,0,0,0,0
CHANDIGARH,2005,FIRE(SHORT-CIRCUIT),1,0,0,0,0,1,1
CHANDIGARH,2005,GAS CYLINDER/STOVE BURST,18,0,0,0,2,16,18
CHANDIGARH,2005,OTHER FIRE ACCIDENTS,8,0,0,0,5,3,8
CHANDIGARH,2005,FIRE-ARMS,0,0,0,0,0,0,0
CHANDIGARH,2005,SUDDEN DEATHS(HEART ATTACKS),35,0,0,0,32,3,35
CHANDIGARH,2005,EPILEPTIC FITS/GIDDINESS,0,0,0,0,0,0,0
CHANDIGARH,2005,ABORTIONS/CHILD BIRTH,2,0,0,0,0,2,2
CHANDIGARH,2005,INFLUENCE OF ALCOHOL,19,0,0,0,19,0,19
CHANDIGARH,2005,KILLED BY ANIMALS,0,0,0,0,0,0,0
CHANDIGARH,2005,MINES OR QUARY DISASTER,0,0,0,0,0,0,0
CHANDIGARH,2005,FOOD POISIONING/ACCIDENTAL INTAKE OF INSECTICIDES ETC.,5,0,0,0,5,0,5
CHANDIGARH,2005,SPURIOUS/POISIONOUS LIQUOR,1,0,0,0,1,0,1
CHANDIGARH,2005,LEAKAGE OF POISINOUS GASES ETC.,0,0,0,0,0,0,0
CHANDIGARH,2005,SNAKE BITE/ANIMAL BITE,0,0,0,0,0,0,0
CHANDIGARH,2005,OTHER,3,0,0,0,2,1,3
CHANDIGARH,2005,STAMPEDE,0,0,0,0,0,0,0
CHANDIGARH,2005,SUFFOCATION,10,0,0,0,6,4,10
CHANDIGARH,2005,TRAFFIC ACCIDENTS(ROAD ACCIDENTS),528,429,125,554,111,23,134
CHANDIGARH,2005,TRAFFIC ACCIDENTS(RAIL-ROAD ACCIDENTS),0,0,0,0,0,0,0
CHANDIGARH,2005,OTHER RAILWAY ACCIDENTS,0,0,0,0,0,0,0
CHANDIGARH,2005,OTHER,0,0,0,0,0,0,0
CHANDIGARH,2005,CAUSES NOT KNOWN,58,0,0,0,44,14,58
CHANDIGARH,2005,TOTAL,736,429,125,554,262,80,342
CHANDIGARH,2005,TOTAL COLLAPSE,6,0,0,0,4,2,6
CHANDIGARH,2005,TOTAL DROWNING,16,0,0,0,10,6,16
CHANDIGARH,2005,TOTAL EXPLOSION,1,0,0,0,0,1,1
CHANDIGARH,2005,TOTAL FALLS,18,0,0,0,15,3,18
CHANDIGARH,2005,TOTAL FIRE,27,0,0,0,7,20,27
CHANDIGARH,2005,TOTAL SUDDEN DEATHS,56,0,0,0,51,5,56
CHANDIGARH,2005,TOTAL POISONING,9,0,0,0,8,1,9
CHANDIGARH,2005,TOTAL TRAFFIC ACCIDENTS,528,429,125,554,111,23,134
CHANDIGARH,2006,AIR-CRASH,0,0,0,0,0,0,0
CHANDIGARH,2006,COLLAPSE OF STRUCTURE(HOUSE),1,0,0,0,0,1,1
CHANDIGARH,2006,COLLAPSE OF STRUCTURE(BUILDING),0,0,0,0,0,0,0
CHANDIGARH,2006,COLLAPSE OF STRUCTURE(DAM),0,0,0,0,0,0,0
CHANDIGARH,2006,COLLAPSE OF STRUCTURE(BRIDGE),0,0,0,0,0,0,0
CHANDIGARH,2006,COLLAPSE OF STRUCTURE(OTHERS),0,0,0,0,0,0,0
CHANDIGARH,2006,DROWNING(BOAT CAPSIZE),0,0,0,0,0,0,0
CHANDIGARH,2006,DROWNING(OTHER),1,0,0,0,1,0,1
CHANDIGARH,2006,ELECTROCUTION,3,0,0,0,2,1,3
CHANDIGARH,2006,EXPLOSION(BOMB EXPLOSION),0,0,0,0,0,0,0
CHANDIGARH,2006,EXPLOSION(OTHER EXPLOSION LIKE BOIL,0,0,0,0,0,0,0
CHANDIGARH,2006,FALLS(FALL FROM HEIGHT),10,0,0,0,8,2,10
CHANDIGARH,2006,FALL INTO PIT/MANHOLE,12,0,0,0,9,3,12
CHANDIGARH,2006,FACTORY/MACHINE ACCIDENTS,0,0,0,0,0,0,0
CHANDIGARH,2006,FIRE(FIREWORKS/CRACKERS),0,0,0,0,0,0,0
CHANDIGARH,2006,FIRE(SHORT-CIRCUIT),1,0,0,0,0,1,1
CHANDIGARH,2006,GAS CYLINDER/STOVE BURST,11,0,0,0,0,11,11
CHANDIGARH,2006,OTHER FIRE ACCIDENTS,5,0,0,0,3,2,5
CHANDIGARH,2006,FIRE-ARMS,0,0,0,0,0,0,0
CHANDIGARH,2006,SUDDEN DEATHS(HEART ATTACKS),29,0,0,0,25,4,29
CHANDIGARH,2006,EPILEPTIC FITS/GIDDINESS,1,0,0,0,1,0,1
CHANDIGARH,2006,ABORTIONS/CHILD BIRTH,0,0,0,0,0,0,0
CHANDIGARH,2006,INFLUENCE OF ALCOHOL,10,0,0,0,10,0,10
CHANDIGARH,2006,KILLED BY ANIMALS,0,0,0,0,0,0,0
CHANDIGARH,2006,MINES OR QUARY DISASTER,0,0,0,0,0,0,0
CHANDIGARH,2006,FOOD POISIONING/ACCIDENTAL INTAKE OF INSECTICIDES ETC.,0,0,0,0,0,0,0
CHANDIGARH,2006,SPURIOUS/POISIONOUS LIQUOR,0,0,0,0,0,0,0
CHANDIGARH,2006,LEAKAGE OF POISINOUS GASES ETC.,0,0,0,0,0,0,0
CHANDIGARH,2006,SNAKE BITE/ANIMAL BITE,0,0,0,0,0,0,0
CHANDIGARH,2006,OTHER,4,0,0,0,2,2,4
CHANDIGARH,2006,STAMPEDE,0,0,0,0,0,0,0
CHANDIGARH,2006,SUFFOCATION,1,0,0,0,1,0,1
CHANDIGARH,2006,TRAFFIC ACCIDENTS(ROAD ACCIDENTS),521,430,96,526,120,21,141
CHANDIGARH,2006,TRAFFIC ACCIDENTS(RAIL-ROAD ACCIDENTS),0,0,0,0,0,0,0
CHANDIGARH,2006,OTHER RAILWAY ACCIDENTS,0,0,0,0,0,0,0
CHANDIGARH,2006,OTHER,0,0,0,0,0,0,0
CHANDIGARH,2006,CAUSES NOT KNOWN,77,0,0,0,66,11,77
CHANDIGARH,2006,TOTAL,687,430,96,526,248,59,307
CHANDIGARH,2006,TOTAL COLLAPSE,1,0,0,0,0,1,1
CHANDIGARH,2006,TOTAL DROWNING,1,0,0,0,1,0,1
CHANDIGARH,2006,TOTAL EXPLOSION,0,0,0,0,0,0,0
CHANDIGARH,2006,TOTAL FALLS,22,0,0,0,17,5,22
CHANDIGARH,2006,TOTAL FIRE,17,0,0,0,3,14,17
CHANDIGARH,2006,TOTAL SUDDEN DEATHS,40,0,0,0,36,4,40
CHANDIGARH,2006,TOTAL POISONING,4,0,0,0,2,2,4
CHANDIGARH,2006,TOTAL TRAFFIC ACCIDENTS,521,430,96,526,120,21,141
CHANDIGARH,2007,AIR-CRASH,0,0,0,0,0,0,0
CHANDIGARH,2007,COLLAPSE OF STRUCTURE(HOUSE),5,0,0,0,4,1,5
CHANDIGARH,2007,COLLAPSE OF STRUCTURE(BUILDING),0,0,0,0,0,0,0
CHANDIGARH,2007,COLLAPSE OF STRUCTURE(DAM),0,0,0,0,0,0,0
CHANDIGARH,2007,COLLAPSE OF STRUCTURE(BRIDGE),0,0,0,0,0,0,0
CHANDIGARH,2007,COLLAPSE OF STRUCTURE(OTHERS),0,0,0,0,0,0,0
CHANDIGARH,2007,DROWNING(BOAT CAPSIZE),0,0,0,0,0,0,0
CHANDIGARH,2007,DROWNING(OTHER),5,0,0,0,4,1,5
CHANDIGARH,2007,ELECTROCUTION,4,0,0,0,3,1,4
CHANDIGARH,2007,EXPLOSION(BOMB EXPLOSION),0,0,0,0,0,0,0
CHANDIGARH,2007,EXPLOSION(OTHER EXPLOSION LIKE BOIL,3,0,0,0,3,0,3
CHANDIGARH,2007,FALLS(FALL FROM HEIGHT),14,0,0,0,11,3,14
CHANDIGARH,2007,FALL INTO PIT/MANHOLE,1,0,0,0,1,0,1
CHANDIGARH,2007,FACTORY/MACHINE ACCIDENTS,0,0,0,0,0,0,0
CHANDIGARH,2007,FIRE(FIREWORKS/CRACKERS),0,0,0,0,0,0,0
CHANDIGARH,2007,FIRE(SHORT-CIRCUIT),0,0,0,0,0,0,0
CHANDIGARH,2007,GAS CYLINDER/STOVE BURST,0,0,0,0,0,0,0
CHANDIGARH,2007,OTHER FIRE ACCIDENTS,17,0,0,0,5,12,17
CHANDIGARH,2007,FIRE-ARMS,2,0,0,0,2,0,2
CHANDIGARH,2007,SUDDEN DEATHS(HEART ATTACKS),59,0,0,0,47,12,59
CHANDIGARH,2007,EPILEPTIC FITS/GIDDINESS,0,0,0,0,0,0,0
CHANDIGARH,2007,ABORTIONS/CHILD BIRTH,0,0,0,0,0,0,0
CHANDIGARH,2007,INFLUENCE OF ALCOHOL,1,0,0,0,1,0,1
CHANDIGARH,2007,KILLED BY ANIMALS,0,0,0,0,0,0,0
CHANDIGARH,2007,MINES OR QUARY DISASTER,0,0,0,0,0,0,0
CHANDIGARH,2007,FOOD POISIONING/ACCIDENTAL INTAKE OF INSECTICIDES ETC.,3,0,0,0,1,2,3
CHANDIGARH,2007,SPURIOUS/POISIONOUS LIQUOR,0,0,0,0,0,0,0
CHANDIGARH,2007,LEAKAGE OF POISINOUS GASES ETC.,0,0,0,0,0,0,0
CHANDIGARH,2007,SNAKE BITE/ANIMAL BITE,1,0,0,0,0,1,1
CHANDIGARH,2007,OTHER,5,0,0,0,3,2,5
CHANDIGARH,2007,STAMPEDE,0,0,0,0,0,0,0
CHANDIGARH,2007,SUFFOCATION,0,0,0,0,0,0,0
CHANDIGARH,2007,TRAFFIC ACCIDENTS(ROAD ACCIDENTS),536,425,103,528,130,21,151
CHANDIGARH,2007,TRAFFIC ACCIDENTS(RAIL-ROAD ACCIDENTS),0,0,0,0,0,0,0
CHANDIGARH,2007,OTHER RAILWAY ACCIDENTS,0,0,0,0,0,0,0
CHANDIGARH,2007,OTHER,48,0,0,0,41,7,48
CHANDIGARH,2007,CAUSES NOT KNOWN,24,0,0,0,18,6,24
CHANDIGARH,2007,TOTAL,728,425,103,528,274,69,343
CHANDIGARH,2007,TOTAL COLLAPSE,5,0,0,0,4,1,5
CHANDIGARH,2007,TOTAL DROWNING,5,0,0,0,4,1,5
CHANDIGARH,2007,TOTAL EXPLOSION,3,0,0,0,3,0,3
CHANDIGARH,2007,TOTAL FALLS,15,0,0,0,12,3,15
CHANDIGARH,2007,TOTAL FIRE,17,0,0,0,5,12,17
CHANDIGARH,2007,TOTAL SUDDEN DEATHS,60,0,0,0,48,12,60
CHANDIGARH,2007,TOTAL POISONING,9,0,0,0,4,5,9
CHANDIGARH,2007,TOTAL TRAFFIC ACCIDENTS,536,425,103,528,130,21,151
CHANDIGARH,2008,AIR-CRASH,0,0,0,0,0,0,0
CHANDIGARH,2008,COLLAPSE OF STRUCTURE(HOUSE),0,0,0,0,0,0,0
CHANDIGARH,2008,COLLAPSE OF STRUCTURE(BUILDING),0,0,0,0,0,0,0
CHANDIGARH,2008,COLLAPSE OF STRUCTURE(DAM),0,0,0,0,0,0,0
CHANDIGARH,2008,COLLAPSE OF STRUCTURE(BRIDGE),0,0,0,0,0,0,0
CHANDIGARH,2008,COLLAPSE OF STRUCTURE(OTHERS),1,0,0,0,1,0,1
CHANDIGARH,2008,DROWNING(BOAT CAPSIZE),0,0,0,0,0,0,0
CHANDIGARH,2008,DROWNING(OTHER),8,0,0,0,7,1,8
CHANDIGARH,2008,ELECTROCUTION,9,0,0,0,7,2,9
CHANDIGARH,2008,EXPLOSION(BOMB EXPLOSION),0,0,0,0,0,0,0
CHANDIGARH,2008,EXPLOSION(OTHER EXPLOSION LIKE BOIL,0,0,0,0,0,0,0
CHANDIGARH,2008,FALLS(FALL FROM HEIGHT),22,0,0,0,21,1,22
CHANDIGARH,2008,FALL INTO PIT/MANHOLE,0,0,0,0,0,0,0
CHANDIGARH,2008,FACTORY/MACHINE ACCIDENTS,0,0,0,0,0,0,0
CHANDIGARH,2008,FIRE(FIREWORKS/CRACKERS),0,0,0,0,0,0,0
CHANDIGARH,2008,FIRE(SHORT-CIRCUIT),0,0,0,0,0,0,0
CHANDIGARH,2008,GAS CYLINDER/STOVE BURST,10,0,0,0,2,8,10
CHANDIGARH,2008,OTHER FIRE ACCIDENTS,10,0,0,0,4,6,10
CHANDIGARH,2008,FIRE-ARMS,2,0,0,0,2,0,2
CHANDIGARH,2008,SUDDEN DEATHS(HEART ATTACKS),26,0,0,0,25,1,26
CHANDIGARH,2008,EPILEPTIC FITS/GIDDINESS,3,0,0,0,3,0,3
CHANDIGARH,2008,ABORTIONS/CHILD BIRTH,0,0,0,0,0,0,0
CHANDIGARH,2008,INFLUENCE OF ALCOHOL,23,0,0,0,23,0,23
CHANDIGARH,2008,KILLED BY ANIMALS,0,0,0,0,0,0,0
CHANDIGARH,2008,MINES OR QUARY DISASTER,0,0,0,0,0,0,0
CHANDIGARH,2008,FOOD POISIONING/ACCIDENTAL INTAKE OF INSECTICIDES ETC.,7,0,0,0,4,3,7
CHANDIGARH,2008,SPURIOUS/POISIONOUS LIQUOR,0,0,0,0,0,0,0
CHANDIGARH,2008,LEAKAGE OF POISINOUS GASES ETC.,0,0,0,0,0,0,0
CHANDIGARH,2008,SNAKE BITE/ANIMAL BITE,1,0,0,0,1,0,1
CHANDIGARH,2008,OTHER,1,0,0,0,1,0,1
CHANDIGARH,2008,STAMPEDE,0,0,0,0,0,0,0
CHANDIGARH,2008,SUFFOCATION,1,0,0,0,0,1,1
CHANDIGARH,2008,TRAFFIC ACCIDENTS(ROAD ACCIDENTS),477,367,74,441,121,25,146
CHANDIGARH,2008,TRAFFIC ACCIDENTS(RAIL-ROAD ACCIDENTS),0,0,0,0,0,0,0
CHANDIGARH,2008,OTHER RAILWAY ACCIDENTS,0,0,0,0,0,0,0
CHANDIGARH,2008,OTHER,71,0,0,0,63,8,71
CHANDIGARH,2008,CAUSES NOT KNOWN,34,0,0,0,31,3,34
CHANDIGARH,2008,TOTAL,706,367,74,441,316,59,375
CHANDIGARH,2008,TOTAL COLLAPSE,1,0,0,0,1,0,1
CHANDIGARH,2008,TOTAL DROWNING,8,0,0,0,7,1,8
CHANDIGARH,2008,TOTAL EXPLOSION,0,0,0,0,0,0,0
CHANDIGARH,2008,TOTAL FALLS,22,0,0,0,21,1,22
CHANDIGARH,2008,TOTAL FIRE,20,0,0,0,6,14,20
CHANDIGARH,2008,TOTAL SUDDEN DEATHS,52,0,0,0,51,1,52
CHANDIGARH,2008,TOTAL POISONING,9,0,0,0,6,3,9
CHANDIGARH,2008,TOTAL TRAFFIC ACCIDENTS,477,367,74,441,121,25,146
CHANDIGARH,2009,AIR-CRASH,0,0,0,0,0,0,0
CHANDIGARH,2009,COLLAPSE OF STRUCTURE(HOUSE),0,0,0,0,0,0,0
CHANDIGARH,2009,COLLAPSE OF STRUCTURE(BUILDING),0,0,0,0,0,0,0
CHANDIGARH,2009,COLLAPSE OF STRUCTURE(DAM),0,0,0,0,0,0,0
CHANDIGARH,2009,COLLAPSE OF STRUCTURE(BRIDGE),0,0,0,0,0,0,0
CHANDIGARH,2009,COLLAPSE OF STRUCTURE(OTHERS),0,0,0,0,0,0,0
CHANDIGARH,2009,DROWNING(BOAT CAPSIZE),0,0,0,0,0,0,0
CHANDIGARH,2009,DROWNING(OTHER),1,0,0,0,1,0,1
CHANDIGARH,2009,ELECTROCUTION,6,0,0,0,5,1,6
CHANDIGARH,2009,EXPLOSION(BOMB EXPLOSION),0,0,0,0,0,0,0
CHANDIGARH,2009,EXPLOSION(OTHER EXPLOSION LIKE BOIL,0,0,0,0,0,0,0
CHANDIGARH,2009,FALLS(FALL FROM HEIGHT),13,0,0,0,13,0,13
CHANDIGARH,2009,FALL INTO PIT/MANHOLE,0,0,0,0,0,0,0
CHANDIGARH,2009,FACTORY/MACHINE ACCIDENTS,0,0,0,0,0,0,0
CHANDIGARH,2009,FIRE(FIREWORKS/CRACKERS),0,0,0,0,0,0,0
CHANDIGARH,2009,FIRE(SHORT-CIRCUIT),0,0,0,0,0,0,0
CHANDIGARH,2009,GAS CYLINDER/STOVE BURST,10,0,0,0,5,5,10
CHANDIGARH,2009,OTHER FIRE ACCIDENTS,7,0,0,0,7,0,7
CHANDIGARH,2009,FIRE-ARMS,1,0,0,0,1,0,1
CHANDIGARH,2009,SUDDEN DEATHS(HEART ATTACKS),35,0,0,0,34,1,35
CHANDIGARH,2009,EPILEPTIC FITS/GIDDINESS,1,0,0,0,0,1,1
CHANDIGARH,2009,ABORTIONS/CHILD BIRTH,1,0,0,0,0,1,1
CHANDIGARH,2009,INFLUENCE OF ALCOHOL,15,0,0,0,14,1,15
CHANDIGARH,2009,KILLED BY ANIMALS,0,0,0,0,0,0,0
CHANDIGARH,2009,MINES OR QUARY DISASTER,0,0,0,0,0,0,0
CHANDIGARH,2009,FOOD POISIONING/ACCIDENTAL INTAKE OF INSECTICIDES ETC.,0,0,0,0,0,0,0
CHANDIGARH,2009,SPURIOUS/POISIONOUS LIQUOR,1,0,0,0,1,0,1
CHANDIGARH,2009,LEAKAGE OF POISINOUS GASES ETC.,0,0,0,0,0,0,0
CHANDIGARH,2009,SNAKE BITE/ANIMAL BITE,1,0,0,0,1,0,1
CHANDIGARH,2009,OTHER,6,0,0,0,4,2,6
CHANDIGARH,2009,STAMPEDE,0,0,0,0,0,0,0
CHANDIGARH,2009,SUFFOCATION,0,0,0,0,0,0,0
CHANDIGARH,2009,TRAFFIC ACCIDENTS(ROAD ACCIDENTS),424,245,74,319,148,23,171
CHANDIGARH,2009,TRAFFIC ACCIDENTS(RAIL-ROAD ACCIDENTS),0,0,0,0,0,0,0
CHANDIGARH,2009,OTHER RAILWAY ACCIDENTS,0,0,0,0,0,0,0
CHANDIGARH,2009,OTHER,87,0,0,0,75,12,87
CHANDIGARH,2009,CAUSES NOT KNOWN,25,0,0,0,24,1,25
CHANDIGARH,2009,TOTAL,634,245,74,319,333,48,381
CHANDIGARH,2009,TOTAL COLLAPSE,0,0,0,0,0,0,0
CHANDIGARH,2009,TOTAL DROWNING,1,0,0,0,1,0,1
CHANDIGARH,2009,TOTAL EXPLOSION,0,0,0,0,0,0,0
CHANDIGARH,2009,TOTAL FALLS,13,0,0,0,13,0,13
CHANDIGARH,2009,TOTAL FIRE,17,0,0,0,12,5,17
CHANDIGARH,2009,TOTAL SUDDEN DEATHS,52,0,0,0,48,4,52
CHANDIGARH,2009,TOTAL POISONING,8,0,0,0,6,2,8
CHANDIGARH,2009,TOTAL TRAFFIC ACCIDENTS,424,245,74,319,148,23,171
CHANDIGARH,2010,AIR-CRASH,0,0,0,0,0,0,0
CHANDIGARH,2010,COLLAPSE OF STRUCTURE(HOUSE),0,0,0,0,0,0,0
CHANDIGARH,2010,COLLAPSE OF STRUCTURE(BUILDING),0,0,0,0,0,0,0
CHANDIGARH,2010,COLLAPSE OF STRUCTURE(DAM),0,0,0,0,0,0,0
CHANDIGARH,2010,COLLAPSE OF STRUCTURE(BRIDGE),0,0,0,0,0,0,0
CHANDIGARH,2010,COLLAPSE OF STRUCTURE(OTHERS),1,0,0,0,1,0,1
CHANDIGARH,2010,DROWNING(BOAT CAPSIZE),0,0,0,0,0,0,0
CHANDIGARH,2010,DROWNING(OTHER),0,0,0,0,0,0,0
CHANDIGARH,2010,ELECTROCUTION,7,0,0,0,6,1,7
CHANDIGARH,2010,EXPLOSION(BOMB EXPLOSION),0,0,0,0,0,0,0
CHANDIGARH,2010,EXPLOSION(OTHER EXPLOSION LIKE BOIL,0,0,0,0,0,0,0
CHANDIGARH,2010,FALLS(FALL FROM HEIGHT),16,0,0,0,13,3,16
CHANDIGARH,2010,FALL INTO PIT/MANHOLE,2,0,0,0,2,0,2
CHANDIGARH,2010,FACTORY/MACHINE ACCIDENTS,0,0,0,0,0,0,0
CHANDIGARH,2010,FIRE(FIREWORKS/CRACKERS),0,0,0,0,0,0,0
CHANDIGARH,2010,FIRE(SHORT-CIRCUIT),0,0,0,0,0,0,0
CHANDIGARH,2010,GAS CYLINDER/STOVE BURST,7,0,0,0,1,6,7
CHANDIGARH,2010,OTHER FIRE ACCIDENTS,5,0,0,0,1,4,5
CHANDIGARH,2010,FIRE-ARMS,1,0,0,0,1,0,1
CHANDIGARH,2010,SUDDEN DEATHS(HEART ATTACKS),25,0,0,0,24,1,25
CHANDIGARH,2010,EPILEPTIC FITS/GIDDINESS,3,0,0,0,3,0,3
CHANDIGARH,2010,ABORTIONS/CHILD BIRTH,2,0,0,0,0,2,2
CHANDIGARH,2010,INFLUENCE OF ALCOHOL,17,0,0,0,17,0,17
CHANDIGARH,2010,KILLED BY ANIMALS,0,0,0,0,0,0,0
CHANDIGARH,2010,MINES OR QUARY DISASTER,0,0,0,0,0,0,0
CHANDIGARH,2010,FOOD POISIONING/ACCIDENTAL INTAKE OF INSECTICIDES ETC.,0,0,0,0,0,0,0
CHANDIGARH,2010,SPURIOUS/POISIONOUS LIQUOR,2,0,0,0,0,2,2
CHANDIGARH,2010,LEAKAGE OF POISINOUS GASES ETC.,0,0,0,0,0,0,0
CHANDIGARH,2010,SNAKE BITE/ANIMAL BITE,0,0,0,0,0,0,0
CHANDIGARH,2010,OTHER,7,0,0,0,4,3,7
CHANDIGARH,2010,STAMPEDE,0,0,0,0,0,0,0
CHANDIGARH,2010,SUFFOCATION,0,0,0,0,0,0,0
CHANDIGARH,2010,TRAFFIC ACCIDENTS(ROAD ACCIDENTS),456,334,81,415,114,24,138
CHANDIGARH,2010,TRAFFIC ACCIDENTS(RAIL-ROAD ACCIDENTS),0,0,0,0,0,0,0
CHANDIGARH,2010,OTHER RAILWAY ACCIDENTS,0,0,0,0,0,0,0
CHANDIGARH,2010,OTHER,51,0,0,0,44,7,51
CHANDIGARH,2010,CAUSES NOT KNOWN,48,0,0,0,41,7,48
CHANDIGARH,2010,TOTAL,650,334,81,415,272,60,332
CHANDIGARH,2010,TOTAL COLLAPSE,1,0,0,0,1,0,1
CHANDIGARH,2010,TOTAL DROWNING,0,0,0,0,0,0,0
CHANDIGARH,2010,TOTAL EXPLOSION,0,0,0,0,0,0,0
CHANDIGARH,2010,TOTAL FALLS,18,0,0,0,15,3,18
CHANDIGARH,2010,TOTAL FIRE,12,0,0,0,2,10,12
CHANDIGARH,2010,TOTAL SUDDEN DEATHS,47,0,0,0,44,3,47
CHANDIGARH,2010,TOTAL POISONING,9,0,0,0,4,5,9
CHANDIGARH,2010,TOTAL TRAFFIC ACCIDENTS,456,334,81,415,114,24,138
CHANDIGARH,2011,AIR-CRASH,0,0,0,0,0,0,0
CHANDIGARH,2011,COLLAPSE OF STRUCTURE(HOUSE),0,0,0,0,0,0,0
CHANDIGARH,2011,COLLAPSE OF STRUCTURE(BUILDING),0,0,0,0,0,0,0
CHANDIGARH,2011,COLLAPSE OF STRUCTURE(DAM),0,0,0,0,0,0,0
CHANDIGARH,2011,COLLAPSE OF STRUCTURE(BRIDGE),0,0,0,0,0,0,0
CHANDIGARH,2011,COLLAPSE OF STRUCTURE(OTHERS),0,0,0,0,0,0,0
CHANDIGARH,2011,DROWNING(BOAT CAPSIZE),0,0,0,0,0,0,0
CHANDIGARH,2011,DROWNING(OTHER),4,0,0,0,3,1,4
CHANDIGARH,2011,ELECTROCUTION,7,0,0,0,7,0,7
CHANDIGARH,2011,EXPLOSION(BOMB EXPLOSION),0,0,0,0,0,0,0
CHANDIGARH,2011,EXPLOSION(OTHER EXPLOSION LIKE BOIL,0,0,0,0,0,0,0
CHANDIGARH,2011,FALLS(FALL FROM HEIGHT),20,0,0,0,15,5,20
CHANDIGARH,2011,FALL INTO PIT/MANHOLE,0,0,0,0,0,0,0
CHANDIGARH,2011,FACTORY/MACHINE ACCIDENTS,0,0,0,0,0,0,0
CHANDIGARH,2011,FIRE(FIREWORKS/CRACKERS),0,0,0,0,0,0,0
CHANDIGARH,2011,FIRE(SHORT-CIRCUIT),0,0,0,0,0,0,0
CHANDIGARH,2011,GAS CYLINDER/STOVE BURST,8,0,0,0,1,7,8
CHANDIGARH,2011,OTHER FIRE ACCIDENTS,7,0,0,0,1,6,7
CHANDIGARH,2011,FIRE-ARMS,0,0,0,0,0,0,0
CHANDIGARH,2011,SUDDEN DEATHS(HEART ATTACKS),52,0,0,0,50,2,52
CHANDIGARH,2011,EPILEPTIC FITS/GIDDINESS,1,0,0,0,1,0,1
CHANDIGARH,2011,ABORTIONS/CHILD BIRTH,0,0,0,0,0,0,0
CHANDIGARH,2011,INFLUENCE OF ALCOHOL,19,0,0,0,19,0,19
CHANDIGARH,2011,KILLED BY ANIMALS,1,0,0,0,1,0,1
CHANDIGARH,2011,MINES OR QUARY DISASTER,0,0,0,0,0,0,0
CHANDIGARH,2011,FOOD POISIONING/ACCIDENTAL INTAKE OF INSECTICIDES ETC.,1,0,0,0,0,1,1
CHANDIGARH,2011,SPURIOUS/POISIONOUS LIQUOR,5,0,0,0,2,3,5
CHANDIGARH,2011,LEAKAGE OF POISINOUS GASES ETC.,0,0,0,0,0,0,0
CHANDIGARH,2011,SNAKE BITE/ANIMAL BITE,1,0,0,0,1,0,1
CHANDIGARH,2011,OTHER,4,0,0,0,3,1,4
CHANDIGARH,2011,STAMPEDE,0,0,0,0,0,0,0
CHANDIGARH,2011,SUFFOCATION,1,0,0,0,0,1,1
CHANDIGARH,2011,TRAFFIC ACCIDENTS(ROAD ACCIDENTS),441,295,75,370,114,22,136
CHANDIGARH,2011,TRAFFIC ACCIDENTS(RAIL-ROAD ACCIDENTS),0,0,0,0,0,0,0
CHANDIGARH,2011,OTHER RAILWAY ACCIDENTS,0,0,0,0,0,0,0
CHANDIGARH,2011,OTHER,118,0,0,0,104,14,118
CHANDIGARH,2011,CAUSES NOT KNOWN,38,0,0,0,36,2,38
CHANDIGARH,2011,TOTAL,728,295,75,370,358,65,423
CHANDIGARH,2011,TOTAL COLLAPSE,0,0,0,0,0,0,0
CHANDIGARH,2011,TOTAL DROWNING,4,0,0,0,3,1,4
CHANDIGARH,2011,TOTAL EXPLOSION,0,0,0,0,0,0,0
CHANDIGARH,2011,TOTAL FALLS,20,0,0,0,15,5,20
CHANDIGARH,2011,TOTAL FIRE,15,0,0,0,2,13,15
CHANDIGARH,2011,TOTAL SUDDEN DEATHS,72,0,0,0,70,2,72
CHANDIGARH,2011,TOTAL POISONING,11,0,0,0,6,5,11
CHANDIGARH,2011,TOTAL TRAFFIC ACCIDENTS,441,295,75,370,114,22,136
CHANDIGARH,2012,AIR-CRASH,0,0,0,0,0,0,0
CHANDIGARH,2012,COLLAPSE OF STRUCTURE(HOUSE),0,0,0,0,0,0,0
CHANDIGARH,2012,COLLAPSE OF STRUCTURE(BUILDING),0,0,0,0,0,0,0
CHANDIGARH,2012,COLLAPSE OF STRUCTURE(DAM),0,0,0,0,0,0,0
CHANDIGARH,2012,COLLAPSE OF STRUCTURE(BRIDGE),0,0,0,0,0,0,0
CHANDIGARH,2012,COLLAPSE OF STRUCTURE(OTHERS),0,0,0,0,0,0,0
CHANDIGARH,2012,DROWNING(BOAT CAPSIZE),0,0,0,0,0,0,0
CHANDIGARH,2012,DROWNING(OTHER),2,0,0,0,2,0,2
CHANDIGARH,2012,ELECTROCUTION,3,0,0,0,3,0,3
CHANDIGARH,2012,EXPLOSION(BOMB EXPLOSION),0,0,0,0,0,0,0
CHANDIGARH,2012,EXPLOSION(OTHER EXPLOSION LIKE BOIL,0,0,0,0,0,0,0
CHANDIGARH,2012,FALLS(FALL FROM HEIGHT),26,0,0,0,19,7,26
CHANDIGARH,2012,FALL INTO PIT/MANHOLE,3,0,0,0,3,0,3
CHANDIGARH,2012,FACTORY/MACHINE ACCIDENTS,0,0,0,0,0,0,0
CHANDIGARH,2012,FIRE(FIREWORKS/CRACKERS),0,0,0,0,0,0,0
CHANDIGARH,2012,FIRE(SHORT-CIRCUIT),1,0,0,0,1,0,1
CHANDIGARH,2012,GAS CYLINDER/STOVE BURST,2,0,0,0,0,3,3
CHANDIGARH,2012,OTHER FIRE ACCIDENTS,8,0,0,0,5,2,7
CHANDIGARH,2012,FIRE-ARMS,0,0,0,0,0,0,0
CHANDIGARH,2012,SUDDEN DEATHS(HEART ATTACKS),43,0,0,0,42,1,43
CHANDIGARH,2012,EPILEPTIC FITS/GIDDINESS,1,0,0,0,1,0,1
CHANDIGARH,2012,ABORTIONS/CHILD BIRTH,0,0,0,0,0,0,0
CHANDIGARH,2012,INFLUENCE OF ALCOHOL,9,0,0,0,9,0,9
CHANDIGARH,2012,KILLED BY ANIMALS,0,0,0,0,0,0,0
CHANDIGARH,2012,MINES OR QUARY DISASTER,0,0,0,0,0,0,0
CHANDIGARH,2012,FOOD POISIONING/ACCIDENTAL INTAKE OF INSECTICIDES ETC.,0,0,0,0,0,0,0
CHANDIGARH,2012,SPURIOUS/POISIONOUS LIQUOR,0,0,0,0,0,0,0
CHANDIGARH,2012,LEAKAGE OF POISINOUS GASES ETC.,0,0,0,0,0,0,0
CHANDIGARH,2012,SNAKE BITE/ANIMAL BITE,0,0,0,0,0,0,0
CHANDIGARH,2012,OTHER,2,0,0,0,0,2,2
CHANDIGARH,2012,STAMPEDE,0,0,0,0,0,0,0
CHANDIGARH,2012,SUFFOCATION,0,0,0,0,0,0,0
CHANDIGARH,2012,TRAFFIC ACCIDENTS(ROAD ACCIDENTS),412,317,80,397,99,15,114
CHANDIGARH,2012,TRAFFIC ACCIDENTS(RAIL-ROAD ACCIDENTS),0,0,0,0,0,0,0
CHANDIGARH,2012,OTHER RAILWAY ACCIDENTS,0,0,0,0,0,0,0
CHANDIGARH,2012,OTHER,93,0,0,0,85,8,93
CHANDIGARH,2012,CAUSES NOT KNOWN,34,0,0,0,33,1,34
CHANDIGARH,2012,TOTAL,639,317,80,397,302,39,341
CHANDIGARH,2012,TOTAL COLLAPSE,0,0,0,0,0,0,0
CHANDIGARH,2012,TOTAL DROWNING,2,0,0,0,2,0,2
CHANDIGARH,2012,TOTAL EXPLOSION,0,0,0,0,0,0,0
CHANDIGARH,2012,TOTAL FALLS,29,0,0,0,22,7,29
CHANDIGARH,2012,TOTAL FIRE,11,0,0,0,6,5,11
CHANDIGARH,2012,TOTAL SUDDEN DEATHS,53,0,0,0,52,1,53
CHANDIGARH,2012,TOTAL POISONING,2,0,0,0,0,2,2
CHANDIGARH,2012,TOTAL TRAFFIC ACCIDENTS,412,317,80,397,99,15,114
D & N HAVELI,2001,AIR-CRASH,0,0,0,0,0,0,0
D & N HAVELI,2001,COLLAPSE OF STRUCTURE(HOUSE),0,0,0,0,0,0,0
D & N HAVELI,2001,COLLAPSE OF STRUCTURE(BUILDING),0,0,0,0,0,0,0
D & N HAVELI,2001,COLLAPSE OF STRUCTURE(DAM),0,0,0,0,0,0,0
D & N HAVELI,2001,COLLAPSE OF STRUCTURE(BRIDGE),0,0,0,0,0,0,0
D & N HAVELI,2001,COLLAPSE OF STRUCTURE(OTHERS),0,0,0,0,0,0,0
D & N HAVELI,2001,DROWNING(BOAT CAPSIZE),0,0,0,0,0,0,0
D & N HAVELI,2001,DROWNING(OTHER),11,0,0,0,9,4,13
D & N HAVELI,2001,ELECTROCUTION,2,0,0,0,1,1,2
D & N HAVELI,2001,EXPLOSION(BOMB EXPLOSION),0,0,0,0,0,0,0
D & N HAVELI,2001,EXPLOSION(OTHER EXPLOSION LIKE BOILERS,,0,0,0,0,0,0,0
D & N HAVELI,2001,FALLS(FALL FROM HEIGHT),9,0,0,0,7,2,9
D & N HAVELI,2001,FALL INTO PIT/MANHOLE,0,0,0,0,0,0,0
D & N HAVELI,2001,FACTORY/MACHINE ACCIDENTS,1,0,0,0,1,0,1
D & N HAVELI,2001,FIRE(FIREWORKS/CRACKERS),0,0,0,0,0,0,0
D & N HAVELI,2001,FIRE(SHORT-CIRCUIT),0,0,0,0,0,0,0
D & N HAVELI,2001,GAS CYLINDER/STOVE BURST,11,0,0,0,1,10,11
D & N HAVELI,2001,OTHER FIRE ACCIDENTS,4,0,0,0,3,1,4
D & N HAVELI,2001,FIRE-ARMS,0,0,0,0,0,0,0
D & N HAVELI,2001,SUDDEN DEATHS(HEART ATTACKS),4,0,0,0,2,2,4
D & N HAVELI,2001,EPILEPTIC FITS/GIDDINESS,2,0,0,0,2,0,2
D & N HAVELI,2001,ABORTIONS/CHILD BIRTH,1,0,0,0,0,1,1
D & N HAVELI,2001,INFLUENCE OF ALCOHOL,5,0,0,0,5,0,5
D & N HAVELI,2001,KILLED BY ANIMALS,1,0,0,0,1,0,1
D & N HAVELI,2001,MINES OR QUARY DISASTER,0,0,0,0,0,0,0
D & N HAVELI,2001,FOOD POISIONING/ACCIDENTAL INTAKE OF INSECTICIDES ETC.,0,0,0,0,0,0,0
D & N HAVELI,2001,SPURIOUS/POISIONOUS LIQUOR,0,0,0,0,0,0,0
D & N HAVELI,2001,LEAKAGE OF POISINOUS GASES ETC.,0,0,0,0,0,0,0
D & N HAVELI,2001,SNAKE BITE/ANIMAL BITE,5,0,0,0,4,1,5
D & N HAVELI,2001,OTHER,0,0,0,0,0,0,0
D & N HAVELI,2001,STAMPEDE,0,0,0,0,0,0,0
D & N HAVELI,2001,SUFFOCATION,0,0,0,0,0,0,0
D & N HAVELI,2001,TRAFFIC ACCIDENTS(ROAD ACCIDENTS),87,90,11,101,27,10,37
D & N HAVELI,2001,TRAFFIC ACCIDENTS(RAIL-ROAD ACCIDENTS),0,0,0,0,0,0,0
D & N HAVELI,2001,OTHER RAILWAY ACCIDENTS,0,0,0,0,0,0,0
D & N HAVELI,2001,OTHER,17,0,0,0,11,6,17
D & N HAVELI,2001,CAUSES NOT KNOWN,4,0,0,0,4,0,4
D & N HAVELI,2001,TOTAL,164,90,11,101,78,38,116
D & N HAVELI,2001,TOTAL COLLAPSE,0,0,0,0,0,0,0
D & N HAVELI,2001,TOTAL DROWNING,11,0,0,0,9,4,13
D & N HAVELI,2001,TOTAL EXPLOSION,0,0,0,0,0,0,0
D & N HAVELI,2001,TOTAL FALLS,9,0,0,0,7,2,9
D & N HAVELI,2001,TOTAL FIRE,15,0,0,0,4,11,15
D & N HAVELI,2001,TOTAL SUDDEN DEATHS,12,0,0,0,9,3,12
D & N HAVELI,2001,TOTAL POISONING,5,0,0,0,4,1,5
D & N HAVELI,2001,TOTAL TRAFFIC ACCIDENTS,87,90,11,101,27,10,37
D & N HAVELI,2002,AIR-CRASH,0,0,0,0,0,0,0
D & N HAVELI,2002,COLLAPSE OF STRUCTURE(HOUSE),0,0,0,0,0,0,0
D & N HAVELI,2002,COLLAPSE OF STRUCTURE(BUILDING),0,0,0,0,0,0,0
D & N HAVELI,2002,COLLAPSE OF STRUCTURE(DAM),0,0,0,0,0,0,0
D & N HAVELI,2002,COLLAPSE OF STRUCTURE(BRIDGE),0,0,0,0,0,0,0
D & N HAVELI,2002,COLLAPSE OF STRUCTURE(OTHERS),0,0,0,0,0,0,0
D & N HAVELI,2002,DROWNING(BOAT CAPSIZE),0,0,0,0,0,0,0
D & N HAVELI,2002,DROWNING(OTHER),10,0,0,0,7,3,10
D & N HAVELI,2002,ELECTROCUTION,5,0,0,0,4,1,5
D & N HAVELI,2002,EXPLOSION(BOMB EXPLOSION),0,0,0,0,0,0,0
D & N HAVELI,2002,EXPLOSION(OTHER EXPLOSION LIKE BOILERS, GAS CYLINDER ETC.),0,0,0,0,0,0,0
D & N HAVELI,2002,FALLS(FALL FROM HEIGHT),8,0,0,0,8,0,8
D & N HAVELI,2002,FALL INTO PIT/MANHOLE,0,0,0,0,0,0,0
D & N HAVELI,2002,FACTORY/MACHINE ACCIDENTS,0,0,0,0,0,0,0
D & N HAVELI,2002,FIRE(FIREWORKS/CRACKERS),0,0,0,0,0,0,0
D & N HAVELI,2002,FIRE(SHORT-CIRCUIT),0,0,0,0,0,0,0
D & N HAVELI,2002,GAS CYLINDER/STOVE BURST,0,0,0,0,0,0,0
D & N HAVELI,2002,OTHER FIRE ACCIDENTS,9,0,0,0,3,6,9
D & N HAVELI,2002,FIRE-ARMS,0,0,0,0,0,0,0
D & N HAVELI,2002,SUDDEN DEATHS(HEART ATTACKS),6,0,0,0,5,1,6
D & N HAVELI,2002,EPILEPTIC FITS/GIDDINESS,0,0,0,0,0,0,0
D & N HAVELI,2002,ABORTIONS/CHILD BIRTH,1,0,0,0,0,1,1
D & N HAVELI,2002,INFLUENCE OF ALCOHOL,1,0,0,0,1,0,1
D & N HAVELI,2002,KILLED BY ANIMALS,2,0,0,0,1,1,2
D & N HAVELI,2002,MINES OR QUARY DISASTER,0,0,0,0,0,0,0
D & N HAVELI,2002,FOOD POISIONING/ACCIDENTAL INTAKE OF INSECTICIDES ETC.,0,0,0,0,0,0,0
D & N HAVELI,2002,SPURIOUS/POISIONOUS LIQUOR,0,0,0,0,0,0,0
D & N HAVELI,2002,LEAKAGE OF POISINOUS GASES ETC.,0,0,0,0,0,0,0
D & N HAVELI,2002,SNAKE BITE/ANIMAL BITE,3,0,0,0,2,1,3
D & N HAVELI,2002,OTHER,0,0,0,0,0,0,0
D & N HAVELI,2002,STAMPEDE,0,0,0,0,0,0,0
D & N HAVELI,2002,SUFFOCATION,0,0,0,0,0,0,0
D & N HAVELI,2002,TRAFFIC ACCIDENTS(ROAD ACCIDENTS),80,83,15,98,27,5,32
D & N HAVELI,2002,TRAFFIC ACCIDENTS(RAIL-ROAD ACCIDENTS),0,0,0,0,0,0,0
D & N HAVELI,2002,OTHER RAILWAY ACCIDENTS,0,0,0,0,0,0,0
D & N HAVELI,2002,OTHER,24,0,0,0,18,6,24
D & N HAVELI,2002,CAUSES NOT KNOWN,6,0,0,0,5,1,6
D & N HAVELI,2002,TOTAL,155,83,15,98,81,26,107
D & N HAVELI,2002,TOTAL COLLAPSE,0,0,0,0,0,0,0
D & N HAVELI,2002,TOTAL DROWNING,10,0,0,0,7,3,10
D & N HAVELI,2002,TOTAL EXPLOSION,0,0,0,0,0,0,0
D & N HAVELI,2002,TOTAL FALLS,8,0,0,0,8,0,8
D & N HAVELI,2002,TOTAL FIRE,9,0,0,0,3,6,9
D & N HAVELI,2002,TOTAL SUDDEN DEATHS,8,0,0,0,6,2,8
D & N HAVELI,2002,TOTAL POISONING,3,0,0,0,2,1,3
D & N HAVELI,2002,TOTAL TRAFFIC ACCIDENTS,80,83,15,98,27,5,32
D & N HAVELI,2003,AIR-CRASH,0,0,0,0,0,0,0
D & N HAVELI,2003,COLLAPSE OF STRUCTURE(HOUSE),1,0,0,0,0,1,1
D & N HAVELI,2003,COLLAPSE OF STRUCTURE(BUILDING),0,0,0,0,0,0,0
D & N HAVELI,2003,COLLAPSE OF STRUCTURE(DAM),0,0,0,0,0,0,0
D & N HAVELI,2003,COLLAPSE OF STRUCTURE(BRIDGE),2,0,0,0,3,0,3
D & N HAVELI,2003,COLLAPSE OF STRUCTURE(OTHERS),0,0,0,0,0,0,0
D & N HAVELI,2003,DROWNING(BOAT CAPSIZE),0,0,0,0,0,0,0
D & N HAVELI,2003,DROWNING(OTHER),15,0,0,0,13,3,16
D & N HAVELI,2003,ELECTROCUTION,6,0,0,0,6,0,6
D & N HAVELI,2003,EXPLOSION(BOMB EXPLOSION),0,0,0,0,0,0,0
D & N HAVELI,2003,EXPLOSION(OTHER EXPLOSION LIKE BOILERS,,2,0,0,0,0,2,2
D & N HAVELI,2003,FALLS(FALL FROM HEIGHT),12,0,0,0,11,1,12
D & N HAVELI,2003,FALL INTO PIT/MANHOLE,0,0,0,0,0,0,0
D & N HAVELI,2003,FACTORY/MACHINE ACCIDENTS,1,0,0,0,1,0,1
D & N HAVELI,2003,FIRE(FIREWORKS/CRACKERS),0,0,0,0,0,0,0
D & N HAVELI,2003,FIRE(SHORT-CIRCUIT),0,0,0,0,0,0,0
D & N HAVELI,2003,GAS CYLINDER/STOVE BURST,0,0,0,0,0,0,0
D & N HAVELI,2003,OTHER FIRE ACCIDENTS,3,0,0,0,2,1,3
D & N HAVELI,2003,FIRE-ARMS,0,0,0,0,0,0,0
D & N HAVELI,2003,SUDDEN DEATHS(HEART ATTACKS),18,0,0,0,16,2,18
D & N HAVELI,2003,EPILEPTIC FITS/GIDDINESS,0,0,0,0,0,0,0
D & N HAVELI,2003,ABORTIONS/CHILD BIRTH,0,0,0,0,0,0,0
D & N HAVELI,2003,INFLUENCE OF ALCOHOL,0,0,0,0,0,0,0
D & N HAVELI,2003,KILLED BY ANIMALS,0,0,0,0,0,0,0
D & N HAVELI,2003,MINES OR QUARY DISASTER,0,0,0,0,0,0,0
D & N HAVELI,2003,FOOD POISIONING/ACCIDENTAL INTAKE OF INSECTICIDES ETC.,0,0,0,0,0,0,0
D & N HAVELI,2003,SPURIOUS/POISIONOUS LIQUOR,0,0,0,0,0,0,0
D & N HAVELI,2003,LEAKAGE OF POISINOUS GASES ETC.,0,0,0,0,0,0,0
D & N HAVELI,2003,SNAKE BITE/ANIMAL BITE,2,0,0,0,1,1,2
D & N HAVELI,2003,OTHER,0,0,0,0,0,0,0
D & N HAVELI,2003,STAMPEDE,0,0,0,0,0,0,0
D & N HAVELI,2003,SUFFOCATION,0,0,0,0,0,0,0
D & N HAVELI,2003,TRAFFIC ACCIDENTS(ROAD ACCIDENTS),73,54,14,68,31,3,34
D & N HAVELI,2003,TRAFFIC ACCIDENTS(RAIL-ROAD ACCIDENTS),0,0,0,0,0,0,0
D & N HAVELI,2003,OTHER RAILWAY ACCIDENTS,0,0,0,0,0,0,0
D & N HAVELI,2003,OTHER,21,0,0,0,17,4,21
D & N HAVELI,2003,CAUSES NOT KNOWN,12,0,0,0,10,2,12
D & N HAVELI,2003,TOTAL,168,54,14,68,111,20,131
D & N HAVELI,2003,TOTAL COLLAPSE,3,0,0,0,3,1,4
D & N HAVELI,2003,TOTAL DROWNING,15,0,0,0,13,3,16
D & N HAVELI,2003,TOTAL EXPLOSION,2,0,0,0,0,2,2
D & N HAVELI,2003,TOTAL FALLS,12,0,0,0,11,1,12
D & N HAVELI,2003,TOTAL FIRE,3,0,0,0,2,1,3
D & N HAVELI,2003,TOTAL SUDDEN DEATHS,18,0,0,0,16,2,18
D & N HAVELI,2003,TOTAL POISONING,2,0,0,0,1,1,2
D & N HAVELI,2003,TOTAL TRAFFIC ACCIDENTS,73,54,14,68,31,3,34
D & N HAVELI,2004,AIR-CRASH,0,0,0,0,0,0,0
D & N HAVELI,2004,COLLAPSE OF STRUCTURE(HOUSE),0,0,0,0,0,0,0
D & N HAVELI,2004,COLLAPSE OF STRUCTURE(BUILDING),0,0,0,0,0,0,0
D & N HAVELI,2004,COLLAPSE OF STRUCTURE(DAM),0,0,0,0,0,0,0
D & N HAVELI,2004,COLLAPSE OF STRUCTURE(BRIDGE),0,0,0,0,0,0,0
D & N HAVELI,2004,COLLAPSE OF STRUCTURE(OTHERS),2,0,0,0,2,0,2
D & N HAVELI,2004,DROWNING(BOAT CAPSIZE),0,0,0,0,0,0,0
D & N HAVELI,2004,DROWNING(OTHER),12,0,0,0,9,3,12
D & N HAVELI,2004,ELECTROCUTION,5,0,0,0,5,0,5
D & N HAVELI,2004,EXPLOSION(BOMB EXPLOSION),0,0,0,0,0,0,0
D & N HAVELI,2004,EXPLOSION(OTHER EXPLOSION LIKE BOILERS,,0,0,0,0,0,0,0
D & N HAVELI,2004,FALLS(FALL FROM HEIGHT),14,0,0,0,12,2,14
D & N HAVELI,2004,FALL INTO PIT/MANHOLE,0,0,0,0,0,0,0
D & N HAVELI,2004,FACTORY/MACHINE ACCIDENTS,16,8,0,8,8,0,8
D & N HAVELI,2004,FIRE(FIREWORKS/CRACKERS),0,0,0,0,0,0,0
D & N HAVELI,2004,FIRE(SHORT-CIRCUIT),2,0,0,0,2,0,2
D & N HAVELI,2004,GAS CYLINDER/STOVE BURST,8,0,0,0,7,1,8
D & N HAVELI,2004,OTHER FIRE ACCIDENTS,0,0,0,0,0,0,0
D & N HAVELI,2004,FIRE-ARMS,0,0,0,0,0,0,0
D & N HAVELI,2004,SUDDEN DEATHS(HEART ATTACKS),14,0,0,0,14,0,14
D & N HAVELI,2004,EPILEPTIC FITS/GIDDINESS,0,0,0,0,0,0,0
D & N HAVELI,2004,ABORTIONS/CHILD BIRTH,1,0,0,0,0,1,1
D & N HAVELI,2004,INFLUENCE OF ALCOHOL,4,0,0,0,4,0,4
D & N HAVELI,2004,KILLED BY ANIMALS,0,0,0,0,0,0,0
D & N HAVELI,2004,MINES OR QUARY DISASTER,0,0,0,0,0,0,0
D & N HAVELI,2004,FOOD POISIONING/ACCIDENTAL INTAKE OF INSECTICIDES ETC.,0,0,0,0,0,0,0
D & N HAVELI,2004,SPURIOUS/POISIONOUS LIQUOR,0,0,0,0,0,0,0
D & N HAVELI,2004,LEAKAGE OF POISINOUS GASES ETC.,0,0,0,0,0,0,0
D & N HAVELI,2004,SNAKE BITE/ANIMAL BITE,6,0,0,0,5,1,6
D & N HAVELI,2004,OTHER,0,0,0,0,0,0,0
D & N HAVELI,2004,STAMPEDE,0,0,0,0,0,0,0
D & N HAVELI,2004,SUFFOCATION,0,0,0,0,0,0,0
D & N HAVELI,2004,TRAFFIC ACCIDENTS(ROAD ACCIDENTS),111,114,19,133,43,11,54
D & N HAVELI,2004,TRAFFIC ACCIDENTS(RAIL-ROAD ACCIDENTS),0,0,0,0,0,0,0
D & N HAVELI,2004,OTHER RAILWAY ACCIDENTS,0,0,0,0,0,0,0
D & N HAVELI,2004,OTHER,17,0,0,0,15,3,18
D & N HAVELI,2004,CAUSES NOT KNOWN,0,0,0,0,0,0,0
D & N HAVELI,2004,TOTAL,212,122,19,141,126,22,148
D & N HAVELI,2004,TOTAL COLLAPSE,2,0,0,0,2,0,2
D & N HAVELI,2004,TOTAL DROWNING,12,0,0,0,9,3,12
D & N HAVELI,2004,TOTAL EXPLOSION,0,0,0,0,0,0,0
D & N HAVELI,2004,TOTAL FALLS,14,0,0,0,12,2,14
D & N HAVELI,2004,TOTAL FIRE,10,0,0,0,9,1,10
D & N HAVELI,2004,TOTAL SUDDEN DEATHS,19,0,0,0,18,1,19
D & N HAVELI,2004,TOTAL POISONING,6,0,0,0,5,1,6
D & N HAVELI,2004,TOTAL TRAFFIC ACCIDENTS,111,114,19,133,43,11,54
D & N HAVELI,2005,AIR-CRASH,0,0,0,0,0,0,0
D & N HAVELI,2005,COLLAPSE OF STRUCTURE(HOUSE),0,0,0,0,0,0,0
D & N HAVELI,2005,COLLAPSE OF STRUCTURE(BUILDING),0,0,0,0,0,0,0
D & N HAVELI,2005,COLLAPSE OF STRUCTURE(DAM),0,0,0,0,0,0,0
D & N HAVELI,2005,COLLAPSE OF STRUCTURE(BRIDGE),0,0,0,0,0,0,0
D & N HAVELI,2005,COLLAPSE OF STRUCTURE(OTHERS),0,0,0,0,0,0,0
D & N HAVELI,2005,DROWNING(BOAT CAPSIZE),0,0,0,0,0,0,0
D & N HAVELI,2005,DROWNING(OTHER),13,0,0,0,12,1,13
D & N HAVELI,2005,ELECTROCUTION,5,0,0,0,5,0,5
D & N HAVELI,2005,EXPLOSION(BOMB EXPLOSION),0,0,0,0,0,0,0
D & N HAVELI,2005,EXPLOSION(OTHER EXPLOSION LIKE BOILERS,,0,0,0,0,0,0,0
D & N HAVELI,2005,FALLS(FALL FROM HEIGHT),16,0,0,0,15,1,16
D & N HAVELI,2005,FALL INTO PIT/MANHOLE,0,0,0,0,0,0,0
D & N HAVELI,2005,FACTORY/MACHINE ACCIDENTS,17,9,0,9,8,0,8
D & N HAVELI,2005,FIRE(FIREWORKS/CRACKERS),0,0,0,0,0,0,0
D & N HAVELI,2005,FIRE(SHORT-CIRCUIT),0,0,0,0,0,0,0
D & N HAVELI,2005,GAS CYLINDER/STOVE BURST,10,0,0,0,5,5,10
D & N HAVELI,2005,OTHER FIRE ACCIDENTS,2,0,0,0,2,0,2
D & N HAVELI,2005,FIRE-ARMS,0,0,0,0,0,0,0
D & N HAVELI,2005,SUDDEN DEATHS(HEART ATTACKS),17,0,0,0,15,2,17
D & N HAVELI,2005,EPILEPTIC FITS/GIDDINESS,7,0,0,0,7,0,7
D & N HAVELI,2005,ABORTIONS/CHILD BIRTH,0,0,0,0,0,0,0
D & N HAVELI,2005,INFLUENCE OF ALCOHOL,9,0,0,0,8,1,9
D & N HAVELI,2005,KILLED BY ANIMALS,0,0,0,0,0,0,0
D & N HAVELI,2005,MINES OR QUARY DISASTER,0,0,0,0,0,0,0
D & N HAVELI,2005,FOOD POISIONING/ACCIDENTAL INTAKE OF INSECTICIDES ETC.,0,0,0,0,0,0,0
D & N HAVELI,2005,SPURIOUS/POISIONOUS LIQUOR,0,0,0,0,0,0,0
D & N HAVELI,2005,LEAKAGE OF POISINOUS GASES ETC.,0,0,0,0,0,0,0
D & N HAVELI,2005,SNAKE BITE/ANIMAL BITE,9,0,0,0,5,4,9
D & N HAVELI,2005,OTHER,0,0,0,0,0,0,0
D & N HAVELI,2005,STAMPEDE,0,0,0,0,0,0,0
D & N HAVELI,2005,SUFFOCATION,0,0,0,0,0,0,0
D & N HAVELI,2005,TRAFFIC ACCIDENTS(ROAD ACCIDENTS),127,98,15,113,49,6,55
D & N HAVELI,2005,TRAFFIC ACCIDENTS(RAIL-ROAD ACCIDENTS),0,0,0,0,0,0,0
D & N HAVELI,2005,OTHER RAILWAY ACCIDENTS,0,0,0,0,0,0,0
D & N HAVELI,2005,OTHER,18,0,0,0,14,4,18
D & N HAVELI,2005,CAUSES NOT KNOWN,0,0,0,0,0,0,0
D & N HAVELI,2005,TOTAL,250,107,15,122,145,24,169
D & N HAVELI,2005,TOTAL COLLAPSE,0,0,0,0,0,0,0
D & N HAVELI,2005,TOTAL DROWNING,13,0,0,0,12,1,13
D & N HAVELI,2005,TOTAL EXPLOSION,0,0,0,0,0,0,0
D & N HAVELI,2005,TOTAL FALLS,16,0,0,0,15,1,16
D & N HAVELI,2005,TOTAL FIRE,12,0,0,0,7,5,12
D & N HAVELI,2005,TOTAL SUDDEN DEATHS,33,0,0,0,30,3,33
D & N HAVELI,2005,TOTAL POISONING,9,0,0,0,5,4,9
D & N HAVELI,2005,TOTAL TRAFFIC ACCIDENTS,127,98,15,113,49,6,55
D & N HAVELI,2006,AIR-CRASH,0,0,0,0,0,0,0
D & N HAVELI,2006,COLLAPSE OF STRUCTURE(HOUSE),0,0,0,0,0,0,0
D & N HAVELI,2006,COLLAPSE OF STRUCTURE(BUILDING),1,14,8,22,3,2,5
D & N HAVELI,2006,COLLAPSE OF STRUCTURE(DAM),0,0,0,0,0,0,0
D & N HAVELI,2006,COLLAPSE OF STRUCTURE(BRIDGE),0,0,0,0,0,0,0
D & N HAVELI,2006,COLLAPSE OF STRUCTURE(OTHERS),0,0,0,0,0,0,0
D & N HAVELI,2006,DROWNING(BOAT CAPSIZE),0,0,0,0,0,0,0
D & N HAVELI,2006,DROWNING(OTHER),23,0,0,0,24,3,27
D & N HAVELI,2006,ELECTROCUTION,10,0,0,0,8,2,10
D & N HAVELI,2006,EXPLOSION(BOMB EXPLOSION),0,0,0,0,0,0,0
D & N HAVELI,2006,EXPLOSION(OTHER EXPLOSION LIKE BOIL,0,0,0,0,0,0,0
D & N HAVELI,2006,FALLS(FALL FROM HEIGHT),20,0,0,0,16,4,20
D & N HAVELI,2006,FALL INTO PIT/MANHOLE,0,0,0,0,0,0,0
D & N HAVELI,2006,FACTORY/MACHINE ACCIDENTS,4,0,0,0,4,0,4
D & N HAVELI,2006,FIRE(FIREWORKS/CRACKERS),0,0,0,0,0,0,0
D & N HAVELI,2006,FIRE(SHORT-CIRCUIT),0,0,0,0,0,0,0
D & N HAVELI,2006,GAS CYLINDER/STOVE BURST,12,0,0,0,6,6,12
D & N HAVELI,2006,OTHER FIRE ACCIDENTS,0,0,0,0,0,0,0
D & N HAVELI,2006,FIRE-ARMS,0,0,0,0,0,0,0
D & N HAVELI,2006,SUDDEN DEATHS(HEART ATTACKS),15,0,0,0,11,4,15
D & N HAVELI,2006,EPILEPTIC FITS/GIDDINESS,7,0,0,0,5,2,7
D & N HAVELI,2006,ABORTIONS/CHILD BIRTH,0,0,0,0,0,0,0
D & N HAVELI,2006,INFLUENCE OF ALCOHOL,5,0,0,0,4,1,5
D & N HAVELI,2006,KILLED BY ANIMALS,0,0,0,0,0,0,0
D & N HAVELI,2006,MINES OR QUARY DISASTER,0,0,0,0,0,0,0
D & N HAVELI,2006,FOOD POISIONING/ACCIDENTAL INTAKE OF INSECTICIDES ETC.,0,0,0,0,0,0,0
D & N HAVELI,2006,SPURIOUS/POISIONOUS LIQUOR,0,0,0,0,0,0,0
D & N HAVELI,2006,LEAKAGE OF POISINOUS GASES ETC.,0,0,0,0,0,0,0
D & N HAVELI,2006,SNAKE BITE/ANIMAL BITE,8,0,0,0,3,5,8
D & N HAVELI,2006,OTHER,0,0,0,0,0,0,0
D & N HAVELI,2006,STAMPEDE,0,0,0,0,0,0,0
D & N HAVELI,2006,SUFFOCATION,1,0,0,0,1,0,1
D & N HAVELI,2006,TRAFFIC ACCIDENTS(ROAD ACCIDENTS),103,101,28,129,41,4,45
D & N HAVELI,2006,TRAFFIC ACCIDENTS(RAIL-ROAD ACCIDENTS),0,0,0,0,0,0,0
D & N HAVELI,2006,OTHER RAILWAY ACCIDENTS,0,0,0,0,0,0,0
D & N HAVELI,2006,OTHER,27,9,1,10,18,2,20
D & N HAVELI,2006,CAUSES NOT KNOWN,0,0,0,0,0,0,0
D & N HAVELI,2006,TOTAL,236,124,37,161,144,35,179
D & N HAVELI,2006,TOTAL COLLAPSE,1,14,8,22,3,2,5
D & N HAVELI,2006,TOTAL DROWNING,23,0,0,0,24,3,27
D & N HAVELI,2006,TOTAL EXPLOSION,0,0,0,0,0,0,0
D & N HAVELI,2006,TOTAL FALLS,20,0,0,0,16,4,20
D & N HAVELI,2006,TOTAL FIRE,12,0,0,0,6,6,12
D & N HAVELI,2006,TOTAL SUDDEN DEATHS,27,0,0,0,20,7,27
D & N HAVELI,2006,TOTAL POISONING,8,0,0,0,3,5,8
D & N HAVELI,2006,TOTAL TRAFFIC ACCIDENTS,103,101,28,129,41,4,45
D & N HAVELI,2007,AIR-CRASH,0,0,0,0,0,0,0
D & N HAVELI,2007,COLLAPSE OF STRUCTURE(HOUSE),0,0,0,0,0,0,0
D & N HAVELI,2007,COLLAPSE OF STRUCTURE(BUILDING),0,0,0,0,0,0,0
D & N HAVELI,2007,COLLAPSE OF STRUCTURE(DAM),0,0,0,0,0,0,0
D & N HAVELI,2007,COLLAPSE OF STRUCTURE(BRIDGE),0,0,0,0,0,0,0
D & N HAVELI,2007,COLLAPSE OF STRUCTURE(OTHERS),0,0,0,0,0,0,0
D & N HAVELI,2007,DROWNING(BOAT CAPSIZE),0,0,0,0,0,0,0
D & N HAVELI,2007,DROWNING(OTHER),19,0,0,0,15,4,19
D & N HAVELI,2007,ELECTROCUTION,10,0,0,0,10,0,10
D & N HAVELI,2007,EXPLOSION(BOMB EXPLOSION),0,0,0,0,0,0,0
D & N HAVELI,2007,EXPLOSION(OTHER EXPLOSION LIKE BOIL,0,0,0,0,0,0,0
D & N HAVELI,2007,FALLS(FALL FROM HEIGHT),22,0,0,0,19,3,22
D & N HAVELI,2007,FALL INTO PIT/MANHOLE,2,0,0,0,1,3,4
D & N HAVELI,2007,FACTORY/MACHINE ACCIDENTS,17,16,0,16,10,0,10
D & N HAVELI,2007,FIRE(FIREWORKS/CRACKERS),0,0,0,0,0,0,0
D & N HAVELI,2007,FIRE(SHORT-CIRCUIT),0,0,0,0,0,0,0
D & N HAVELI,2007,GAS CYLINDER/STOVE BURST,14,0,0,0,6,8,14
D & N HAVELI,2007,OTHER FIRE ACCIDENTS,4,0,0,0,0,4,4
D & N HAVELI,2007,FIRE-ARMS,0,0,0,0,0,0,0
D & N HAVELI,2007,SUDDEN DEATHS(HEART ATTACKS),20,0,0,0,20,0,20
D & N HAVELI,2007,EPILEPTIC FITS/GIDDINESS,2,0,0,0,2,0,2
D & N HAVELI,2007,ABORTIONS/CHILD BIRTH,1,0,0,0,0,1,1
D & N HAVELI,2007,INFLUENCE OF ALCOHOL,11,0,0,0,10,1,11
D & N HAVELI,2007,KILLED BY ANIMALS,1,0,0,0,0,1,1
D & N HAVELI,2007,MINES OR QUARY DISASTER,0,0,0,0,0,0,0
D & N HAVELI,2007,FOOD POISIONING/ACCIDENTAL INTAKE OF INSECTICIDES ETC.,0,0,0,0,0,0,0
D & N HAVELI,2007,SPURIOUS/POISIONOUS LIQUOR,0,0,0,0,0,0,0
D & N HAVELI,2007,LEAKAGE OF POISINOUS GASES ETC.,0,0,0,0,0,0,0
D & N HAVELI,2007,SNAKE BITE/ANIMAL BITE,2,0,0,0,1,1,2
D & N HAVELI,2007,OTHER,0,0,0,0,0,0,0
D & N HAVELI,2007,STAMPEDE,0,0,0,0,0,0,0
D & N HAVELI,2007,SUFFOCATION,0,0,0,0,0,0,0
D & N HAVELI,2007,TRAFFIC ACCIDENTS(ROAD ACCIDENTS),116,69,25,94,63,3,66
D & N HAVELI,2007,TRAFFIC ACCIDENTS(RAIL-ROAD ACCIDENTS),0,0,0,0,0,0,0
D & N HAVELI,2007,OTHER RAILWAY ACCIDENTS,0,0,0,0,0,0,0
D & N HAVELI,2007,OTHER,17,0,0,0,13,4,17
D & N HAVELI,2007,CAUSES NOT KNOWN,6,0,0,0,5,1,6
D & N HAVELI,2007,TOTAL,264,85,25,110,175,34,209
D & N HAVELI,2007,TOTAL COLLAPSE,0,0,0,0,0,0,0
D & N HAVELI,2007,TOTAL DROWNING,19,0,0,0,15,4,19
D & N HAVELI,2007,TOTAL EXPLOSION,0,0,0,0,0,0,0
D & N HAVELI,2007,TOTAL FALLS,24,0,0,0,20,6,26
D & N HAVELI,2007,TOTAL FIRE,18,0,0,0,6,12,18
D & N HAVELI,2007,TOTAL SUDDEN DEATHS,34,0,0,0,32,2,34
D & N HAVELI,2007,TOTAL POISONING,2,0,0,0,1,1,2
D & N HAVELI,2007,TOTAL TRAFFIC ACCIDENTS,116,69,25,94,63,3,66
D & N HAVELI,2008,AIR-CRASH,0,0,0,0,0,0,0
D & N HAVELI,2008,COLLAPSE OF STRUCTURE(HOUSE),0,0,0,0,0,0,0
D & N HAVELI,2008,COLLAPSE OF STRUCTURE(BUILDING),0,0,0,0,0,0,0
D & N HAVELI,2008,COLLAPSE OF STRUCTURE(DAM),0,0,0,0,0,0,0
D & N HAVELI,2008,COLLAPSE OF STRUCTURE(BRIDGE),0,0,0,0,0,0,0
D & N HAVELI,2008,COLLAPSE OF STRUCTURE(OTHERS),0,0,0,0,0,0,0
D & N HAVELI,2008,DROWNING(BOAT CAPSIZE),0,0,0,0,0,0,0
D & N HAVELI,2008,DROWNING(OTHER),21,0,0,0,20,1,21
D & N HAVELI,2008,ELECTROCUTION,10,0,0,0,10,0,10
D & N HAVELI,2008,EXPLOSION(BOMB EXPLOSION),0,0,0,0,0,0,0
D & N HAVELI,2008,EXPLOSION(OTHER EXPLOSION LIKE BOIL,0,0,0,0,0,0,0
D & N HAVELI,2008,FALLS(FALL FROM HEIGHT),11,0,0,0,9,2,11
D & N HAVELI,2008,FALL INTO PIT/MANHOLE,10,2,0,2,7,1,8
D & N HAVELI,2008,FACTORY/MACHINE ACCIDENTS,0,0,0,0,0,0,0
D & N HAVELI,2008,FIRE(FIREWORKS/CRACKERS),1,0,0,0,1,0,1
D & N HAVELI,2008,FIRE(SHORT-CIRCUIT),3,0,0,0,1,2,3
D & N HAVELI,2008,GAS CYLINDER/STOVE BURST,0,0,0,0,0,0,0
D & N HAVELI,2008,OTHER FIRE ACCIDENTS,7,0,0,0,0,7,7
D & N HAVELI,2008,FIRE-ARMS,0,0,0,0,0,0,0
D & N HAVELI,2008,SUDDEN DEATHS(HEART ATTACKS),13,0,0,0,11,2,13
D & N HAVELI,2008,EPILEPTIC FITS/GIDDINESS,2,0,0,0,2,0,2
D & N HAVELI,2008,ABORTIONS/CHILD BIRTH,3,0,0,0,0,3,3
D & N HAVELI,2008,INFLUENCE OF ALCOHOL,10,0,0,0,10,0,10
D & N HAVELI,2008,KILLED BY ANIMALS,0,0,0,0,0,0,0
D & N HAVELI,2008,MINES OR QUARY DISASTER,0,0,0,0,0,0,0
D & N HAVELI,2008,FOOD POISIONING/ACCIDENTAL INTAKE OF INSECTICIDES ETC.,0,0,0,0,0,0,0
D & N HAVELI,2008,SPURIOUS/POISIONOUS LIQUOR,0,0,0,0,0,0,0
D & N HAVELI,2008,LEAKAGE OF POISINOUS GASES ETC.,0,0,0,0,0,0,0
D & N HAVELI,2008,SNAKE BITE/ANIMAL BITE,3,0,0,0,3,0,3
D & N HAVELI,2008,OTHER,0,0,0,0,0,0,0
D & N HAVELI,2008,STAMPEDE,0,0,0,0,0,0,0
D & N HAVELI,2008,SUFFOCATION,1,0,0,0,1,0,1
D & N HAVELI,2008,TRAFFIC ACCIDENTS(ROAD ACCIDENTS),116,82,14,96,61,4,65
D & N HAVELI,2008,TRAFFIC ACCIDENTS(RAIL-ROAD ACCIDENTS),0,0,0,0,0,0,0
D & N HAVELI,2008,OTHER RAILWAY ACCIDENTS,0,0,0,0,0,0,0
D & N HAVELI,2008,OTHER,29,0,0,0,19,10,29
D & N HAVELI,2008,CAUSES NOT KNOWN,21,0,0,0,16,5,21
D & N HAVELI,2008,TOTAL,261,84,14,98,171,37,208
D & N HAVELI,2008,TOTAL COLLAPSE,0,0,0,0,0,0,0
D & N HAVELI,2008,TOTAL DROWNING,21,0,0,0,20,1,21
D & N HAVELI,2008,TOTAL EXPLOSION,0,0,0,0,0,0,0
D & N HAVELI,2008,TOTAL FALLS,21,2,0,2,16,3,19
D & N HAVELI,2008,TOTAL FIRE,11,0,0,0,2,9,11
D & N HAVELI,2008,TOTAL SUDDEN DEATHS,28,0,0,0,23,5,28
D & N HAVELI,2008,TOTAL POISONING,3,0,0,0,3,0,3
D & N HAVELI,2008,TOTAL TRAFFIC ACCIDENTS,116,82,14,96,61,4,65
D & N HAVELI,2009,AIR-CRASH,0,0,0,0,0,0,0
D & N HAVELI,2009,COLLAPSE OF STRUCTURE(HOUSE),0,0,0,0,0,0,0
D & N HAVELI,2009,COLLAPSE OF STRUCTURE(BUILDING),0,0,0,0,0,0,0
D & N HAVELI,2009,COLLAPSE OF STRUCTURE(DAM),0,0,0,0,0,0,0
D & N HAVELI,2009,COLLAPSE OF STRUCTURE(BRIDGE),0,0,0,0,0,0,0
D & N HAVELI,2009,COLLAPSE OF STRUCTURE(OTHERS),0,0,0,0,0,0,0
D & N HAVELI,2009,DROWNING(BOAT CAPSIZE),0,0,0,0,0,0,0
D & N HAVELI,2009,DROWNING(OTHER),13,0,0,0,10,4,14
D & N HAVELI,2009,ELECTROCUTION,11,0,0,0,10,1,11
D & N HAVELI,2009,EXPLOSION(BOMB EXPLOSION),0,0,0,0,0,0,0
D & N HAVELI,2009,EXPLOSION(OTHER EXPLOSION LIKE BOIL,0,0,0,0,0,0,0
D & N HAVELI,2009,FALLS(FALL FROM HEIGHT),16,0,0,0,15,1,16
D & N HAVELI,2009,FALL INTO PIT/MANHOLE,0,0,0,0,0,0,0
D & N HAVELI,2009,FACTORY/MACHINE ACCIDENTS,5,1,0,1,3,1,4
D & N HAVELI,2009,FIRE(FIREWORKS/CRACKERS),0,0,0,0,0,0,0
D & N HAVELI,2009,FIRE(SHORT-CIRCUIT),0,0,0,0,0,0,0
D & N HAVELI,2009,GAS CYLINDER/STOVE BURST,13,0,0,0,3,10,13
D & N HAVELI,2009,OTHER FIRE ACCIDENTS,0,0,0,0,0,0,0
D & N HAVELI,2009,FIRE-ARMS,0,0,0,0,0,0,0
D & N HAVELI,2009,SUDDEN DEATHS(HEART ATTACKS),20,0,0,0,16,4,20
D & N HAVELI,2009,EPILEPTIC FITS/GIDDINESS,2,0,0,0,2,0,2
D & N HAVELI,2009,ABORTIONS/CHILD BIRTH,0,0,0,0,0,0,0
D & N HAVELI,2009,INFLUENCE OF ALCOHOL,5,0,0,0,5,0,5
D & N HAVELI,2009,KILLED BY ANIMALS,0,0,0,0,0,0,0
D & N HAVELI,2009,MINES OR QUARY DISASTER,0,0,0,0,0,0,0
D & N HAVELI,2009,FOOD POISIONING/ACCIDENTAL INTAKE OF INSECTICIDES ETC.,0,0,0,0,0,0,0
D & N HAVELI,2009,SPURIOUS/POISIONOUS LIQUOR,0,0,0,0,0,0,0
D & N HAVELI,2009,LEAKAGE OF POISINOUS GASES ETC.,0,0,0,0,0,0,0
D & N HAVELI,2009,SNAKE BITE/ANIMAL BITE,10,0,0,0,7,3,10
D & N HAVELI,2009,OTHER,0,0,0,0,0,0,0
D & N HAVELI,2009,STAMPEDE,0,0,0,0,0,0,0
D & N HAVELI,2009,SUFFOCATION,0,0,0,0,0,0,0
D & N HAVELI,2009,TRAFFIC ACCIDENTS(ROAD ACCIDENTS),45,66,5,71,40,5,45
D & N HAVELI,2009,TRAFFIC ACCIDENTS(RAIL-ROAD ACCIDENTS),0,0,0,0,0,0,0
D & N HAVELI,2009,OTHER RAILWAY ACCIDENTS,0,0,0,0,0,0,0
D & N HAVELI,2009,OTHER,44,0,0,0,35,9,44
D & N HAVELI,2009,CAUSES NOT KNOWN,20,0,0,0,18,2,20
D & N HAVELI,2009,TOTAL,204,67,5,72,164,40,204
D & N HAVELI,2009,TOTAL COLLAPSE,0,0,0,0,0,0,0
D & N HAVELI,2009,TOTAL DROWNING,13,0,0,0,10,4,14
D & N HAVELI,2009,TOTAL EXPLOSION,0,0,0,0,0,0,0
D & N HAVELI,2009,TOTAL FALLS,16,0,0,0,15,1,16
D & N HAVELI,2009,TOTAL FIRE,13,0,0,0,3,10,13
D & N HAVELI,2009,TOTAL SUDDEN DEATHS,27,0,0,0,23,4,27
D & N HAVELI,2009,TOTAL POISONING,10,0,0,0,7,3,10
D & N HAVELI,2009,TOTAL TRAFFIC ACCIDENTS,45,66,5,71,40,5,45
D & N HAVELI,2010,AIR-CRASH,0,0,0,0,0,0,0
D & N HAVELI,2010,COLLAPSE OF STRUCTURE(HOUSE),0,0,0,0,0,0,0
D & N HAVELI,2010,COLLAPSE OF STRUCTURE(BUILDING),1,0,0,0,1,0,1
D & N HAVELI,2010,COLLAPSE OF STRUCTURE(DAM),0,0,0,0,0,0,0
D & N HAVELI,2010,COLLAPSE OF STRUCTURE(BRIDGE),0,0,0,0,0,0,0
D & N HAVELI,2010,COLLAPSE OF STRUCTURE(OTHERS),0,0,0,0,0,0,0
D & N HAVELI,2010,DROWNING(BOAT CAPSIZE),0,0,0,0,0,0,0
D & N HAVELI,2010,DROWNING(OTHER),13,0,0,0,11,2,13
D & N HAVELI,2010,ELECTROCUTION,5,0,0,0,2,3,5
D & N HAVELI,2010,EXPLOSION(BOMB EXPLOSION),0,0,0,0,0,0,0
D & N HAVELI,2010,EXPLOSION(OTHER EXPLOSION LIKE BOIL,0,0,0,0,0,0,0
D & N HAVELI,2010,FALLS(FALL FROM HEIGHT),14,0,0,0,13,1,14
D & N HAVELI,2010,FALL INTO PIT/MANHOLE,0,0,0,0,0,0,0
D & N HAVELI,2010,FACTORY/MACHINE ACCIDENTS,7,1,0,1,4,2,6
D & N HAVELI,2010,FIRE(FIREWORKS/CRACKERS),1,0,0,0,1,0,1
D & N HAVELI,2010,FIRE(SHORT-CIRCUIT),0,0,0,0,0,0,0
D & N HAVELI,2010,GAS CYLINDER/STOVE BURST,6,0,0,0,3,3,6
D & N HAVELI,2010,OTHER FIRE ACCIDENTS,0,0,0,0,0,0,0
D & N HAVELI,2010,FIRE-ARMS,0,0,0,0,0,0,0
D & N HAVELI,2010,SUDDEN DEATHS(HEART ATTACKS),2,0,0,0,24,4,28
D & N HAVELI,2010,EPILEPTIC FITS/GIDDINESS,2,0,0,0,2,0,2
D & N HAVELI,2010,ABORTIONS/CHILD BIRTH,0,0,0,0,0,0,0
D & N HAVELI,2010,INFLUENCE OF ALCOHOL,3,0,0,0,3,0,3
D & N HAVELI,2010,KILLED BY ANIMALS,0,0,0,0,0,0,0
D & N HAVELI,2010,MINES OR QUARY DISASTER,0,0,0,0,0,0,0
D & N HAVELI,2010,FOOD POISIONING/ACCIDENTAL INTAKE OF INSECTICIDES ETC.,0,0,0,0,0,0,0
D & N HAVELI,2010,SPURIOUS/POISIONOUS LIQUOR,0,0,0,0,0,0,0
D & N HAVELI,2010,LEAKAGE OF POISINOUS GASES ETC.,0,0,0,0,0,0,0
D & N HAVELI,2010,SNAKE BITE/ANIMAL BITE,3,0,0,0,4,1,5
D & N HAVELI,2010,OTHER,0,0,0,0,0,0,0
D & N HAVELI,2010,STAMPEDE,0,0,0,0,0,0,0
D & N HAVELI,2010,SUFFOCATION,0,0,0,0,0,0,0
D & N HAVELI,2010,TRAFFIC ACCIDENTS(ROAD ACCIDENTS),79,111,23,134,55,7,62
D & N HAVELI,2010,TRAFFIC ACCIDENTS(RAIL-ROAD ACCIDENTS),0,0,0,0,0,0,0
D & N HAVELI,2010,OTHER RAILWAY ACCIDENTS,0,0,0,0,0,0,0
D & N HAVELI,2010,OTHER,0,0,0,0,36,8,44
D & N HAVELI,2010,CAUSES NOT KNOWN,19,0,0,0,20,14,34
D & N HAVELI,2010,TOTAL,155,112,23,135,179,45,224
D & N HAVELI,2010,TOTAL COLLAPSE,1,0,0,0,1,0,1
D & N HAVELI,2010,TOTAL DROWNING,13,0,0,0,11,2,13
D & N HAVELI,2010,TOTAL EXPLOSION,0,0,0,0,0,0,0
D & N HAVELI,2010,TOTAL FALLS,14,0,0,0,13,1,14
D & N HAVELI,2010,TOTAL FIRE,7,0,0,0,4,3,7
D & N HAVELI,2010,TOTAL SUDDEN DEATHS,7,0,0,0,29,4,33
D & N HAVELI,2010,TOTAL POISONING,3,0,0,0,4,1,5
D & N HAVELI,2010,TOTAL TRAFFIC ACCIDENTS,79,111,23,134,55,7,62
D & N HAVELI,2011,AIR-CRASH,0,0,0,0,0,0,0
D & N HAVELI,2011,COLLAPSE OF STRUCTURE(HOUSE),0,0,0,0,0,0,0
D & N HAVELI,2011,COLLAPSE OF STRUCTURE(BUILDING),0,0,0,0,0,0,0
D & N HAVELI,2011,COLLAPSE OF STRUCTURE(DAM),0,0,0,0,0,0,0
D & N HAVELI,2011,COLLAPSE OF STRUCTURE(BRIDGE),0,0,0,0,0,0,0
D & N HAVELI,2011,COLLAPSE OF STRUCTURE(OTHERS),0,0,0,0,0,0,0
D & N HAVELI,2011,DROWNING(BOAT CAPSIZE),0,0,0,0,0,0,0
D & N HAVELI,2011,DROWNING(OTHER),12,0,0,0,11,1,12
D & N HAVELI,2011,ELECTROCUTION,4,0,0,0,4,0,4
D & N HAVELI,2011,EXPLOSION(BOMB EXPLOSION),0,0,0,0,0,0,0
D & N HAVELI,2011,EXPLOSION(OTHER EXPLOSION LIKE BOIL,0,0,0,0,0,0,0
D & N HAVELI,2011,FALLS(FALL FROM HEIGHT),6,0,0,0,6,0,6
D & N HAVELI,2011,FALL INTO PIT/MANHOLE,0,0,0,0,0,0,0
D & N HAVELI,2011,FACTORY/MACHINE ACCIDENTS,1,0,0,0,1,0,1
D & N HAVELI,2011,FIRE(FIREWORKS/CRACKERS),0,0,0,0,0,0,0
D & N HAVELI,2011,FIRE(SHORT-CIRCUIT),1,0,0,0,1,0,1
D & N HAVELI,2011,GAS CYLINDER/STOVE BURST,4,0,0,0,0,4,4
D & N HAVELI,2011,OTHER FIRE ACCIDENTS,0,0,0,0,0,0,0
D & N HAVELI,2011,FIRE-ARMS,0,0,0,0,0,0,0
D & N HAVELI,2011,SUDDEN DEATHS(HEART ATTACKS),9,0,0,0,6,3,9
D & N HAVELI,2011,EPILEPTIC FITS/GIDDINESS,2,0,0,0,1,1,2
D & N HAVELI,2011,ABORTIONS/CHILD BIRTH,0,0,0,0,0,0,0
D & N HAVELI,2011,INFLUENCE OF ALCOHOL,5,0,0,0,5,0,5
D & N HAVELI,2011,KILLED BY ANIMALS,0,0,0,0,0,0,0
D & N HAVELI,2011,MINES OR QUARY DISASTER,0,0,0,0,0,0,0
D & N HAVELI,2011,FOOD POISIONING/ACCIDENTAL INTAKE OF INSECTICIDES ETC.,0,0,0,0,0,0,0
D & N HAVELI,2011,SPURIOUS/POISIONOUS LIQUOR,0,0,0,0,0,0,0
D & N HAVELI,2011,LEAKAGE OF POISINOUS GASES ETC.,0,0,0,0,0,0,0
D & N HAVELI,2011,SNAKE BITE/ANIMAL BITE,2,0,0,0,1,1,2
D & N HAVELI,2011,OTHER,0,0,0,0,0,0,0
D & N HAVELI,2011,STAMPEDE,0,0,0,0,0,0,0
D & N HAVELI,2011,SUFFOCATION,0,0,0,0,0,0,0
D & N HAVELI,2011,TRAFFIC ACCIDENTS(ROAD ACCIDENTS),103,162,48,210,54,9,63
D & N HAVELI,2011,TRAFFIC ACCIDENTS(RAIL-ROAD ACCIDENTS),0,0,0,0,0,0,0
D & N HAVELI,2011,OTHER RAILWAY ACCIDENTS,0,0,0,0,0,0,0
D & N HAVELI,2011,OTHER,25,0,0,0,25,2,27
D & N HAVELI,2011,CAUSES NOT KNOWN,11,0,0,0,10,1,11
D & N HAVELI,2011,TOTAL,185,162,48,210,125,22,147
D & N HAVELI,2011,TOTAL COLLAPSE,0,0,0,0,0,0,0
D & N HAVELI,2011,TOTAL DROWNING,12,0,0,0,11,1,12
D & N HAVELI,2011,TOTAL EXPLOSION,0,0,0,0,0,0,0
D & N HAVELI,2011,TOTAL FALLS,6,0,0,0,6,0,6
D & N HAVELI,2011,TOTAL FIRE,5,0,0,0,1,4,5
D & N HAVELI,2011,TOTAL SUDDEN DEATHS,16,0,0,0,12,4,16
D & N HAVELI,2011,TOTAL POISONING,2,0,0,0,1,1,2
D & N HAVELI,2011,TOTAL TRAFFIC ACCIDENTS,103,162,48,210,54,9,63
D & N HAVELI,2012,AIR-CRASH,0,0,0,0,0,0,0
D & N HAVELI,2012,COLLAPSE OF STRUCTURE(HOUSE),1,0,0,0,1,0,1
D & N HAVELI,2012,COLLAPSE OF STRUCTURE(BUILDING),0,0,0,0,0,0,0
D & N HAVELI,2012,COLLAPSE OF STRUCTURE(DAM),0,0,0,0,0,0,0
D & N HAVELI,2012,COLLAPSE OF STRUCTURE(BRIDGE),0,0,0,0,0,0,0
D & N HAVELI,2012,COLLAPSE OF STRUCTURE(OTHERS),0,0,0,0,0,0,0
D & N HAVELI,2012,DROWNING(BOAT CAPSIZE),0,0,0,0,0,0,0
D & N HAVELI,2012,DROWNING(OTHER),10,0,0,0,9,1,10
D & N HAVELI,2012,ELECTROCUTION,4,0,0,0,4,0,4
D & N HAVELI,2012,EXPLOSION(BOMB EXPLOSION),0,0,0,0,0,0,0
D & N HAVELI,2012,EXPLOSION(OTHER EXPLOSION LIKE BOIL,0,0,0,0,0,0,0
D & N HAVELI,2012,FALLS(FALL FROM HEIGHT),7,0,0,0,5,2,7
D & N HAVELI,2012,FALL INTO PIT/MANHOLE,0,0,0,0,0,0,0
D & N HAVELI,2012,FACTORY/MACHINE ACCIDENTS,25,6,0,6,19,0,19
D & N HAVELI,2012,FIRE(FIREWORKS/CRACKERS),0,0,0,0,0,0,0
D & N HAVELI,2012,FIRE(SHORT-CIRCUIT),0,0,0,0,0,0,0
D & N HAVELI,2012,GAS CYLINDER/STOVE BURST,7,0,0,0,0,7,7
D & N HAVELI,2012,OTHER FIRE ACCIDENTS,0,0,0,0,0,0,0
D & N HAVELI,2012,FIRE-ARMS,0,0,0,0,0,0,0
D & N HAVELI,2012,SUDDEN DEATHS(HEART ATTACKS),3,0,0,0,3,0,3
D & N HAVELI,2012,EPILEPTIC FITS/GIDDINESS,0,0,0,0,0,0,0
D & N HAVELI,2012,ABORTIONS/CHILD BIRTH,0,0,0,0,0,0,0
D & N HAVELI,2012,INFLUENCE OF ALCOHOL,0,0,0,0,0,0,0
D & N HAVELI,2012,KILLED BY ANIMALS,0,0,0,0,0,0,0
D & N HAVELI,2012,MINES OR QUARY DISASTER,0,0,0,0,0,0,0
D & N HAVELI,2012,FOOD POISIONING/ACCIDENTAL INTAKE OF INSECTICIDES ETC.,0,0,0,0,0,0,0
D & N HAVELI,2012,SPURIOUS/POISIONOUS LIQUOR,0,0,0,0,0,0,0
D & N HAVELI,2012,LEAKAGE OF POISINOUS GASES ETC.,0,0,0,0,0,0,0
D & N HAVELI,2012,SNAKE BITE/ANIMAL BITE,2,0,0,0,0,2,2
D & N HAVELI,2012,OTHER,0,0,0,0,0,0,0
D & N HAVELI,2012,STAMPEDE,0,0,0,0,0,0,0
D & N HAVELI,2012,SUFFOCATION,0,0,0,0,0,0,0
D & N HAVELI,2012,TRAFFIC ACCIDENTS(ROAD ACCIDENTS),85,88,34,122,43,10,53
D & N HAVELI,2012,TRAFFIC ACCIDENTS(RAIL-ROAD ACCIDENTS),0,0,0,0,0,0,0
D & N HAVELI,2012,OTHER RAILWAY ACCIDENTS,0,0,0,0,0,0,0
D & N HAVELI,2012,OTHER,7,0,0,0,5,2,7
D & N HAVELI,2012,CAUSES NOT KNOWN,8,0,0,0,8,0,8
D & N HAVELI,2012,TOTAL,159,94,34,128,97,24,121
D & N HAVELI,2012,TOTAL COLLAPSE,1,0,0,0,1,0,1
D & N HAVELI,2012,TOTAL DROWNING,10,0,0,0,9,1,10
D & N HAVELI,2012,TOTAL EXPLOSION,0,0,0,0,0,0,0
D & N HAVELI,2012,TOTAL FALLS,7,0,0,0,5,2,7
D & N HAVELI,2012,TOTAL FIRE,7,0,0,0,0,7,7
D & N HAVELI,2012,TOTAL SUDDEN DEATHS,3,0,0,0,3,0,3
D & N HAVELI,2012,TOTAL POISONING,2,0,0,0,0,2,2
D & N HAVELI,2012,TOTAL TRAFFIC ACCIDENTS,85,88,34,122,43,10,53
DAMAN & DIU,2001,AIR-CRASH,0,0,0,0,0,0,0
DAMAN & DIU,2001,COLLAPSE OF STRUCTURE(HOUSE),0,0,0,0,0,0,0
DAMAN & DIU,2001,COLLAPSE OF STRUCTURE(BUILDING),0,0,0,0,0,0,0
DAMAN & DIU,2001,COLLAPSE OF STRUCTURE(DAM),0,0,0,0,0,0,0
DAMAN & DIU,2001,COLLAPSE OF STRUCTURE(BRIDGE),0,0,0,0,0,0,0
DAMAN & DIU,2001,COLLAPSE OF STRUCTURE(OTHERS),0,0,0,0,0,0,0
DAMAN & DIU,2001,DROWNING(BOAT CAPSIZE),0,0,0,0,0,0,0
DAMAN & DIU,2001,DROWNING(OTHER),13,0,0,0,12,1,13
DAMAN & DIU,2001,ELECTROCUTION,6,0,0,0,5,1,6
DAMAN & DIU,2001,EXPLOSION(BOMB EXPLOSION),0,0,0,0,0,0,0
DAMAN & DIU,2001,EXPLOSION(OTHER EXPLOSION LIKE BOILERS,,0,0,0,0,0,0,0
DAMAN & DIU,2001,FALLS(FALL FROM HEIGHT),6,0,0,0,6,0,6
DAMAN & DIU,2001,FALL INTO PIT/MANHOLE,0,0,0,0,0,0,0
DAMAN & DIU,2001,FACTORY/MACHINE ACCIDENTS,3,2,0,2,1,0,1
DAMAN & DIU,2001,FIRE(FIREWORKS/CRACKERS),0,0,0,0,0,0,0
DAMAN & DIU,2001,FIRE(SHORT-CIRCUIT),0,0,0,0,0,0,0
DAMAN & DIU,2001,GAS CYLINDER/STOVE BURST,0,0,0,0,0,0,0
DAMAN & DIU,2001,OTHER FIRE ACCIDENTS,15,0,0,0,0,15,15
DAMAN & DIU,2001,FIRE-ARMS,0,0,0,0,0,0,0
DAMAN & DIU,2001,SUDDEN DEATHS(HEART ATTACKS),0,0,0,0,0,0,0
DAMAN & DIU,2001,EPILEPTIC FITS/GIDDINESS,1,0,0,0,1,0,1
DAMAN & DIU,2001,ABORTIONS/CHILD BIRTH,0,0,0,0,0,0,0
DAMAN & DIU,2001,INFLUENCE OF ALCOHOL,2,0,0,0,2,0,2
DAMAN & DIU,2001,KILLED BY ANIMALS,0,0,0,0,0,0,0
DAMAN & DIU,2001,MINES OR QUARY DISASTER,0,0,0,0,0,0,0
DAMAN & DIU,2001,FOOD POISIONING/ACCIDENTAL INTAKE OF INSECTICIDES ETC.,0,0,0,0,0,0,0
DAMAN & DIU,2001,SPURIOUS/POISIONOUS LIQUOR,0,0,0,0,0,0,0
DAMAN & DIU,2001,LEAKAGE OF POISINOUS GASES ETC.,0,0,0,0,0,0,0
DAMAN & DIU,2001,SNAKE BITE/ANIMAL BITE,0,0,0,0,0,0,0
DAMAN & DIU,2001,OTHER,0,0,0,0,0,0,0
DAMAN & DIU,2001,STAMPEDE,0,0,0,0,0,0,0
DAMAN & DIU,2001,SUFFOCATION,0,0,0,0,0,0,0
DAMAN & DIU,2001,TRAFFIC ACCIDENTS(ROAD ACCIDENTS),35,37,4,41,8,0,8
DAMAN & DIU,2001,TRAFFIC ACCIDENTS(RAIL-ROAD ACCIDENTS),0,0,0,0,0,0,0
DAMAN & DIU,2001,OTHER RAILWAY ACCIDENTS,0,0,0,0,0,0,0
DAMAN & DIU,2001,OTHER,4,0,0,0,4,0,4
DAMAN & DIU,2001,CAUSES NOT KNOWN,0,0,0,0,0,0,0
DAMAN & DIU,2001,TOTAL,85,39,4,43,39,17,56
DAMAN & DIU,2001,TOTAL COLLAPSE,0,0,0,0,0,0,0
DAMAN & DIU,2001,TOTAL DROWNING,13,0,0,0,12,1,13
DAMAN & DIU,2001,TOTAL EXPLOSION,0,0,0,0,0,0,0
DAMAN & DIU,2001,TOTAL FALLS,6,0,0,0,6,0,6
DAMAN & DIU,2001,TOTAL FIRE,15,0,0,0,0,15,15
DAMAN & DIU,2001,TOTAL SUDDEN DEATHS,3,0,0,0,3,0,3
DAMAN & DIU,2001,TOTAL POISONING,0,0,0,0,0,0,0
DAMAN & DIU,2001,TOTAL TRAFFIC ACCIDENTS,35,37,4,41,8,0,8
DAMAN & DIU,2002,AIR-CRASH,0,0,0,0,0,0,0
DAMAN & DIU,2002,COLLAPSE OF STRUCTURE(HOUSE),0,0,0,0,0,0,0
DAMAN & DIU,2002,COLLAPSE OF STRUCTURE(BUILDING),0,0,0,0,0,0,0
DAMAN & DIU,2002,COLLAPSE OF STRUCTURE(DAM),0,0,0,0,0,0,0
DAMAN & DIU,2002,COLLAPSE OF STRUCTURE(BRIDGE),0,0,0,0,0,0,0
DAMAN & DIU,2002,COLLAPSE OF STRUCTURE(OTHERS),0,0,0,0,0,0,0
DAMAN & DIU,2002,DROWNING(BOAT CAPSIZE),0,0,0,0,0,0,0
DAMAN & DIU,2002,DROWNING(OTHER),13,0,0,0,14,0,14
DAMAN & DIU,2002,ELECTROCUTION,4,0,0,0,4,0,4
DAMAN & DIU,2002,EXPLOSION(BOMB EXPLOSION),0,0,0,0,0,0,0
DAMAN & DIU,2002,EXPLOSION(OTHER EXPLOSION LIKE BOILERS, GAS CYLINDER ETC.),0,0,0,0,0,0,0
DAMAN & DIU,2002,FALLS(FALL FROM HEIGHT),6,0,0,0,6,0,6
DAMAN & DIU,2002,FALL INTO PIT/MANHOLE,2,0,0,0,2,0,2
DAMAN & DIU,2002,FACTORY/MACHINE ACCIDENTS,3,0,0,0,3,0,3
DAMAN & DIU,2002,FIRE(FIREWORKS/CRACKERS),0,0,0,0,0,0,0
DAMAN & DIU,2002,FIRE(SHORT-CIRCUIT),0,0,0,0,0,0,0
DAMAN & DIU,2002,GAS CYLINDER/STOVE BURST,0,0,0,0,0,0,0
DAMAN & DIU,2002,OTHER FIRE ACCIDENTS,7,0,0,0,1,6,7
DAMAN & DIU,2002,FIRE-ARMS,0,0,0,0,0,0,0
DAMAN & DIU,2002,SUDDEN DEATHS(HEART ATTACKS),5,0,0,0,5,0,5
DAMAN & DIU,2002,EPILEPTIC FITS/GIDDINESS,2,0,0,0,2,0,2
DAMAN & DIU,2002,ABORTIONS/CHILD BIRTH,0,0,0,0,0,0,0
DAMAN & DIU,2002,INFLUENCE OF ALCOHOL,1,0,0,0,1,0,1
DAMAN & DIU,2002,KILLED BY ANIMALS,0,0,0,0,0,0,0
DAMAN & DIU,2002,MINES OR QUARY DISASTER,0,0,0,0,0,0,0
DAMAN & DIU,2002,FOOD POISIONING/ACCIDENTAL INTAKE OF INSECTICIDES ETC.,0,0,0,0,0,0,0
DAMAN & DIU,2002,SPURIOUS/POISIONOUS LIQUOR,0,0,0,0,0,0,0
DAMAN & DIU,2002,LEAKAGE OF POISINOUS GASES ETC.,0,0,0,0,0,0,0
DAMAN & DIU,2002,SNAKE BITE/ANIMAL BITE,0,0,0,0,0,0,0
DAMAN & DIU,2002,OTHER,0,0,0,0,0,0,0
DAMAN & DIU,2002,STAMPEDE,0,0,0,0,0,0,0
DAMAN & DIU,2002,SUFFOCATION,0,0,0,0,0,0,0
DAMAN & DIU,2002,TRAFFIC ACCIDENTS(ROAD ACCIDENTS),68,52,6,58,16,2,18
DAMAN & DIU,2002,TRAFFIC ACCIDENTS(RAIL-ROAD ACCIDENTS),0,0,0,0,0,0,0
DAMAN & DIU,2002,OTHER RAILWAY ACCIDENTS,0,0,0,0,0,0,0
DAMAN & DIU,2002,OTHER,28,0,0,0,26,2,28
DAMAN & DIU,2002,CAUSES NOT KNOWN,0,0,0,0,0,0,0
DAMAN & DIU,2002,TOTAL,139,52,6,58,80,10,90
DAMAN & DIU,2002,TOTAL COLLAPSE,0,0,0,0,0,0,0
DAMAN & DIU,2002,TOTAL DROWNING,13,0,0,0,14,0,14
DAMAN & DIU,2002,TOTAL EXPLOSION,0,0,0,0,0,0,0
DAMAN & DIU,2002,TOTAL FALLS,8,0,0,0,8,0,8
DAMAN & DIU,2002,TOTAL FIRE,7,0,0,0,1,6,7
DAMAN & DIU,2002,TOTAL SUDDEN DEATHS,8,0,0,0,8,0,8
DAMAN & DIU,2002,TOTAL POISONING,0,0,0,0,0,0,0
DAMAN & DIU,2002,TOTAL TRAFFIC ACCIDENTS,68,52,6,58,16,2,18
DAMAN & DIU,2003,AIR-CRASH,0,0,0,0,0,0,0
DAMAN & DIU,2003,COLLAPSE OF STRUCTURE(HOUSE),0,0,0,0,0,0,0
DAMAN & DIU,2003,COLLAPSE OF STRUCTURE(BUILDING),0,0,0,0,0,0,0
DAMAN & DIU,2003,COLLAPSE OF STRUCTURE(DAM),0,0,0,0,0,0,0
DAMAN & DIU,2003,COLLAPSE OF STRUCTURE(BRIDGE),0,0,0,0,0,0,0
DAMAN & DIU,2003,COLLAPSE OF STRUCTURE(OTHERS),0,0,0,0,0,0,0
DAMAN & DIU,2003,DROWNING(BOAT CAPSIZE),0,0,0,0,0,0,0
DAMAN & DIU,2003,DROWNING(OTHER),15,0,0,0,14,1,15
DAMAN & DIU,2003,ELECTROCUTION,2,0,0,0,2,0,2
DAMAN & DIU,2003,EXPLOSION(BOMB EXPLOSION),0,0,0,0,0,0,0
DAMAN & DIU,2003,EXPLOSION(OTHER EXPLOSION LIKE BOILERS,,0,0,0,0,0,0,0
DAMAN & DIU,2003,FALLS(FALL FROM HEIGHT),3,0,0,0,3,0,3
DAMAN & DIU,2003,FALL INTO PIT/MANHOLE,0,0,0,0,0,0,0
DAMAN & DIU,2003,FACTORY/MACHINE ACCIDENTS,1,0,0,0,1,0,1
DAMAN & DIU,2003,FIRE(FIREWORKS/CRACKERS),0,0,0,0,0,0,0
DAMAN & DIU,2003,FIRE(SHORT-CIRCUIT),0,0,0,0,0,0,0
DAMAN & DIU,2003,GAS CYLINDER/STOVE BURST,0,0,0,0,0,0,0
DAMAN & DIU,2003,OTHER FIRE ACCIDENTS,3,0,0,0,3,2,5
DAMAN & DIU,2003,FIRE-ARMS,0,0,0,0,0,0,0
DAMAN & DIU,2003,SUDDEN DEATHS(HEART ATTACKS),8,0,0,0,7,1,8
DAMAN & DIU,2003,EPILEPTIC FITS/GIDDINESS,1,0,0,0,1,0,1
DAMAN & DIU,2003,ABORTIONS/CHILD BIRTH,0,0,0,0,0,0,0
DAMAN & DIU,2003,INFLUENCE OF ALCOHOL,2,0,0,0,2,0,2
DAMAN & DIU,2003,KILLED BY ANIMALS,0,0,0,0,0,0,0
DAMAN & DIU,2003,MINES OR QUARY DISASTER,0,0,0,0,0,0,0
DAMAN & DIU,2003,FOOD POISIONING/ACCIDENTAL INTAKE OF INSECTICIDES ETC.,1,0,0,0,0,1,1
DAMAN & DIU,2003,SPURIOUS/POISIONOUS LIQUOR,0,0,0,0,0,0,0
DAMAN & DIU,2003,LEAKAGE OF POISINOUS GASES ETC.,0,0,0,0,0,0,0
DAMAN & DIU,2003,SNAKE BITE/ANIMAL BITE,0,0,0,0,0,0,0
DAMAN & DIU,2003,OTHER,1,0,0,0,1,0,1
DAMAN & DIU,2003,STAMPEDE,0,0,0,0,0,0,0
DAMAN & DIU,2003,SUFFOCATION,0,0,0,0,0,0,0
DAMAN & DIU,2003,TRAFFIC ACCIDENTS(ROAD ACCIDENTS),72,65,9,74,15,4,19
DAMAN & DIU,2003,TRAFFIC ACCIDENTS(RAIL-ROAD ACCIDENTS),0,0,0,0,0,0,0
DAMAN & DIU,2003,OTHER RAILWAY ACCIDENTS,0,0,0,0,0,0,0
DAMAN & DIU,2003,OTHER,9,0,0,0,9,0,9
DAMAN & DIU,2003,CAUSES NOT KNOWN,0,0,0,0,0,0,0
DAMAN & DIU,2003,TOTAL,118,65,9,74,58,9,67
DAMAN & DIU,2003,TOTAL COLLAPSE,0,0,0,0,0,0,0
DAMAN & DIU,2003,TOTAL DROWNING,15,0,0,0,14,1,15
DAMAN & DIU,2003,TOTAL EXPLOSION,0,0,0,0,0,0,0
DAMAN & DIU,2003,TOTAL FALLS,3,0,0,0,3,0,3
DAMAN & DIU,2003,TOTAL FIRE,3,0,0,0,3,2,5
DAMAN & DIU,2003,TOTAL SUDDEN DEATHS,11,0,0,0,10,1,11
DAMAN & DIU,2003,TOTAL POISONING,2,0,0,0,1,1,2
DAMAN & DIU,2003,TOTAL TRAFFIC ACCIDENTS,72,65,9,74,15,4,19
DAMAN & DIU,2004,AIR-CRASH,0,0,0,0,0,0,0
DAMAN & DIU,2004,COLLAPSE OF STRUCTURE(HOUSE),0,0,0,0,0,0,0
DAMAN & DIU,2004,COLLAPSE OF STRUCTURE(BUILDING),0,0,0,0,0,0,0
DAMAN & DIU,2004,COLLAPSE OF STRUCTURE(DAM),0,0,0,0,0,0,0
DAMAN & DIU,2004,COLLAPSE OF STRUCTURE(BRIDGE),0,0,0,0,0,0,0
DAMAN & DIU,2004,COLLAPSE OF STRUCTURE(OTHERS),0,0,0,0,0,0,0
DAMAN & DIU,2004,DROWNING(BOAT CAPSIZE),0,0,0,0,0,0,0
DAMAN & DIU,2004,DROWNING(OTHER),11,0,0,0,10,1,11
DAMAN & DIU,2004,ELECTROCUTION,4,2,0,2,4,0,4
DAMAN & DIU,2004,EXPLOSION(BOMB EXPLOSION),0,0,0,0,0,0,0
DAMAN & DIU,2004,EXPLOSION(OTHER EXPLOSION LIKE BOILERS,,0,0,0,0,0,0,0
DAMAN & DIU,2004,FALLS(FALL FROM HEIGHT),6,0,0,0,6,0,6
DAMAN & DIU,2004,FALL INTO PIT/MANHOLE,0,0,0,0,0,0,0
DAMAN & DIU,2004,FACTORY/MACHINE ACCIDENTS,0,0,0,0,0,0,0
DAMAN & DIU,2004,FIRE(FIREWORKS/CRACKERS),0,0,0,0,0,0,0
DAMAN & DIU,2004,FIRE(SHORT-CIRCUIT),0,0,0,0,0,0,0
DAMAN & DIU,2004,GAS CYLINDER/STOVE BURST,4,0,0,0,1,3,4
DAMAN & DIU,2004,OTHER FIRE ACCIDENTS,5,0,0,0,0,5,5
DAMAN & DIU,2004,FIRE-ARMS,0,0,0,0,0,0,0
DAMAN & DIU,2004,SUDDEN DEATHS(HEART ATTACKS),11,0,0,0,10,1,11
DAMAN & DIU,2004,EPILEPTIC FITS/GIDDINESS,0,0,0,0,0,0,0
DAMAN & DIU,2004,ABORTIONS/CHILD BIRTH,0,0,0,0,0,0,0
DAMAN & DIU,2004,INFLUENCE OF ALCOHOL,1,0,0,0,1,0,1
DAMAN & DIU,2004,KILLED BY ANIMALS,0,0,0,0,0,0,0
DAMAN & DIU,2004,MINES OR QUARY DISASTER,1,0,0,0,1,0,1
DAMAN & DIU,2004,FOOD POISIONING/ACCIDENTAL INTAKE OF INSECTICIDES ETC.,0,0,0,0,0,0,0
DAMAN & DIU,2004,SPURIOUS/POISIONOUS LIQUOR,0,0,0,0,0,0,0
DAMAN & DIU,2004,LEAKAGE OF POISINOUS GASES ETC.,0,0,0,0,0,0,0
DAMAN & DIU,2004,SNAKE BITE/ANIMAL BITE,0,0,0,0,0,0,0
DAMAN & DIU,2004,OTHER,0,0,0,0,0,0,0
DAMAN & DIU,2004,STAMPEDE,0,0,0,0,0,0,0
DAMAN & DIU,2004,SUFFOCATION,0,0,0,0,0,0,0
DAMAN & DIU,2004,TRAFFIC ACCIDENTS(ROAD ACCIDENTS),47,44,3,47,22,2,24
DAMAN & DIU,2004,TRAFFIC ACCIDENTS(RAIL-ROAD ACCIDENTS),0,0,0,0,0,0,0
DAMAN & DIU,2004,OTHER RAILWAY ACCIDENTS,0,0,0,0,0,0,0
DAMAN & DIU,2004,OTHER,11,0,0,0,10,1,11
DAMAN & DIU,2004,CAUSES NOT KNOWN,0,0,0,0,0,0,0
DAMAN & DIU,2004,TOTAL,101,46,3,49,65,13,78
DAMAN & DIU,2004,TOTAL COLLAPSE,0,0,0,0,0,0,0
DAMAN & DIU,2004,TOTAL DROWNING,11,0,0,0,10,1,11
DAMAN & DIU,2004,TOTAL EXPLOSION,0,0,0,0,0,0,0
DAMAN & DIU,2004,TOTAL FALLS,6,0,0,0,6,0,6
DAMAN & DIU,2004,TOTAL FIRE,9,0,0,0,1,8,9
DAMAN & DIU,2004,TOTAL SUDDEN DEATHS,12,0,0,0,11,1,12
DAMAN & DIU,2004,TOTAL POISONING,0,0,0,0,0,0,0
DAMAN & DIU,2004,TOTAL TRAFFIC ACCIDENTS,47,44,3,47,22,2,24
DAMAN & DIU,2005,AIR-CRASH,0,0,0,0,0,0,0
DAMAN & DIU,2005,COLLAPSE OF STRUCTURE(HOUSE),0,0,0,0,0,0,0
DAMAN & DIU,2005,COLLAPSE OF STRUCTURE(BUILDING),0,0,0,0,0,0,0
DAMAN & DIU,2005,COLLAPSE OF STRUCTURE(DAM),0,0,0,0,0,0,0
DAMAN & DIU,2005,COLLAPSE OF STRUCTURE(BRIDGE),0,0,0,0,0,0,0
DAMAN & DIU,2005,COLLAPSE OF STRUCTURE(OTHERS),0,0,0,0,0,0,0
DAMAN & DIU,2005,DROWNING(BOAT CAPSIZE),1,0,0,0,1,0,1
DAMAN & DIU,2005,DROWNING(OTHER),17,0,0,0,20,1,21
DAMAN & DIU,2005,ELECTROCUTION,3,0,0,0,2,1,3
DAMAN & DIU,2005,EXPLOSION(BOMB EXPLOSION),0,0,0,0,0,0,0
DAMAN & DIU,2005,EXPLOSION(OTHER EXPLOSION LIKE BOILERS,,0,0,0,0,0,0,0
DAMAN & DIU,2005,FALLS(FALL FROM HEIGHT),6,0,0,0,6,0,6
DAMAN & DIU,2005,FALL INTO PIT/MANHOLE,1,0,0,0,1,0,1
DAMAN & DIU,2005,FACTORY/MACHINE ACCIDENTS,2,0,0,0,2,0,2
DAMAN & DIU,2005,FIRE(FIREWORKS/CRACKERS),0,0,0,0,0,0,0
DAMAN & DIU,2005,FIRE(SHORT-CIRCUIT),0,0,0,0,0,0,0
DAMAN & DIU,2005,GAS CYLINDER/STOVE BURST,3,0,0,0,2,1,3
DAMAN & DIU,2005,OTHER FIRE ACCIDENTS,2,0,0,0,0,2,2
DAMAN & DIU,2005,FIRE-ARMS,0,0,0,0,0,0,0
DAMAN & DIU,2005,SUDDEN DEATHS(HEART ATTACKS),8,0,0,0,8,0,8
DAMAN & DIU,2005,EPILEPTIC FITS/GIDDINESS,3,0,0,0,2,1,3
DAMAN & DIU,2005,ABORTIONS/CHILD BIRTH,1,0,0,0,0,1,1
DAMAN & DIU,2005,INFLUENCE OF ALCOHOL,2,0,0,0,2,0,2
DAMAN & DIU,2005,KILLED BY ANIMALS,0,0,0,0,0,0,0
DAMAN & DIU,2005,MINES OR QUARY DISASTER,0,0,0,0,0,0,0
DAMAN & DIU,2005,FOOD POISIONING/ACCIDENTAL INTAKE OF INSECTICIDES ETC.,2,0,0,0,2,0,2
DAMAN & DIU,2005,SPURIOUS/POISIONOUS LIQUOR,0,0,0,0,0,0,0
DAMAN & DIU,2005,LEAKAGE OF POISINOUS GASES ETC.,0,0,0,0,0,0,0
DAMAN & DIU,2005,SNAKE BITE/ANIMAL BITE,0,0,0,0,0,0,0
DAMAN & DIU,2005,OTHER,0,0,0,0,0,0,0
DAMAN & DIU,2005,STAMPEDE,0,0,0,0,0,0,0
DAMAN & DIU,2005,SUFFOCATION,0,0,0,0,0,0,0
DAMAN & DIU,2005,TRAFFIC ACCIDENTS(ROAD ACCIDENTS),57,68,4,72,22,2,24
DAMAN & DIU,2005,TRAFFIC ACCIDENTS(RAIL-ROAD ACCIDENTS),0,0,0,0,0,0,0
DAMAN & DIU,2005,OTHER RAILWAY ACCIDENTS,0,0,0,0,0,0,0
DAMAN & DIU,2005,OTHER,21,0,0,0,18,3,21
DAMAN & DIU,2005,CAUSES NOT KNOWN,0,0,0,0,0,0,0
DAMAN & DIU,2005,TOTAL,129,68,4,72,88,12,100
DAMAN & DIU,2005,TOTAL COLLAPSE,0,0,0,0,0,0,0
DAMAN & DIU,2005,TOTAL DROWNING,18,0,0,0,21,1,22
DAMAN & DIU,2005,TOTAL EXPLOSION,0,0,0,0,0,0,0
DAMAN & DIU,2005,TOTAL FALLS,7,0,0,0,7,0,7
DAMAN & DIU,2005,TOTAL FIRE,5,0,0,0,2,3,5
DAMAN & DIU,2005,TOTAL SUDDEN DEATHS,14,0,0,0,12,2,14
DAMAN & DIU,2005,TOTAL POISONING,2,0,0,0,2,0,2
DAMAN & DIU,2005,TOTAL TRAFFIC ACCIDENTS,57,68,4,72,22,2,24
DAMAN & DIU,2006,AIR-CRASH,0,0,0,0,0,0,0
DAMAN & DIU,2006,COLLAPSE OF STRUCTURE(HOUSE),0,0,0,0,0,0,0
DAMAN & DIU,2006,COLLAPSE OF STRUCTURE(BUILDING),0,0,0,0,0,0,0
DAMAN & DIU,2006,COLLAPSE OF STRUCTURE(DAM),0,0,0,0,0,0,0
DAMAN & DIU,2006,COLLAPSE OF STRUCTURE(BRIDGE),0,0,0,0,0,0,0
DAMAN & DIU,2006,COLLAPSE OF STRUCTURE(OTHERS),0,0,0,0,0,0,0
DAMAN & DIU,2006,DROWNING(BOAT CAPSIZE),0,0,0,0,0,0,0
DAMAN & DIU,2006,DROWNING(OTHER),21,0,0,0,21,2,23
DAMAN & DIU,2006,ELECTROCUTION,5,0,0,0,4,1,5
DAMAN & DIU,2006,EXPLOSION(BOMB EXPLOSION),0,0,0,0,0,0,0
DAMAN & DIU,2006,EXPLOSION(OTHER EXPLOSION LIKE BOIL,0,0,0,0,0,0,0
DAMAN & DIU,2006,FALLS(FALL FROM HEIGHT),10,0,0,0,9,1,10
DAMAN & DIU,2006,FALL INTO PIT/MANHOLE,1,0,0,0,1,0,1
DAMAN & DIU,2006,FACTORY/MACHINE ACCIDENTS,3,0,0,0,2,1,3
DAMAN & DIU,2006,FIRE(FIREWORKS/CRACKERS),0,0,0,0,0,0,0
DAMAN & DIU,2006,FIRE(SHORT-CIRCUIT),0,0,0,0,0,0,0
DAMAN & DIU,2006,GAS CYLINDER/STOVE BURST,0,0,0,0,0,0,0
DAMAN & DIU,2006,OTHER FIRE ACCIDENTS,5,0,0,0,0,5,5
DAMAN & DIU,2006,FIRE-ARMS,0,0,0,0,0,0,0
DAMAN & DIU,2006,SUDDEN DEATHS(HEART ATTACKS),10,0,0,0,9,1,10
DAMAN & DIU,2006,EPILEPTIC FITS/GIDDINESS,1,0,0,0,1,0,1
DAMAN & DIU,2006,ABORTIONS/CHILD BIRTH,0,0,0,0,0,0,0
DAMAN & DIU,2006,INFLUENCE OF ALCOHOL,5,0,0,0,5,0,5
DAMAN & DIU,2006,KILLED BY ANIMALS,0,0,0,0,0,0,0
DAMAN & DIU,2006,MINES OR QUARY DISASTER,0,0,0,0,0,0,0
DAMAN & DIU,2006,FOOD POISIONING/ACCIDENTAL INTAKE OF INSECTICIDES ETC.,0,0,0,0,0,0,0
DAMAN & DIU,2006,SPURIOUS/POISIONOUS LIQUOR,2,0,0,0,1,1,2
DAMAN & DIU,2006,LEAKAGE OF POISINOUS GASES ETC.,0,0,0,0,0,0,0
DAMAN & DIU,2006,SNAKE BITE/ANIMAL BITE,0,0,0,0,0,0,0
DAMAN & DIU,2006,OTHER,0,0,0,0,0,0,0
DAMAN & DIU,2006,STAMPEDE,0,0,0,0,0,0,0
DAMAN & DIU,2006,SUFFOCATION,0,0,0,0,0,0,0
DAMAN & DIU,2006,TRAFFIC ACCIDENTS(ROAD ACCIDENTS),57,46,7,53,26,1,27
DAMAN & DIU,2006,TRAFFIC ACCIDENTS(RAIL-ROAD ACCIDENTS),0,0,0,0,0,0,0
DAMAN & DIU,2006,OTHER RAILWAY ACCIDENTS,0,0,0,0,0,0,0
DAMAN & DIU,2006,OTHER,21,0,0,0,18,3,21
DAMAN & DIU,2006,CAUSES NOT KNOWN,0,0,0,0,0,0,0
DAMAN & DIU,2006,TOTAL,141,46,7,53,97,16,113
DAMAN & DIU,2006,TOTAL COLLAPSE,0,0,0,0,0,0,0
DAMAN & DIU,2006,TOTAL DROWNING,21,0,0,0,21,2,23
DAMAN & DIU,2006,TOTAL EXPLOSION,0,0,0,0,0,0,0
DAMAN & DIU,2006,TOTAL FALLS,11,0,0,0,10,1,11
DAMAN & DIU,2006,TOTAL FIRE,5,0,0,0,0,5,5
DAMAN & DIU,2006,TOTAL SUDDEN DEATHS,16,0,0,0,15,1,16
DAMAN & DIU,2006,TOTAL POISONING,2,0,0,0,1,1,2
DAMAN & DIU,2006,TOTAL TRAFFIC ACCIDENTS,57,46,7,53,26,1,27
DAMAN & DIU,2007,AIR-CRASH,0,0,0,0,0,0,0
DAMAN & DIU,2007,COLLAPSE OF STRUCTURE(HOUSE),0,0,0,0,0,0,0
DAMAN & DIU,2007,COLLAPSE OF STRUCTURE(BUILDING),0,0,0,0,0,0,0
DAMAN & DIU,2007,COLLAPSE OF STRUCTURE(DAM),0,0,0,0,0,0,0
DAMAN & DIU,2007,COLLAPSE OF STRUCTURE(BRIDGE),1,0,0,0,1,0,1
DAMAN & DIU,2007,COLLAPSE OF STRUCTURE(OTHERS),0,0,0,0,0,0,0
DAMAN & DIU,2007,DROWNING(BOAT CAPSIZE),2,0,0,0,2,0,2
DAMAN & DIU,2007,DROWNING(OTHER),21,0,0,0,20,1,21
DAMAN & DIU,2007,ELECTROCUTION,4,0,0,0,3,1,4
DAMAN & DIU,2007,EXPLOSION(BOMB EXPLOSION),0,0,0,0,0,0,0
DAMAN & DIU,2007,EXPLOSION(OTHER EXPLOSION LIKE BOIL,0,0,0,0,0,0,0
DAMAN & DIU,2007,FALLS(FALL FROM HEIGHT),10,0,0,0,9,1,10
DAMAN & DIU,2007,FALL INTO PIT/MANHOLE,0,0,0,0,0,0,0
DAMAN & DIU,2007,FACTORY/MACHINE ACCIDENTS,2,3,0,3,3,0,3
DAMAN & DIU,2007,FIRE(FIREWORKS/CRACKERS),0,0,0,0,0,0,0
DAMAN & DIU,2007,FIRE(SHORT-CIRCUIT),0,0,0,0,0,0,0
DAMAN & DIU,2007,GAS CYLINDER/STOVE BURST,1,0,0,0,0,1,1
DAMAN & DIU,2007,OTHER FIRE ACCIDENTS,8,0,0,0,3,5,8
DAMAN & DIU,2007,FIRE-ARMS,0,0,0,0,0,0,0
DAMAN & DIU,2007,SUDDEN DEATHS(HEART ATTACKS),6,0,0,0,6,0,6
DAMAN & DIU,2007,EPILEPTIC FITS/GIDDINESS,3,0,0,0,3,0,3
DAMAN & DIU,2007,ABORTIONS/CHILD BIRTH,0,0,0,0,0,0,0
DAMAN & DIU,2007,INFLUENCE OF ALCOHOL,3,0,0,0,3,0,3
DAMAN & DIU,2007,KILLED BY ANIMALS,0,0,0,0,0,0,0
DAMAN & DIU,2007,MINES OR QUARY DISASTER,0,0,0,0,0,0,0
DAMAN & DIU,2007,FOOD POISIONING/ACCIDENTAL INTAKE OF INSECTICIDES ETC.,0,0,0,0,0,0,0
DAMAN & DIU,2007,SPURIOUS/POISIONOUS LIQUOR,0,0,0,0,0,0,0
DAMAN & DIU,2007,LEAKAGE OF POISINOUS GASES ETC.,1,0,0,0,1,0,1
DAMAN & DIU,2007,SNAKE BITE/ANIMAL BITE,0,0,0,0,0,0,0
DAMAN & DIU,2007,OTHER,1,0,0,0,1,0,1
DAMAN & DIU,2007,STAMPEDE,0,0,0,0,0,0,0
DAMAN & DIU,2007,SUFFOCATION,0,0,0,0,0,0,0
DAMAN & DIU,2007,TRAFFIC ACCIDENTS(ROAD ACCIDENTS),60,55,8,63,26,3,29
DAMAN & DIU,2007,TRAFFIC ACCIDENTS(RAIL-ROAD ACCIDENTS),0,0,0,0,0,0,0
DAMAN & DIU,2007,OTHER RAILWAY ACCIDENTS,0,0,0,0,0,0,0
DAMAN & DIU,2007,OTHER,29,0,0,0,29,3,32
DAMAN & DIU,2007,CAUSES NOT KNOWN,1,0,0,0,1,0,1
DAMAN & DIU,2007,TOTAL,153,58,8,66,111,15,126
DAMAN & DIU,2007,TOTAL COLLAPSE,1,0,0,0,1,0,1
DAMAN & DIU,2007,TOTAL DROWNING,23,0,0,0,22,1,23
DAMAN & DIU,2007,TOTAL EXPLOSION,0,0,0,0,0,0,0
DAMAN & DIU,2007,TOTAL FALLS,10,0,0,0,9,1,10
DAMAN & DIU,2007,TOTAL FIRE,9,0,0,0,3,6,9
DAMAN & DIU,2007,TOTAL SUDDEN DEATHS,12,0,0,0,12,0,12
DAMAN & DIU,2007,TOTAL POISONING,2,0,0,0,2,0,2
DAMAN & DIU,2007,TOTAL TRAFFIC ACCIDENTS,60,55,8,63,26,3,29
DAMAN & DIU,2008,AIR-CRASH,0,0,0,0,0,0,0
DAMAN & DIU,2008,COLLAPSE OF STRUCTURE(HOUSE),0,0,0,0,0,0,0
DAMAN & DIU,2008,COLLAPSE OF STRUCTURE(BUILDING),0,0,0,0,0,0,0
DAMAN & DIU,2008,COLLAPSE OF STRUCTURE(DAM),0,0,0,0,0,0,0
DAMAN & DIU,2008,COLLAPSE OF STRUCTURE(BRIDGE),0,0,0,0,0,0,0
DAMAN & DIU,2008,COLLAPSE OF STRUCTURE(OTHERS),1,0,0,0,1,0,1
DAMAN & DIU,2008,DROWNING(BOAT CAPSIZE),1,0,0,0,4,0,4
DAMAN & DIU,2008,DROWNING(OTHER),7,0,0,0,7,1,8
DAMAN & DIU,2008,ELECTROCUTION,2,0,0,0,3,0,3
DAMAN & DIU,2008,EXPLOSION(BOMB EXPLOSION),0,0,0,0,0,0,0
DAMAN & DIU,2008,EXPLOSION(OTHER EXPLOSION LIKE BOIL,0,0,0,0,0,0,0
DAMAN & DIU,2008,FALLS(FALL FROM HEIGHT),4,0,0,0,4,0,4
DAMAN & DIU,2008,FALL INTO PIT/MANHOLE,0,0,0,0,0,0,0
DAMAN & DIU,2008,FACTORY/MACHINE ACCIDENTS,0,0,0,0,0,0,0
DAMAN & DIU,2008,FIRE(FIREWORKS/CRACKERS),0,0,0,0,0,0,0
DAMAN & DIU,2008,FIRE(SHORT-CIRCUIT),0,0,0,0,0,0,0
DAMAN & DIU,2008,GAS CYLINDER/STOVE BURST,1,7,0,7,1,0,1
DAMAN & DIU,2008,OTHER FIRE ACCIDENTS,5,0,0,0,2,3,5
DAMAN & DIU,2008,FIRE-ARMS,0,0,0,0,0,0,0
DAMAN & DIU,2008,SUDDEN DEATHS(HEART ATTACKS),7,0,0,0,6,1,7
DAMAN & DIU,2008,EPILEPTIC FITS/GIDDINESS,4,0,0,0,4,0,4
DAMAN & DIU,2008,ABORTIONS/CHILD BIRTH,0,0,0,0,0,0,0
DAMAN & DIU,2008,INFLUENCE OF ALCOHOL,0,0,0,0,0,0,0
DAMAN & DIU,2008,KILLED BY ANIMALS,0,0,0,0,0,0,0
DAMAN & DIU,2008,MINES OR QUARY DISASTER,0,0,0,0,0,0,0
DAMAN & DIU,2008,FOOD POISIONING/ACCIDENTAL INTAKE OF INSECTICIDES ETC.,0,0,0,0,0,0,0
DAMAN & DIU,2008,SPURIOUS/POISIONOUS LIQUOR,0,0,0,0,0,0,0
DAMAN & DIU,2008,LEAKAGE OF POISINOUS GASES ETC.,0,0,0,0,0,0,0
DAMAN & DIU,2008,SNAKE BITE/ANIMAL BITE,0,0,0,0,0,0,0
DAMAN & DIU,2008,OTHER,0,0,0,0,0,0,0
DAMAN & DIU,2008,STAMPEDE,0,0,0,0,0,0,0
DAMAN & DIU,2008,SUFFOCATION,0,0,0,0,0,0,0
DAMAN & DIU,2008,TRAFFIC ACCIDENTS(ROAD ACCIDENTS),50,25,0,25,21,0,21
DAMAN & DIU,2008,TRAFFIC ACCIDENTS(RAIL-ROAD ACCIDENTS),0,0,0,0,0,0,0
DAMAN & DIU,2008,OTHER RAILWAY ACCIDENTS,0,0,0,0,0,0,0
DAMAN & DIU,2008,OTHER,33,0,0,0,28,5,33
DAMAN & DIU,2008,CAUSES NOT KNOWN,0,0,0,0,0,0,0
DAMAN & DIU,2008,TOTAL,115,32,0,32,81,10,91
DAMAN & DIU,2008,TOTAL COLLAPSE,1,0,0,0,1,0,1
DAMAN & DIU,2008,TOTAL DROWNING,8,0,0,0,11,1,12
DAMAN & DIU,2008,TOTAL EXPLOSION,0,0,0,0,0,0,0
DAMAN & DIU,2008,TOTAL FALLS,4,0,0,0,4,0,4
DAMAN & DIU,2008,TOTAL FIRE,6,7,0,7,3,3,6
DAMAN & DIU,2008,TOTAL SUDDEN DEATHS,11,0,0,0,10,1,11
DAMAN & DIU,2008,TOTAL POISONING,0,0,0,0,0,0,0
DAMAN & DIU,2008,TOTAL TRAFFIC ACCIDENTS,50,25,0,25,21,0,21
DAMAN & DIU,2009,AIR-CRASH,0,0,0,0,0,0,0
DAMAN & DIU,2009,COLLAPSE OF STRUCTURE(HOUSE),0,0,0,0,0,0,0
DAMAN & DIU,2009,COLLAPSE OF STRUCTURE(BUILDING),0,0,0,0,0,0,0
DAMAN & DIU,2009,COLLAPSE OF STRUCTURE(DAM),0,0,0,0,0,0,0
DAMAN & DIU,2009,COLLAPSE OF STRUCTURE(BRIDGE),0,0,0,0,0,0,0
DAMAN & DIU,2009,COLLAPSE OF STRUCTURE(OTHERS),0,0,0,0,0,0,0
DAMAN & DIU,2009,DROWNING(BOAT CAPSIZE),7,0,0,0,6,1,7
DAMAN & DIU,2009,DROWNING(OTHER),10,0,0,0,10,0,10
DAMAN & DIU,2009,ELECTROCUTION,5,0,0,0,5,0,5
DAMAN & DIU,2009,EXPLOSION(BOMB EXPLOSION),0,0,0,0,0,0,0
DAMAN & DIU,2009,EXPLOSION(OTHER EXPLOSION LIKE BOIL,0,0,0,0,0,0,0
DAMAN & DIU,2009,FALLS(FALL FROM HEIGHT),8,0,0,0,8,0,8
DAMAN & DIU,2009,FALL INTO PIT/MANHOLE,0,0,0,0,0,0,0
DAMAN & DIU,2009,FACTORY/MACHINE ACCIDENTS,0,0,0,0,0,0,0
DAMAN & DIU,2009,FIRE(FIREWORKS/CRACKERS),1,0,0,0,1,0,1
DAMAN & DIU,2009,FIRE(SHORT-CIRCUIT),0,0,0,0,0,0,0
DAMAN & DIU,2009,GAS CYLINDER/STOVE BURST,0,0,0,0,0,0,0
DAMAN & DIU,2009,OTHER FIRE ACCIDENTS,5,0,0,0,1,4,5
DAMAN & DIU,2009,FIRE-ARMS,0,0,0,0,0,0,0
DAMAN & DIU,2009,SUDDEN DEATHS(HEART ATTACKS),6,0,0,0,6,0,6
DAMAN & DIU,2009,EPILEPTIC FITS/GIDDINESS,3,0,0,0,3,0,3
DAMAN & DIU,2009,ABORTIONS/CHILD BIRTH,0,0,0,0,0,0,0
DAMAN & DIU,2009,INFLUENCE OF ALCOHOL,0,0,0,0,0,0,0
DAMAN & DIU,2009,KILLED BY ANIMALS,0,0,0,0,0,0,0
DAMAN & DIU,2009,MINES OR QUARY DISASTER,0,0,0,0,0,0,0
DAMAN & DIU,2009,FOOD POISIONING/ACCIDENTAL INTAKE OF INSECTICIDES ETC.,0,0,0,0,0,0,0
DAMAN & DIU,2009,SPURIOUS/POISIONOUS LIQUOR,0,0,0,0,0,0,0
DAMAN & DIU,2009,LEAKAGE OF POISINOUS GASES ETC.,0,0,0,0,0,0,0
DAMAN & DIU,2009,SNAKE BITE/ANIMAL BITE,0,0,0,0,0,0,0
DAMAN & DIU,2009,OTHER,0,0,0,0,0,0,0
DAMAN & DIU,2009,STAMPEDE,0,0,0,0,0,0,0
DAMAN & DIU,2009,SUFFOCATION,0,0,0,0,0,0,0
DAMAN & DIU,2009,TRAFFIC ACCIDENTS(ROAD ACCIDENTS),21,35,0,35,13,0,13
DAMAN & DIU,2009,TRAFFIC ACCIDENTS(RAIL-ROAD ACCIDENTS),0,0,0,0,0,0,0
DAMAN & DIU,2009,OTHER RAILWAY ACCIDENTS,0,0,0,0,0,0,0
DAMAN & DIU,2009,OTHER,29,0,0,0,26,3,29
DAMAN & DIU,2009,CAUSES NOT KNOWN,2,0,0,0,1,2,3
DAMAN & DIU,2009,TOTAL,97,35,0,35,80,10,90
DAMAN & DIU,2009,TOTAL COLLAPSE,0,0,0,0,0,0,0
DAMAN & DIU,2009,TOTAL DROWNING,17,0,0,0,16,1,17
DAMAN & DIU,2009,TOTAL EXPLOSION,0,0,0,0,0,0,0
DAMAN & DIU,2009,TOTAL FALLS,8,0,0,0,8,0,8
DAMAN & DIU,2009,TOTAL FIRE,6,0,0,0,2,4,6
DAMAN & DIU,2009,TOTAL SUDDEN DEATHS,9,0,0,0,9,0,9
DAMAN & DIU,2009,TOTAL POISONING,0,0,0,0,0,0,0
DAMAN & DIU,2009,TOTAL TRAFFIC ACCIDENTS,21,35,0,35,13,0,13
DAMAN & DIU,2010,AIR-CRASH,0,0,0,0,0,0,0
DAMAN & DIU,2010,COLLAPSE OF STRUCTURE(HOUSE),0,0,0,0,0,0,0
DAMAN & DIU,2010,COLLAPSE OF STRUCTURE(BUILDING),0,0,0,0,0,0,0
DAMAN & DIU,2010,COLLAPSE OF STRUCTURE(DAM),0,0,0,0,0,0,0
DAMAN & DIU,2010,COLLAPSE OF STRUCTURE(BRIDGE),0,0,0,0,0,0,0
DAMAN & DIU,2010,COLLAPSE OF STRUCTURE(OTHERS),1,0,0,0,2,0,2
DAMAN & DIU,2010,DROWNING(BOAT CAPSIZE),0,0,0,0,0,0,0
DAMAN & DIU,2010,DROWNING(OTHER),10,0,0,0,18,0,18
DAMAN & DIU,2010,ELECTROCUTION,1,0,0,0,1,0,1
DAMAN & DIU,2010,EXPLOSION(BOMB EXPLOSION),0,0,0,0,0,0,0
DAMAN & DIU,2010,EXPLOSION(OTHER EXPLOSION LIKE BOIL,0,0,0,0,0,0,0
DAMAN & DIU,2010,FALLS(FALL FROM HEIGHT),7,0,0,0,7,0,7
DAMAN & DIU,2010,FALL INTO PIT/MANHOLE,1,0,0,0,1,0,1
DAMAN & DIU,2010,FACTORY/MACHINE ACCIDENTS,1,0,0,0,1,0,1
DAMAN & DIU,2010,FIRE(FIREWORKS/CRACKERS),4,0,0,0,0,4,4
DAMAN & DIU,2010,FIRE(SHORT-CIRCUIT),0,0,0,0,0,0,0
DAMAN & DIU,2010,GAS CYLINDER/STOVE BURST,0,0,0,0,0,0,0
DAMAN & DIU,2010,OTHER FIRE ACCIDENTS,1,0,0,0,1,0,1
DAMAN & DIU,2010,FIRE-ARMS,0,0,0,0,0,0,0
DAMAN & DIU,2010,SUDDEN DEATHS(HEART ATTACKS),11,0,0,0,11,0,11
DAMAN & DIU,2010,EPILEPTIC FITS/GIDDINESS,4,0,0,0,3,1,4
DAMAN & DIU,2010,ABORTIONS/CHILD BIRTH,0,0,0,0,0,0,0
DAMAN & DIU,2010,INFLUENCE OF ALCOHOL,3,0,0,0,3,0,3
DAMAN & DIU,2010,KILLED BY ANIMALS,0,0,0,0,0,0,0
DAMAN & DIU,2010,MINES OR QUARY DISASTER,0,0,0,0,0,0,0
DAMAN & DIU,2010,FOOD POISIONING/ACCIDENTAL INTAKE OF INSECTICIDES ETC.,0,0,0,0,0,0,0
DAMAN & DIU,2010,SPURIOUS/POISIONOUS LIQUOR,0,0,0,0,0,0,0
DAMAN & DIU,2010,LEAKAGE OF POISINOUS GASES ETC.,0,0,0,0,0,0,0
DAMAN & DIU,2010,SNAKE BITE/ANIMAL BITE,0,0,0,0,0,0,0
DAMAN & DIU,2010,OTHER,0,0,0,0,0,0,0
DAMAN & DIU,2010,STAMPEDE,0,0,0,0,0,0,0
DAMAN & DIU,2010,SUFFOCATION,0,0,0,0,0,0,0
DAMAN & DIU,2010,TRAFFIC ACCIDENTS(ROAD ACCIDENTS),36,20,8,28,21,2,23
DAMAN & DIU,2010,TRAFFIC ACCIDENTS(RAIL-ROAD ACCIDENTS),0,0,0,0,0,0,0
DAMAN & DIU,2010,OTHER RAILWAY ACCIDENTS,0,0,0,0,0,0,0
DAMAN & DIU,2010,OTHER,24,0,0,0,22,2,24
DAMAN & DIU,2010,CAUSES NOT KNOWN,6,0,0,0,5,1,6
DAMAN & DIU,2010,TOTAL,110,20,8,28,96,10,106
DAMAN & DIU,2010,TOTAL COLLAPSE,1,0,0,0,2,0,2
DAMAN & DIU,2010,TOTAL DROWNING,10,0,0,0,18,0,18
DAMAN & DIU,2010,TOTAL EXPLOSION,0,0,0,0,0,0,0
DAMAN & DIU,2010,TOTAL FALLS,8,0,0,0,8,0,8
DAMAN & DIU,2010,TOTAL FIRE,5,0,0,0,1,4,5
DAMAN & DIU,2010,TOTAL SUDDEN DEATHS,18,0,0,0,17,1,18
DAMAN & DIU,2010,TOTAL POISONING,0,0,0,0,0,0,0
DAMAN & DIU,2010,TOTAL TRAFFIC ACCIDENTS,36,20,8,28,21,2,23
DAMAN & DIU,2011,AIR-CRASH,0,0,0,0,0,0,0
DAMAN & DIU,2011,COLLAPSE OF STRUCTURE(HOUSE),0,0,0,0,0,0,0
DAMAN & DIU,2011,COLLAPSE OF STRUCTURE(BUILDING),0,0,0,0,0,0,0
DAMAN & DIU,2011,COLLAPSE OF STRUCTURE(DAM),0,0,0,0,0,0,0
DAMAN & DIU,2011,COLLAPSE OF STRUCTURE(BRIDGE),0,0,0,0,0,0,0
DAMAN & DIU,2011,COLLAPSE OF STRUCTURE(OTHERS),0,0,0,0,0,0,0
DAMAN & DIU,2011,DROWNING(BOAT CAPSIZE),9,0,0,0,9,0,9
DAMAN & DIU,2011,DROWNING(OTHER),18,0,0,0,18,0,18
DAMAN & DIU,2011,ELECTROCUTION,5,0,0,0,4,1,5
DAMAN & DIU,2011,EXPLOSION(BOMB EXPLOSION),0,0,0,0,0,0,0
DAMAN & DIU,2011,EXPLOSION(OTHER EXPLOSION LIKE BOIL,0,0,0,0,0,0,0
DAMAN & DIU,2011,FALLS(FALL FROM HEIGHT),10,0,0,0,10,0,10
DAMAN & DIU,2011,FALL INTO PIT/MANHOLE,0,0,0,0,0,0,0
DAMAN & DIU,2011,FACTORY/MACHINE ACCIDENTS,0,0,0,0,0,0,0
DAMAN & DIU,2011,FIRE(FIREWORKS/CRACKERS),0,0,0,0,0,0,0
DAMAN & DIU,2011,FIRE(SHORT-CIRCUIT),3,0,0,0,3,0,3
DAMAN & DIU,2011,GAS CYLINDER/STOVE BURST,3,0,0,0,0,3,3
DAMAN & DIU,2011,OTHER FIRE ACCIDENTS,5,0,0,0,1,4,5
DAMAN & DIU,2011,FIRE-ARMS,0,0,0,0,0,0,0
DAMAN & DIU,2011,SUDDEN DEATHS(HEART ATTACKS),6,0,0,0,6,0,6
DAMAN & DIU,2011,EPILEPTIC FITS/GIDDINESS,1,0,0,0,1,0,1
DAMAN & DIU,2011,ABORTIONS/CHILD BIRTH,0,0,0,0,0,0,0
DAMAN & DIU,2011,INFLUENCE OF ALCOHOL,1,0,0,0,1,0,1
DAMAN & DIU,2011,KILLED BY ANIMALS,0,0,0,0,0,0,0
DAMAN & DIU,2011,MINES OR QUARY DISASTER,0,0,0,0,0,0,0
DAMAN & DIU,2011,FOOD POISIONING/ACCIDENTAL INTAKE OF INSECTICIDES ETC.,1,0,0,0,1,0,1
DAMAN & DIU,2011,SPURIOUS/POISIONOUS LIQUOR,0,0,0,0,0,0,0
DAMAN & DIU,2011,LEAKAGE OF POISINOUS GASES ETC.,0,0,0,0,0,0,0
DAMAN & DIU,2011,SNAKE BITE/ANIMAL BITE,0,0,0,0,0,0,0
DAMAN & DIU,2011,OTHER,0,0,0,0,0,0,0
DAMAN & DIU,2011,STAMPEDE,0,0,0,0,0,0,0
DAMAN & DIU,2011,SUFFOCATION,0,0,0,0,0,0,0
DAMAN & DIU,2011,TRAFFIC ACCIDENTS(ROAD ACCIDENTS),21,8,1,9,20,1,21
DAMAN & DIU,2011,TRAFFIC ACCIDENTS(RAIL-ROAD ACCIDENTS),0,0,0,0,0,0,0
DAMAN & DIU,2011,OTHER RAILWAY ACCIDENTS,0,0,0,0,0,0,0
DAMAN & DIU,2011,OTHER,16,0,0,0,16,0,16
DAMAN & DIU,2011,CAUSES NOT KNOWN,3,0,0,0,3,0,3
DAMAN & DIU,2011,TOTAL,102,8,1,9,93,9,102
DAMAN & DIU,2011,TOTAL COLLAPSE,0,0,0,0,0,0,0
DAMAN & DIU,2011,TOTAL DROWNING,27,0,0,0,27,0,27
DAMAN & DIU,2011,TOTAL EXPLOSION,0,0,0,0,0,0,0
DAMAN & DIU,2011,TOTAL FALLS,10,0,0,0,10,0,10
DAMAN & DIU,2011,TOTAL FIRE,11,0,0,0,4,7,11
DAMAN & DIU,2011,TOTAL SUDDEN DEATHS,8,0,0,0,8,0,8
DAMAN & DIU,2011,TOTAL POISONING,1,0,0,0,1,0,1
DAMAN & DIU,2011,TOTAL TRAFFIC ACCIDENTS,21,8,1,9,20,1,21
DAMAN & DIU,2012,AIR-CRASH,0,0,0,0,0,0,0
DAMAN & DIU,2012,COLLAPSE OF STRUCTURE(HOUSE),0,0,0,0,0,0,0
DAMAN & DIU,2012,COLLAPSE OF STRUCTURE(BUILDING),0,0,0,0,0,0,0
DAMAN & DIU,2012,COLLAPSE OF STRUCTURE(DAM),0,0,0,0,0,0,0
DAMAN & DIU,2012,COLLAPSE OF STRUCTURE(BRIDGE),0,0,0,0,0,0,0
DAMAN & DIU,2012,COLLAPSE OF STRUCTURE(OTHERS),0,0,0,0,0,0,0
DAMAN & DIU,2012,DROWNING(BOAT CAPSIZE),0,0,0,0,0,0,0
DAMAN & DIU,2012,DROWNING(OTHER),25,0,0,0,23,2,25
DAMAN & DIU,2012,ELECTROCUTION,4,0,1,1,4,0,4
DAMAN & DIU,2012,EXPLOSION(BOMB EXPLOSION),0,0,0,0,0,0,0
DAMAN & DIU,2012,EXPLOSION(OTHER EXPLOSION LIKE BOIL,0,0,0,0,0,0,0
DAMAN & DIU,2012,FALLS(FALL FROM HEIGHT),6,0,0,0,6,0,6
DAMAN & DIU,2012,FALL INTO PIT/MANHOLE,0,0,0,0,0,0,0
DAMAN & DIU,2012,FACTORY/MACHINE ACCIDENTS,0,0,0,0,0,0,0
DAMAN & DIU,2012,FIRE(FIREWORKS/CRACKERS),0,0,0,0,0,0,0
DAMAN & DIU,2012,FIRE(SHORT-CIRCUIT),0,0,0,0,0,0,0
DAMAN & DIU,2012,GAS CYLINDER/STOVE BURST,2,0,0,0,0,2,2
DAMAN & DIU,2012,OTHER FIRE ACCIDENTS,14,0,0,0,4,10,14
DAMAN & DIU,2012,FIRE-ARMS,0,0,0,0,0,0,0
DAMAN & DIU,2012,SUDDEN DEATHS(HEART ATTACKS),9,0,0,0,9,0,9
DAMAN & DIU,2012,EPILEPTIC FITS/GIDDINESS,4,0,0,0,4,0,4
DAMAN & DIU,2012,ABORTIONS/CHILD BIRTH,0,0,0,0,0,0,0
DAMAN & DIU,2012,INFLUENCE OF ALCOHOL,9,0,0,0,8,1,9
DAMAN & DIU,2012,KILLED BY ANIMALS,2,0,0,0,2,0,2
DAMAN & DIU,2012,MINES OR QUARY DISASTER,0,0,0,0,0,0,0
DAMAN & DIU,2012,FOOD POISIONING/ACCIDENTAL INTAKE OF INSECTICIDES ETC.,0,0,0,0,0,0,0
DAMAN & DIU,2012,SPURIOUS/POISIONOUS LIQUOR,0,0,0,0,0,0,0
DAMAN & DIU,2012,LEAKAGE OF POISINOUS GASES ETC.,0,0,0,0,0,0,0
DAMAN & DIU,2012,SNAKE BITE/ANIMAL BITE,0,0,0,0,0,0,0
DAMAN & DIU,2012,OTHER,3,0,0,0,3,0,3
DAMAN & DIU,2012,STAMPEDE,0,0,0,0,0,0,0
DAMAN & DIU,2012,SUFFOCATION,0,0,0,0,0,0,0
DAMAN & DIU,2012,TRAFFIC ACCIDENTS(ROAD ACCIDENTS),50,32,7,39,28,1,29
DAMAN & DIU,2012,TRAFFIC ACCIDENTS(RAIL-ROAD ACCIDENTS),0,0,0,0,0,0,0
DAMAN & DIU,2012,OTHER RAILWAY ACCIDENTS,0,0,0,0,0,0,0
DAMAN & DIU,2012,OTHER,23,0,0,0,22,1,23
DAMAN & DIU,2012,CAUSES NOT KNOWN,3,0,0,0,2,1,3
DAMAN & DIU,2012,TOTAL,154,32,8,40,115,18,133
DAMAN & DIU,2012,TOTAL COLLAPSE,0,0,0,0,0,0,0
DAMAN & DIU,2012,TOTAL DROWNING,25,0,0,0,23,2,25
DAMAN & DIU,2012,TOTAL EXPLOSION,0,0,0,0,0,0,0
DAMAN & DIU,2012,TOTAL FALLS,6,0,0,0,6,0,6
DAMAN & DIU,2012,TOTAL FIRE,16,0,0,0,4,12,16
DAMAN & DIU,2012,TOTAL SUDDEN DEATHS,22,0,0,0,21,1,22
DAMAN & DIU,2012,TOTAL POISONING,3,0,0,0,3,0,3
DAMAN & DIU,2012,TOTAL TRAFFIC ACCIDENTS,50,32,7,39,28,1,29
DELHI(UT),2001,AIR-CRASH,0,0,0,0,0,0,0
DELHI(UT),2001,COLLAPSE OF STRUCTURE(HOUSE),18,14,1,15,13,3,16
DELHI(UT),2001,COLLAPSE OF STRUCTURE(BUILDING),4,2,1,3,3,0,3
DELHI(UT),2001,COLLAPSE OF STRUCTURE(DAM),0,0,0,0,0,0,0
DELHI(UT),2001,COLLAPSE OF STRUCTURE(BRIDGE),0,0,0,0,0,0,0
DELHI(UT),2001,COLLAPSE OF STRUCTURE(OTHERS),19,18,2,20,12,4,16
DELHI(UT),2001,DROWNING(BOAT CAPSIZE),0,0,0,0,0,0,0
DELHI(UT),2001,DROWNING(OTHER),155,0,0,0,138,25,163
DELHI(UT),2001,ELECTROCUTION,191,7,0,7,163,23,186
DELHI(UT),2001,EXPLOSION(BOMB EXPLOSION),2,3,0,3,0,0,0
DELHI(UT),2001,EXPLOSION(OTHER EXPLOSION LIKE BOILERS,,14,13,3,16,6,4,10
DELHI(UT),2001,FALLS(FALL FROM HEIGHT),235,11,0,11,191,36,227
DELHI(UT),2001,FALL INTO PIT/MANHOLE,27,2,1,3,25,2,27
DELHI(UT),2001,FACTORY/MACHINE ACCIDENTS,99,67,0,67,36,0,36
DELHI(UT),2001,FIRE(FIREWORKS/CRACKERS),1,9,0,9,0,0,0
DELHI(UT),2001,FIRE(SHORT-CIRCUIT),26,2,0,2,22,7,29
DELHI(UT),2001,GAS CYLINDER/STOVE BURST,182,7,2,9,43,135,178
DELHI(UT),2001,OTHER FIRE ACCIDENTS,325,12,1,13,117,237,354
DELHI(UT),2001,FIRE-ARMS,50,34,0,34,35,16,51
DELHI(UT),2001,SUDDEN DEATHS(HEART ATTACKS),189,0,0,0,176,13,189
DELHI(UT),2001,EPILEPTIC FITS/GIDDINESS,34,0,0,0,30,5,35
DELHI(UT),2001,ABORTIONS/CHILD BIRTH,14,0,0,0,0,14,14
DELHI(UT),2001,INFLUENCE OF ALCOHOL,75,0,0,0,75,0,75
DELHI(UT),2001,KILLED BY ANIMALS,8,5,0,5,3,0,3
DELHI(UT),2001,MINES OR QUARY DISASTER,3,1,1,2,1,0,1
DELHI(UT),2001,FOOD POISIONING/ACCIDENTAL INTAKE OF INSECTICIDES ETC.,107,3,5,8,68,37,105
DELHI(UT),2001,SPURIOUS/POISIONOUS LIQUOR,15,0,0,0,8,7,15
DELHI(UT),2001,LEAKAGE OF POISINOUS GASES ETC.,2,1,0,1,2,0,2
DELHI(UT),2001,SNAKE BITE/ANIMAL BITE,14,0,0,0,12,2,14
DELHI(UT),2001,OTHER,137,1,0,1,96,43,139
DELHI(UT),2001,STAMPEDE,0,0,0,0,0,0,0
DELHI(UT),2001,SUFFOCATION,13,0,0,0,12,1,13
DELHI(UT),2001,TRAFFIC ACCIDENTS(ROAD ACCIDENTS),9282,7482,1022,8504,1666,234,1900
DELHI(UT),2001,TRAFFIC ACCIDENTS(RAIL-ROAD ACCIDENTS),7,0,0,0,7,0,7
DELHI(UT),2001,OTHER RAILWAY ACCIDENTS,874,0,0,0,767,107,874
DELHI(UT),2001,OTHER,224,1,0,1,190,35,225
DELHI(UT),2001,CAUSES NOT KNOWN,705,7,2,9,531,165,696
DELHI(UT),2001,TOTAL,13051,7702,1041,8743,4448,1155,5603
DELHI(UT),2001,TOTAL COLLAPSE,41,34,4,38,28,7,35
DELHI(UT),2001,TOTAL DROWNING,155,0,0,0,138,25,163
DELHI(UT),2001,TOTAL EXPLOSION,16,16,3,19,6,4,10
DELHI(UT),2001,TOTAL FALLS,262,13,1,14,216,38,254
DELHI(UT),2001,TOTAL FIRE,534,30,3,33,182,379,561
DELHI(UT),2001,TOTAL SUDDEN DEATHS,312,0,0,0,281,32,313
DELHI(UT),2001,TOTAL POISONING,275,5,5,10,186,89,275
DELHI(UT),2001,TOTAL TRAFFIC ACCIDENTS,10163,7482,1022,8504,2440,341,2781
DELHI(UT),2002,AIR-CRASH,0,0,0,0,0,0,0
DELHI(UT),2002,COLLAPSE OF STRUCTURE(HOUSE),10,3,2,5,7,2,9
DELHI(UT),2002,COLLAPSE OF STRUCTURE(BUILDING),5,13,2,15,11,2,13
DELHI(UT),2002,COLLAPSE OF STRUCTURE(DAM),0,0,0,0,0,0,0
DELHI(UT),2002,COLLAPSE OF STRUCTURE(BRIDGE),0,0,0,0,0,0,0
DELHI(UT),2002,COLLAPSE OF STRUCTURE(OTHERS),25,7,1,8,24,7,31
DELHI(UT),2002,DROWNING(BOAT CAPSIZE),0,0,0,0,0,0,0
DELHI(UT),2002,DROWNING(OTHER),144,0,0,0,131,14,145
DELHI(UT),2002,ELECTROCUTION,135,9,1,10,112,29,141
DELHI(UT),2002,EXPLOSION(BOMB EXPLOSION),2,1,0,1,0,0,0
DELHI(UT),2002,EXPLOSION(OTHER EXPLOSION LIKE BOILERS, GAS CYLINDER ETC.),16,29,7,36,21,3,24
DELHI(UT),2002,FALLS(FALL FROM HEIGHT),224,18,1,19,200,36,236
DELHI(UT),2002,FALL INTO PIT/MANHOLE,25,0,0,0,20,7,27
DELHI(UT),2002,FACTORY/MACHINE ACCIDENTS,160,108,11,119,43,4,47
DELHI(UT),2002,FIRE(FIREWORKS/CRACKERS),4,2,0,2,2,0,2
DELHI(UT),2002,FIRE(SHORT-CIRCUIT),25,1,0,1,23,11,34
DELHI(UT),2002,GAS CYLINDER/STOVE BURST,144,7,6,13,41,109,150
DELHI(UT),2002,OTHER FIRE ACCIDENTS,332,14,15,29,112,236,348
DELHI(UT),2002,FIRE-ARMS,55,16,2,18,24,13,37
DELHI(UT),2002,SUDDEN DEATHS(HEART ATTACKS),207,0,1,1,188,18,206
DELHI(UT),2002,EPILEPTIC FITS/GIDDINESS,27,1,1,2,22,3,25
DELHI(UT),2002,ABORTIONS/CHILD BIRTH,23,0,1,1,0,22,22
DELHI(UT),2002,INFLUENCE OF ALCOHOL,98,1,0,1,98,0,98
DELHI(UT),2002,KILLED BY ANIMALS,5,0,0,0,4,1,5
DELHI(UT),2002,MINES OR QUARY DISASTER,0,0,0,0,0,0,0
DELHI(UT),2002,FOOD POISIONING/ACCIDENTAL INTAKE OF INSECTICIDES ETC.,111,3,1,4,76,31,107
DELHI(UT),2002,SPURIOUS/POISIONOUS LIQUOR,36,18,0,18,18,0,18
DELHI(UT),2002,LEAKAGE OF POISINOUS GASES ETC.,0,0,0,0,0,0,0
DELHI(UT),2002,SNAKE BITE/ANIMAL BITE,9,1,0,1,8,0,8
DELHI(UT),2002,OTHER,65,6,0,6,42,19,61
DELHI(UT),2002,STAMPEDE,1,0,1,1,0,1,1
DELHI(UT),2002,SUFFOCATION,4,0,0,0,3,1,4
DELHI(UT),2002,TRAFFIC ACCIDENTS(ROAD ACCIDENTS),8710,6977,913,7890,1576,192,1768
DELHI(UT),2002,TRAFFIC ACCIDENTS(RAIL-ROAD ACCIDENTS),7,0,0,0,6,1,7
DELHI(UT),2002,OTHER RAILWAY ACCIDENTS,818,15,0,15,721,82,803
DELHI(UT),2002,OTHER,217,6,0,6,183,53,236
DELHI(UT),2002,CAUSES NOT KNOWN,583,15,3,18,578,100,678
DELHI(UT),2002,TOTAL,12227,7271,969,8240,4294,997,5291
DELHI(UT),2002,TOTAL COLLAPSE,40,23,5,28,42,11,53
DELHI(UT),2002,TOTAL DROWNING,144,0,0,0,131,14,145
DELHI(UT),2002,TOTAL EXPLOSION,18,30,7,37,21,3,24
DELHI(UT),2002,TOTAL FALLS,249,18,1,19,220,43,263
DELHI(UT),2002,TOTAL FIRE,505,24,21,45,178,356,534
DELHI(UT),2002,TOTAL SUDDEN DEATHS,355,2,3,5,308,43,351
DELHI(UT),2002,TOTAL POISONING,221,28,1,29,144,50,194
DELHI(UT),2002,TOTAL TRAFFIC ACCIDENTS,9535,6992,913,7905,2303,275,2578
DELHI(UT),2003,AIR-CRASH,0,0,0,0,0,0,0
DELHI(UT),2003,COLLAPSE OF STRUCTURE(HOUSE),8,0,0,0,10,3,13
DELHI(UT),2003,COLLAPSE OF STRUCTURE(BUILDING),13,16,2,18,14,1,15
DELHI(UT),2003,COLLAPSE OF STRUCTURE(DAM),0,0,0,0,0,0,0
DELHI(UT),2003,COLLAPSE OF STRUCTURE(BRIDGE),0,0,0,0,0,0,0
DELHI(UT),2003,COLLAPSE OF STRUCTURE(OTHERS),22,16,3,19,14,3,17
DELHI(UT),2003,DROWNING(BOAT CAPSIZE),0,0,0,0,0,0,0
DELHI(UT),2003,DROWNING(OTHER),148,0,0,0,132,18,150
DELHI(UT),2003,ELECTROCUTION,194,8,2,10,174,23,197
DELHI(UT),2003,EXPLOSION(BOMB EXPLOSION),0,0,0,0,0,0,0
DELHI(UT),2003,EXPLOSION(OTHER EXPLOSION LIKE BOILERS,,8,5,0,5,3,2,5
DELHI(UT),2003,FALLS(FALL FROM HEIGHT),233,5,0,5,191,46,237
DELHI(UT),2003,FALL INTO PIT/MANHOLE,74,1,0,1,67,10,77
DELHI(UT),2003,FACTORY/MACHINE ACCIDENTS,94,66,0,66,40,2,42
DELHI(UT),2003,FIRE(FIREWORKS/CRACKERS),2,1,0,1,0,1,1
DELHI(UT),2003,FIRE(SHORT-CIRCUIT),42,1,0,1,30,12,42
DELHI(UT),2003,GAS CYLINDER/STOVE BURST,153,6,5,11,40,117,157
DELHI(UT),2003,OTHER FIRE ACCIDENTS,206,5,1,6,95,126,221
DELHI(UT),2003,FIRE-ARMS,38,18,1,19,19,8,27
DELHI(UT),2003,SUDDEN DEATHS(HEART ATTACKS),193,0,0,0,178,15,193
DELHI(UT),2003,EPILEPTIC FITS/GIDDINESS,19,0,0,0,14,5,19
DELHI(UT),2003,ABORTIONS/CHILD BIRTH,11,0,0,0,0,11,11
DELHI(UT),2003,INFLUENCE OF ALCOHOL,64,0,0,0,62,2,64
DELHI(UT),2003,KILLED BY ANIMALS,4,0,0,0,2,2,4
DELHI(UT),2003,MINES OR QUARY DISASTER,0,0,0,0,0,0,0
DELHI(UT),2003,FOOD POISIONING/ACCIDENTAL INTAKE OF INSECTICIDES ETC.,74,18,0,18,57,21,78
DELHI(UT),2003,SPURIOUS/POISIONOUS LIQUOR,5,0,0,0,1,4,5
DELHI(UT),2003,LEAKAGE OF POISINOUS GASES ETC.,1,1,2,3,1,0,1
DELHI(UT),2003,SNAKE BITE/ANIMAL BITE,8,0,0,0,5,3,8
DELHI(UT),2003,OTHER,118,0,0,0,68,50,118
DELHI(UT),2003,STAMPEDE,1,0,0,0,1,0,1
DELHI(UT),2003,SUFFOCATION,9,1,0,1,8,1,9
DELHI(UT),2003,TRAFFIC ACCIDENTS(ROAD ACCIDENTS),8869,6892,942,7834,1711,205,1916
DELHI(UT),2003,TRAFFIC ACCIDENTS(RAIL-ROAD ACCIDENTS),3,1,0,1,4,0,4
DELHI(UT),2003,OTHER RAILWAY ACCIDENTS,807,0,0,0,707,111,818
DELHI(UT),2003,OTHER,652,17,3,20,484,176,660
DELHI(UT),2003,CAUSES NOT KNOWN,287,0,0,0,244,47,291
DELHI(UT),2003,TOTAL,12360,7078,961,8039,4376,1025,5401
DELHI(UT),2003,TOTAL COLLAPSE,43,32,5,37,38,7,45
DELHI(UT),2003,TOTAL DROWNING,148,0,0,0,132,18,150
DELHI(UT),2003,TOTAL EXPLOSION,8,5,0,5,3,2,5
DELHI(UT),2003,TOTAL FALLS,307,6,0,6,258,56,314
DELHI(UT),2003,TOTAL FIRE,403,13,6,19,165,256,421
DELHI(UT),2003,TOTAL SUDDEN DEATHS,287,0,0,0,254,33,287
DELHI(UT),2003,TOTAL POISONING,206,19,2,21,132,78,210
DELHI(UT),2003,TOTAL TRAFFIC ACCIDENTS,9679,6893,942,7835,2422,316,2738
DELHI(UT),2004,AIR-CRASH,0,0,0,0,0,0,0
DELHI(UT),2004,COLLAPSE OF STRUCTURE(HOUSE),10,8,1,9,17,5,22
DELHI(UT),2004,COLLAPSE OF STRUCTURE(BUILDING),8,2,1,3,7,1,8
DELHI(UT),2004,COLLAPSE OF STRUCTURE(DAM),0,0,0,0,0,0,0
DELHI(UT),2004,COLLAPSE OF STRUCTURE(BRIDGE),0,0,0,0,0,0,0
DELHI(UT),2004,COLLAPSE OF STRUCTURE(OTHERS),22,19,0,19,23,1,24
DELHI(UT),2004,DROWNING(BOAT CAPSIZE),0,0,0,0,0,0,0
DELHI(UT),2004,DROWNING(OTHER),95,2,0,2,84,12,96
DELHI(UT),2004,ELECTROCUTION,151,8,0,8,135,18,153
DELHI(UT),2004,EXPLOSION(BOMB EXPLOSION),0,0,0,0,0,0,0
DELHI(UT),2004,EXPLOSION(OTHER EXPLOSION LIKE BOILERS,,8,7,9,16,5,4,9
DELHI(UT),2004,FALLS(FALL FROM HEIGHT),261,9,1,10,221,42,263
DELHI(UT),2004,FALL INTO PIT/MANHOLE,27,0,0,0,29,4,33
DELHI(UT),2004,FACTORY/MACHINE ACCIDENTS,142,102,0,102,61,3,64
DELHI(UT),2004,FIRE(FIREWORKS/CRACKERS),4,2,0,2,3,0,3
DELHI(UT),2004,FIRE(SHORT-CIRCUIT),39,4,0,4,31,7,38
DELHI(UT),2004,GAS CYLINDER/STOVE BURST,130,7,0,7,30,103,133
DELHI(UT),2004,OTHER FIRE ACCIDENTS,255,19,0,19,132,143,275
DELHI(UT),2004,FIRE-ARMS,52,20,3,23,26,5,31
DELHI(UT),2004,SUDDEN DEATHS(HEART ATTACKS),174,1,2,3,155,18,173
DELHI(UT),2004,EPILEPTIC FITS/GIDDINESS,21,0,0,0,19,2,21
DELHI(UT),2004,ABORTIONS/CHILD BIRTH,17,0,0,0,0,17,17
DELHI(UT),2004,INFLUENCE OF ALCOHOL,85,0,0,0,85,1,86
DELHI(UT),2004,KILLED BY ANIMALS,6,0,0,0,3,3,6
DELHI(UT),2004,MINES OR QUARY DISASTER,0,0,0,0,0,0,0
DELHI(UT),2004,FOOD POISIONING/ACCIDENTAL INTAKE OF INSECTICIDES ETC.,80,37,58,95,54,25,79
DELHI(UT),2004,SPURIOUS/POISIONOUS LIQUOR,6,0,0,0,5,1,6
DELHI(UT),2004,LEAKAGE OF POISINOUS GASES ETC.,2,3,4,7,1,1,2
DELHI(UT),2004,SNAKE BITE/ANIMAL BITE,14,0,0,0,12,2,14
DELHI(UT),2004,OTHER,127,0,0,0,85,53,138
DELHI(UT),2004,STAMPEDE,3,7,3,10,0,7,7
DELHI(UT),2004,SUFFOCATION,6,0,0,0,5,1,6
DELHI(UT),2004,TRAFFIC ACCIDENTS(ROAD ACCIDENTS),9110,7139,947,8086,1746,215,1961
DELHI(UT),2004,TRAFFIC ACCIDENTS(RAIL-ROAD ACCIDENTS),7,0,0,0,7,0,7
DELHI(UT),2004,OTHER RAILWAY ACCIDENTS,761,0,0,0,675,86,761
DELHI(UT),2004,OTHER,1103,9,3,12,839,251,1090
DELHI(UT),2004,CAUSES NOT KNOWN,602,2,1,3,468,150,618
DELHI(UT),2004,TOTAL,13328,7407,1033,8440,4963,1181,6144
DELHI(UT),2004,TOTAL COLLAPSE,40,29,2,31,47,7,54
DELHI(UT),2004,TOTAL DROWNING,95,2,0,2,84,12,96
DELHI(UT),2004,TOTAL EXPLOSION,8,7,9,16,5,4,9
DELHI(UT),2004,TOTAL FALLS,288,9,1,10,250,46,296
DELHI(UT),2004,TOTAL FIRE,428,32,0,32,196,253,449
DELHI(UT),2004,TOTAL SUDDEN DEATHS,297,1,2,3,259,38,297
DELHI(UT),2004,TOTAL POISONING,229,40,62,102,157,82,239
DELHI(UT),2004,TOTAL TRAFFIC ACCIDENTS,9878,7139,947,8086,2428,301,2729
DELHI(UT),2005,AIR-CRASH,0,0,0,0,0,0,0
DELHI(UT),2005,COLLAPSE OF STRUCTURE(HOUSE),15,26,3,29,11,2,13
DELHI(UT),2005,COLLAPSE OF STRUCTURE(BUILDING),14,13,2,15,13,6,19
DELHI(UT),2005,COLLAPSE OF STRUCTURE(DAM),0,0,0,0,0,0,0
DELHI(UT),2005,COLLAPSE OF STRUCTURE(BRIDGE),0,0,0,0,0,0,0
DELHI(UT),2005,COLLAPSE OF STRUCTURE(OTHERS),36,31,3,34,33,7,40
DELHI(UT),2005,DROWNING(BOAT CAPSIZE),0,0,0,0,0,0,0
DELHI(UT),2005,DROWNING(OTHER),145,1,0,1,130,20,150
DELHI(UT),2005,ELECTROCUTION,168,5,1,6,156,15,171
DELHI(UT),2005,EXPLOSION(BOMB EXPLOSION),7,187,92,279,34,31,65
DELHI(UT),2005,EXPLOSION(OTHER EXPLOSION LIKE BOILERS,,15,8,2,10,7,5,12
DELHI(UT),2005,FALLS(FALL FROM HEIGHT),307,26,0,26,238,63,301
DELHI(UT),2005,FALL INTO PIT/MANHOLE,15,2,0,2,13,2,15
DELHI(UT),2005,FACTORY/MACHINE ACCIDENTS,167,134,8,142,33,1,34
DELHI(UT),2005,FIRE(FIREWORKS/CRACKERS),6,0,0,0,6,0,6
DELHI(UT),2005,FIRE(SHORT-CIRCUIT),57,6,0,6,54,19,73
DELHI(UT),2005,GAS CYLINDER/STOVE BURST,117,18,1,19,31,95,126
DELHI(UT),2005,OTHER FIRE ACCIDENTS,185,17,4,21,74,111,185
DELHI(UT),2005,FIRE-ARMS,38,16,3,19,21,4,25
DELHI(UT),2005,SUDDEN DEATHS(HEART ATTACKS),218,0,0,0,197,21,218
DELHI(UT),2005,EPILEPTIC FITS/GIDDINESS,38,0,0,0,37,4,41
DELHI(UT),2005,ABORTIONS/CHILD BIRTH,22,0,0,0,0,22,22
DELHI(UT),2005,INFLUENCE OF ALCOHOL,71,0,0,0,74,1,75
DELHI(UT),2005,KILLED BY ANIMALS,6,0,0,0,5,1,6
DELHI(UT),2005,MINES OR QUARY DISASTER,1,1,0,1,1,0,1
DELHI(UT),2005,FOOD POISIONING/ACCIDENTAL INTAKE OF INSECTICIDES ETC.,71,0,11,11,45,28,73
DELHI(UT),2005,SPURIOUS/POISIONOUS LIQUOR,3,0,0,0,1,2,3
DELHI(UT),2005,LEAKAGE OF POISINOUS GASES ETC.,2,0,0,0,2,0,2
DELHI(UT),2005,SNAKE BITE/ANIMAL BITE,7,0,0,0,4,3,7
DELHI(UT),2005,OTHER,135,0,0,0,90,47,137
DELHI(UT),2005,STAMPEDE,0,0,0,0,0,0,0
DELHI(UT),2005,SUFFOCATION,2,0,0,0,1,1,2
DELHI(UT),2005,TRAFFIC ACCIDENTS(ROAD ACCIDENTS),9580,8003,991,8994,1801,222,2023
DELHI(UT),2005,TRAFFIC ACCIDENTS(RAIL-ROAD ACCIDENTS),0,0,0,0,0,0,0
DELHI(UT),2005,OTHER RAILWAY ACCIDENTS,807,0,0,0,710,97,807
DELHI(UT),2005,OTHER,754,15,2,17,584,188,772
DELHI(UT),2005,CAUSES NOT KNOWN,581,0,0,0,603,118,721
DELHI(UT),2005,TOTAL,13590,8509,1123,9632,5009,1136,6145
DELHI(UT),2005,TOTAL COLLAPSE,65,70,8,78,57,15,72
DELHI(UT),2005,TOTAL DROWNING,145,1,0,1,130,20,150
DELHI(UT),2005,TOTAL EXPLOSION,22,195,94,289,41,36,77
DELHI(UT),2005,TOTAL FALLS,322,28,0,28,251,65,316
DELHI(UT),2005,TOTAL FIRE,365,41,5,46,165,225,390
DELHI(UT),2005,TOTAL SUDDEN DEATHS,349,0,0,0,308,48,356
DELHI(UT),2005,TOTAL POISONING,218,0,11,11,142,80,222
DELHI(UT),2005,TOTAL TRAFFIC ACCIDENTS,10387,8003,991,8994,2511,319,2830
DELHI(UT),2006,AIR-CRASH,0,0,0,0,0,0,0
DELHI(UT),2006,COLLAPSE OF STRUCTURE(HOUSE),17,10,3,13,10,2,12
DELHI(UT),2006,COLLAPSE OF STRUCTURE(BUILDING),12,43,6,49,10,3,13
DELHI(UT),2006,COLLAPSE OF STRUCTURE(DAM),0,0,0,0,0,0,0
DELHI(UT),2006,COLLAPSE OF STRUCTURE(BRIDGE),0,0,0,0,0,0,0
DELHI(UT),2006,COLLAPSE OF STRUCTURE(OTHERS),31,21,5,26,15,9,24
DELHI(UT),2006,DROWNING(BOAT CAPSIZE),4,0,0,0,3,1,4
DELHI(UT),2006,DROWNING(OTHER),171,0,0,0,152,26,178
DELHI(UT),2006,ELECTROCUTION,134,5,1,6,114,18,132
DELHI(UT),2006,EXPLOSION(BOMB EXPLOSION),1,13,2,15,0,0,0
DELHI(UT),2006,EXPLOSION(OTHER EXPLOSION LIKE BOIL,19,11,0,11,16,1,17
DELHI(UT),2006,FALLS(FALL FROM HEIGHT),332,17,2,19,266,66,332
DELHI(UT),2006,FALL INTO PIT/MANHOLE,10,1,0,1,10,3,13
DELHI(UT),2006,FACTORY/MACHINE ACCIDENTS,214,178,2,180,55,4,59
DELHI(UT),2006,FIRE(FIREWORKS/CRACKERS),7,3,0,3,6,1,7
DELHI(UT),2006,FIRE(SHORT-CIRCUIT),68,4,4,8,50,16,66
DELHI(UT),2006,GAS CYLINDER/STOVE BURST,101,13,5,18,33,80,113
DELHI(UT),2006,OTHER FIRE ACCIDENTS,263,12,4,16,128,153,281
DELHI(UT),2006,FIRE-ARMS,24,11,1,12,15,3,18
DELHI(UT),2006,SUDDEN DEATHS(HEART ATTACKS),181,0,0,0,162,19,181
DELHI(UT),2006,EPILEPTIC FITS/GIDDINESS,15,0,0,0,14,1,15
DELHI(UT),2006,ABORTIONS/CHILD BIRTH,29,0,0,0,0,29,29
DELHI(UT),2006,INFLUENCE OF ALCOHOL,84,1,0,1,82,1,83
DELHI(UT),2006,KILLED BY ANIMALS,9,1,0,1,5,4,9
DELHI(UT),2006,MINES OR QUARY DISASTER,0,0,0,0,0,0,0
DELHI(UT),2006,FOOD POISIONING/ACCIDENTAL INTAKE OF INSECTICIDES ETC.,99,1,0,1,75,28,103
DELHI(UT),2006,SPURIOUS/POISIONOUS LIQUOR,0,0,0,0,0,0,0
DELHI(UT),2006,LEAKAGE OF POISINOUS GASES ETC.,1,0,0,0,1,0,1
DELHI(UT),2006,SNAKE BITE/ANIMAL BITE,7,0,0,0,6,1,7
DELHI(UT),2006,OTHER,119,0,0,0,80,41,121
DELHI(UT),2006,STAMPEDE,2,2,0,2,0,0,0
DELHI(UT),2006,SUFFOCATION,7,0,0,0,7,1,8
DELHI(UT),2006,TRAFFIC ACCIDENTS(ROAD ACCIDENTS),9699,7840,924,8764,1970,197,2167
DELHI(UT),2006,TRAFFIC ACCIDENTS(RAIL-ROAD ACCIDENTS),1,0,0,0,1,0,1
DELHI(UT),2006,OTHER RAILWAY ACCIDENTS,924,61,11,72,744,109,853
DELHI(UT),2006,OTHER,808,29,9,38,534,212,746
DELHI(UT),2006,CAUSES NOT KNOWN,438,3,0,3,402,87,489
DELHI(UT),2006,TOTAL,13831,8280,979,9259,4966,1116,6082
DELHI(UT),2006,TOTAL COLLAPSE,60,74,14,88,35,14,49
DELHI(UT),2006,TOTAL DROWNING,175,0,0,0,155,27,182
DELHI(UT),2006,TOTAL EXPLOSION,20,24,2,26,16,1,17
DELHI(UT),2006,TOTAL FALLS,342,18,2,20,276,69,345
DELHI(UT),2006,TOTAL FIRE,439,32,13,45,217,250,467
DELHI(UT),2006,TOTAL SUDDEN DEATHS,309,1,0,1,258,50,308
DELHI(UT),2006,TOTAL POISONING,226,1,0,1,162,70,232
DELHI(UT),2006,TOTAL TRAFFIC ACCIDENTS,10624,7901,935,8836,2715,306,3021
DELHI(UT),2007,AIR-CRASH,0,0,0,0,0,0,0
DELHI(UT),2007,COLLAPSE OF STRUCTURE(HOUSE),18,5,2,7,15,2,17
DELHI(UT),2007,COLLAPSE OF STRUCTURE(BUILDING),15,28,9,37,19,9,28
DELHI(UT),2007,COLLAPSE OF STRUCTURE(DAM),0,0,0,0,0,0,0
DELHI(UT),2007,COLLAPSE OF STRUCTURE(BRIDGE),0,0,0,0,0,0,0
DELHI(UT),2007,COLLAPSE OF STRUCTURE(OTHERS),38,31,10,41,33,8,41
DELHI(UT),2007,DROWNING(BOAT CAPSIZE),0,0,0,0,0,0,0
DELHI(UT),2007,DROWNING(OTHER),167,3,0,3,165,14,179
DELHI(UT),2007,ELECTROCUTION,127,16,1,17,102,18,120
DELHI(UT),2007,EXPLOSION(BOMB EXPLOSION),0,0,0,0,0,0,0
DELHI(UT),2007,EXPLOSION(OTHER EXPLOSION LIKE BOIL,9,27,5,32,7,0,7
DELHI(UT),2007,FALLS(FALL FROM HEIGHT),291,26,8,34,252,61,313
DELHI(UT),2007,FALL INTO PIT/MANHOLE,46,5,0,5,43,3,46
DELHI(UT),2007,FACTORY/MACHINE ACCIDENTS,225,195,11,206,33,1,34
DELHI(UT),2007,FIRE(FIREWORKS/CRACKERS),5,2,0,2,1,1,2
DELHI(UT),2007,FIRE(SHORT-CIRCUIT),32,4,0,4,23,7,30
DELHI(UT),2007,GAS CYLINDER/STOVE BURST,76,14,6,20,39,56,95
DELHI(UT),2007,OTHER FIRE ACCIDENTS,240,26,4,30,106,129,235
DELHI(UT),2007,FIRE-ARMS,39,18,3,21,19,2,21
DELHI(UT),2007,SUDDEN DEATHS(HEART ATTACKS),163,10,1,11,171,20,191
DELHI(UT),2007,EPILEPTIC FITS/GIDDINESS,10,2,0,2,10,1,11
DELHI(UT),2007,ABORTIONS/CHILD BIRTH,19,0,0,0,0,19,19
DELHI(UT),2007,INFLUENCE OF ALCOHOL,95,0,0,0,109,0,109
DELHI(UT),2007,KILLED BY ANIMALS,6,3,0,3,3,0,3
DELHI(UT),2007,MINES OR QUARY DISASTER,0,0,0,0,0,0,0
DELHI(UT),2007,FOOD POISIONING/ACCIDENTAL INTAKE OF INSECTICIDES ETC.,70,0,0,0,42,28,70
DELHI(UT),2007,SPURIOUS/POISIONOUS LIQUOR,18,0,0,0,12,6,18
DELHI(UT),2007,LEAKAGE OF POISINOUS GASES ETC.,1,0,0,0,4,0,4
DELHI(UT),2007,SNAKE BITE/ANIMAL BITE,13,0,0,0,13,1,14
DELHI(UT),2007,OTHER,173,0,0,0,128,63,191
DELHI(UT),2007,STAMPEDE,0,0,0,0,0,0,0
DELHI(UT),2007,SUFFOCATION,2,0,0,0,2,0,2
DELHI(UT),2007,TRAFFIC ACCIDENTS(ROAD ACCIDENTS),10528,7586,894,8480,1921,201,2122
DELHI(UT),2007,TRAFFIC ACCIDENTS(RAIL-ROAD ACCIDENTS),2,0,0,0,2,0,2
DELHI(UT),2007,OTHER RAILWAY ACCIDENTS,905,884,18,902,752,112,864
DELHI(UT),2007,OTHER,778,41,5,46,601,184,785
DELHI(UT),2007,CAUSES NOT KNOWN,683,38,3,41,536,198,734
DELHI(UT),2007,TOTAL,14794,8964,980,9944,5163,1144,6307
DELHI(UT),2007,TOTAL COLLAPSE,71,64,21,85,67,19,86
DELHI(UT),2007,TOTAL DROWNING,167,3,0,3,165,14,179
DELHI(UT),2007,TOTAL EXPLOSION,9,27,5,32,7,0,7
DELHI(UT),2007,TOTAL FALLS,337,31,8,39,295,64,359
DELHI(UT),2007,TOTAL FIRE,353,46,10,56,169,193,362
DELHI(UT),2007,TOTAL SUDDEN DEATHS,287,12,1,13,290,40,330
DELHI(UT),2007,TOTAL POISONING,275,0,0,0,199,98,297
DELHI(UT),2007,TOTAL TRAFFIC ACCIDENTS,11435,8470,912,9382,2675,313,2988
DELHI(UT),2008,AIR-CRASH,0,0,0,0,0,0,0
DELHI(UT),2008,COLLAPSE OF STRUCTURE(HOUSE),30,50,20,70,20,7,27
DELHI(UT),2008,COLLAPSE OF STRUCTURE(BUILDING),20,23,5,28,6,2,8
DELHI(UT),2008,COLLAPSE OF STRUCTURE(DAM),0,0,0,0,0,0,0
DELHI(UT),2008,COLLAPSE OF STRUCTURE(BRIDGE),1,12,0,12,1,0,1
DELHI(UT),2008,COLLAPSE OF STRUCTURE(OTHERS),54,17,5,22,29,10,39
DELHI(UT),2008,DROWNING(BOAT CAPSIZE),2,0,0,0,1,1,2
DELHI(UT),2008,DROWNING(OTHER),122,0,0,0,121,13,134
DELHI(UT),2008,ELECTROCUTION,184,11,0,11,150,34,184
DELHI(UT),2008,EXPLOSION(BOMB EXPLOSION),4,122,26,148,23,6,29
DELHI(UT),2008,EXPLOSION(OTHER EXPLOSION LIKE BOIL,11,5,1,6,7,6,13
DELHI(UT),2008,FALLS(FALL FROM HEIGHT),333,21,1,22,265,73,338
DELHI(UT),2008,FALL INTO PIT/MANHOLE,22,3,0,3,18,3,21
DELHI(UT),2008,FACTORY/MACHINE ACCIDENTS,196,149,7,156,51,2,53
DELHI(UT),2008,FIRE(FIREWORKS/CRACKERS),1,1,0,1,0,0,0
DELHI(UT),2008,FIRE(SHORT-CIRCUIT),34,1,0,1,35,7,42
DELHI(UT),2008,GAS CYLINDER/STOVE BURST,77,12,0,12,19,62,81
DELHI(UT),2008,OTHER FIRE ACCIDENTS,222,20,4,24,105,128,233
DELHI(UT),2008,FIRE-ARMS,55,25,3,28,29,6,35
DELHI(UT),2008,SUDDEN DEATHS(HEART ATTACKS),207,2,0,2,190,17,207
DELHI(UT),2008,EPILEPTIC FITS/GIDDINESS,14,0,0,0,14,7,21
DELHI(UT),2008,ABORTIONS/CHILD BIRTH,16,0,0,0,0,16,16
DELHI(UT),2008,INFLUENCE OF ALCOHOL,108,0,0,0,111,2,113
DELHI(UT),2008,KILLED BY ANIMALS,2,0,0,0,2,0,2
DELHI(UT),2008,MINES OR QUARY DISASTER,0,0,0,0,0,0,0
DELHI(UT),2008,FOOD POISIONING/ACCIDENTAL INTAKE OF INSECTICIDES ETC.,52,4,4,8,32,21,53
DELHI(UT),2008,SPURIOUS/POISIONOUS LIQUOR,8,0,0,0,3,5,8
DELHI(UT),2008,LEAKAGE OF POISINOUS GASES ETC.,0,0,0,0,0,0,0
DELHI(UT),2008,SNAKE BITE/ANIMAL BITE,14,2,0,2,8,4,12
DELHI(UT),2008,OTHER,164,0,0,0,125,54,179
DELHI(UT),2008,STAMPEDE,0,0,0,0,0,0,0
DELHI(UT),2008,SUFFOCATION,9,1,0,1,11,4,15
DELHI(UT),2008,TRAFFIC ACCIDENTS(ROAD ACCIDENTS),8566,6775,826,7601,1884,214,2098
DELHI(UT),2008,TRAFFIC ACCIDENTS(RAIL-ROAD ACCIDENTS),1,0,0,0,1,0,1
DELHI(UT),2008,OTHER RAILWAY ACCIDENTS,1099,107,13,120,883,96,979
DELHI(UT),2008,OTHER,658,25,1,26,456,238,694
DELHI(UT),2008,CAUSES NOT KNOWN,511,4,0,4,421,92,513
DELHI(UT),2008,TOTAL,12797,7392,916,8308,5021,1130,6151
DELHI(UT),2008,TOTAL COLLAPSE,105,102,30,132,56,19,75
DELHI(UT),2008,TOTAL DROWNING,124,0,0,0,122,14,136
DELHI(UT),2008,TOTAL EXPLOSION,15,127,27,154,30,12,42
DELHI(UT),2008,TOTAL FALLS,355,24,1,25,283,76,359
DELHI(UT),2008,TOTAL FIRE,334,34,4,38,159,197,356
DELHI(UT),2008,TOTAL SUDDEN DEATHS,345,2,0,2,315,42,357
DELHI(UT),2008,TOTAL POISONING,238,6,4,10,168,84,252
DELHI(UT),2008,TOTAL TRAFFIC ACCIDENTS,9666,6882,839,7721,2768,310,3078
DELHI(UT),2009,AIR-CRASH,0,0,0,0,0,0,0
DELHI(UT),2009,COLLAPSE OF STRUCTURE(HOUSE),13,36,6,42,9,2,11
DELHI(UT),2009,COLLAPSE OF STRUCTURE(BUILDING),5,6,0,6,4,0,4
DELHI(UT),2009,COLLAPSE OF STRUCTURE(DAM),1,0,0,0,0,1,1
DELHI(UT),2009,COLLAPSE OF STRUCTURE(BRIDGE),1,13,0,13,7,0,7
DELHI(UT),2009,COLLAPSE OF STRUCTURE(OTHERS),33,39,8,47,20,3,23
DELHI(UT),2009,DROWNING(BOAT CAPSIZE),0,0,0,0,0,0,0
DELHI(UT),2009,DROWNING(OTHER),95,0,0,0,85,16,101
DELHI(UT),2009,ELECTROCUTION,169,16,0,16,145,18,163
DELHI(UT),2009,EXPLOSION(BOMB EXPLOSION),0,0,0,0,0,0,0
DELHI(UT),2009,EXPLOSION(OTHER EXPLOSION LIKE BOIL,16,33,0,33,21,5,26
DELHI(UT),2009,FALLS(FALL FROM HEIGHT),417,27,4,31,318,86,404
DELHI(UT),2009,FALL INTO PIT/MANHOLE,25,1,0,1,23,2,25
DELHI(UT),2009,FACTORY/MACHINE ACCIDENTS,204,168,2,170,60,2,62
DELHI(UT),2009,FIRE(FIREWORKS/CRACKERS),1,0,0,0,1,0,1
DELHI(UT),2009,FIRE(SHORT-CIRCUIT),55,5,0,5,48,9,57
DELHI(UT),2009,GAS CYLINDER/STOVE BURST,98,30,11,41,28,69,97
DELHI(UT),2009,OTHER FIRE ACCIDENTS,215,21,4,25,96,152,248
DELHI(UT),2009,FIRE-ARMS,81,45,2,47,39,7,46
DELHI(UT),2009,SUDDEN DEATHS(HEART ATTACKS),242,1,0,1,223,22,245
DELHI(UT),2009,EPILEPTIC FITS/GIDDINESS,27,0,0,0,21,6,27
DELHI(UT),2009,ABORTIONS/CHILD BIRTH,18,0,0,0,0,18,18
DELHI(UT),2009,INFLUENCE OF ALCOHOL,151,0,0,0,155,5,160
DELHI(UT),2009,KILLED BY ANIMALS,6,0,0,0,6,0,6
DELHI(UT),2009,MINES OR QUARY DISASTER,0,0,0,0,0,0,0
DELHI(UT),2009,FOOD POISIONING/ACCIDENTAL INTAKE OF INSECTICIDES ETC.,51,0,0,0,40,12,52
DELHI(UT),2009,SPURIOUS/POISIONOUS LIQUOR,24,1,0,1,22,1,23
DELHI(UT),2009,LEAKAGE OF POISINOUS GASES ETC.,1,0,0,0,0,1,1
DELHI(UT),2009,SNAKE BITE/ANIMAL BITE,6,0,0,0,3,3,6
DELHI(UT),2009,OTHER,166,4,0,4,112,55,167
DELHI(UT),2009,STAMPEDE,0,0,0,0,0,0,0
DELHI(UT),2009,SUFFOCATION,9,0,0,0,10,2,12
DELHI(UT),2009,TRAFFIC ACCIDENTS(ROAD ACCIDENTS),7614,5003,911,5914,1840,187,2027
DELHI(UT),2009,TRAFFIC ACCIDENTS(RAIL-ROAD ACCIDENTS),3,3,0,3,0,0,0
DELHI(UT),2009,OTHER RAILWAY ACCIDENTS,1331,354,26,380,852,99,951
DELHI(UT),2009,OTHER,1078,131,31,162,770,252,1022
DELHI(UT),2009,CAUSES NOT KNOWN,619,20,1,21,554,107,661
DELHI(UT),2009,TOTAL,12775,5957,1006,6963,5512,1142,6654
DELHI(UT),2009,TOTAL COLLAPSE,53,94,14,108,40,6,46
DELHI(UT),2009,TOTAL DROWNING,95,0,0,0,85,16,101
DELHI(UT),2009,TOTAL EXPLOSION,16,33,0,33,21,5,26
DELHI(UT),2009,TOTAL FALLS,442,28,4,32,341,88,429
DELHI(UT),2009,TOTAL FIRE,369,56,15,71,173,230,403
DELHI(UT),2009,TOTAL SUDDEN DEATHS,438,1,0,1,399,51,450
DELHI(UT),2009,TOTAL POISONING,248,5,0,5,177,72,249
DELHI(UT),2009,TOTAL TRAFFIC ACCIDENTS,8948,5360,937,6297,2692,286,2978
DELHI(UT),2010,AIR-CRASH,0,0,0,0,0,0,0
DELHI(UT),2010,COLLAPSE OF STRUCTURE(HOUSE),22,13,5,18,13,10,23
DELHI(UT),2010,COLLAPSE OF STRUCTURE(BUILDING),12,61,25,86,55,26,81
DELHI(UT),2010,COLLAPSE OF STRUCTURE(DAM),0,0,0,0,0,0,0
DELHI(UT),2010,COLLAPSE OF STRUCTURE(BRIDGE),1,2,0,2,1,0,1
DELHI(UT),2010,COLLAPSE OF STRUCTURE(OTHERS),44,19,8,27,30,8,38
DELHI(UT),2010,DROWNING(BOAT CAPSIZE),0,0,0,0,0,0,0
DELHI(UT),2010,DROWNING(OTHER),99,2,0,2,96,18,114
DELHI(UT),2010,ELECTROCUTION,192,19,0,19,164,27,191
DELHI(UT),2010,EXPLOSION(BOMB EXPLOSION),0,0,0,0,0,0,0
DELHI(UT),2010,EXPLOSION(OTHER EXPLOSION LIKE BOIL,17,41,5,46,4,3,7
DELHI(UT),2010,FALLS(FALL FROM HEIGHT),350,35,2,37,287,71,358
DELHI(UT),2010,FALL INTO PIT/MANHOLE,19,1,0,1,17,3,20
DELHI(UT),2010,FACTORY/MACHINE ACCIDENTS,148,100,4,104,46,2,48
DELHI(UT),2010,FIRE(FIREWORKS/CRACKERS),4,0,0,0,1,3,4
DELHI(UT),2010,FIRE(SHORT-CIRCUIT),44,4,0,4,39,6,45
DELHI(UT),2010,GAS CYLINDER/STOVE BURST,65,8,2,10,24,49,73
DELHI(UT),2010,OTHER FIRE ACCIDENTS,184,24,3,27,91,119,210
DELHI(UT),2010,FIRE-ARMS,94,53,5,58,43,5,48
DELHI(UT),2010,SUDDEN DEATHS(HEART ATTACKS),224,0,0,0,207,25,232
DELHI(UT),2010,EPILEPTIC FITS/GIDDINESS,20,0,0,0,17,3,20
DELHI(UT),2010,ABORTIONS/CHILD BIRTH,9,0,0,0,0,9,9
DELHI(UT),2010,INFLUENCE OF ALCOHOL,123,0,0,0,124,1,125
DELHI(UT),2010,KILLED BY ANIMALS,5,1,0,1,2,2,4
DELHI(UT),2010,MINES OR QUARY DISASTER,0,0,0,0,0,0,0
DELHI(UT),2010,FOOD POISIONING/ACCIDENTAL INTAKE OF INSECTICIDES ETC.,56,0,0,0,42,17,59
DELHI(UT),2010,SPURIOUS/POISIONOUS LIQUOR,20,1,0,1,10,9,19
DELHI(UT),2010,LEAKAGE OF POISINOUS GASES ETC.,0,0,0,0,0,0,0
DELHI(UT),2010,SNAKE BITE/ANIMAL BITE,18,0,0,0,16,4,20
DELHI(UT),2010,OTHER,151,7,4,11,118,45,163
DELHI(UT),2010,STAMPEDE,1,4,4,8,1,1,2
DELHI(UT),2010,SUFFOCATION,11,0,0,0,13,0,13
DELHI(UT),2010,TRAFFIC ACCIDENTS(ROAD ACCIDENTS),7220,5652,915,6567,1964,206,2170
DELHI(UT),2010,TRAFFIC ACCIDENTS(RAIL-ROAD ACCIDENTS),3,0,0,0,3,0,3
DELHI(UT),2010,OTHER RAILWAY ACCIDENTS,1492,390,30,420,971,101,1072
DELHI(UT),2010,OTHER,953,135,10,145,731,213,944
DELHI(UT),2010,CAUSES NOT KNOWN,943,13,5,18,715,252,967
DELHI(UT),2010,TOTAL,12544,6585,1027,7612,5845,1238,7083
DELHI(UT),2010,TOTAL COLLAPSE,79,95,38,133,99,44,143
DELHI(UT),2010,TOTAL DROWNING,99,2,0,2,96,18,114
DELHI(UT),2010,TOTAL EXPLOSION,17,41,5,46,4,3,7
DELHI(UT),2010,TOTAL FALLS,369,36,2,38,304,74,378
DELHI(UT),2010,TOTAL FIRE,297,36,5,41,155,177,332
DELHI(UT),2010,TOTAL SUDDEN DEATHS,376,0,0,0,348,38,386
DELHI(UT),2010,TOTAL POISONING,245,8,4,12,186,75,261
DELHI(UT),2010,TOTAL TRAFFIC ACCIDENTS,8715,6042,945,6987,2938,307,3245
DELHI(UT),2011,AIR-CRASH,0,0,0,0,0,0,0
DELHI(UT),2011,COLLAPSE OF STRUCTURE(HOUSE),23,34,11,45,10,5,15
DELHI(UT),2011,COLLAPSE OF STRUCTURE(BUILDING),10,24,5,29,14,6,20
DELHI(UT),2011,COLLAPSE OF STRUCTURE(DAM),0,0,0,0,0,0,0
DELHI(UT),2011,COLLAPSE OF STRUCTURE(BRIDGE),0,0,0,0,0,0,0
DELHI(UT),2011,COLLAPSE OF STRUCTURE(OTHERS),49,31,9,40,31,4,35
DELHI(UT),2011,DROWNING(BOAT CAPSIZE),0,0,0,0,0,0,0
DELHI(UT),2011,DROWNING(OTHER),182,0,0,0,169,27,196
DELHI(UT),2011,ELECTROCUTION,161,28,0,28,128,20,148
DELHI(UT),2011,EXPLOSION(BOMB EXPLOSION),2,73,4,77,14,1,15
DELHI(UT),2011,EXPLOSION(OTHER EXPLOSION LIKE BOIL,21,16,2,18,20,2,22
DELHI(UT),2011,FALLS(FALL FROM HEIGHT),428,33,3,36,361,94,455
DELHI(UT),2011,FALL INTO PIT/MANHOLE,22,6,2,8,18,2,20
DELHI(UT),2011,FACTORY/MACHINE ACCIDENTS,189,163,3,166,49,2,51
DELHI(UT),2011,FIRE(FIREWORKS/CRACKERS),10,1,0,1,4,5,9
DELHI(UT),2011,FIRE(SHORT-CIRCUIT),38,8,1,9,31,4,35
DELHI(UT),2011,GAS CYLINDER/STOVE BURST,93,14,2,16,30,74,104
DELHI(UT),2011,OTHER FIRE ACCIDENTS,155,59,2,61,85,76,161
DELHI(UT),2011,FIRE-ARMS,55,21,1,22,35,6,41
DELHI(UT),2011,SUDDEN DEATHS(HEART ATTACKS),263,0,0,0,252,24,276
DELHI(UT),2011,EPILEPTIC FITS/GIDDINESS,24,0,0,0,26,1,27
DELHI(UT),2011,ABORTIONS/CHILD BIRTH,27,0,0,0,0,30,30
DELHI(UT),2011,INFLUENCE OF ALCOHOL,143,0,0,0,151,0,151
DELHI(UT),2011,KILLED BY ANIMALS,3,0,0,0,2,1,3
DELHI(UT),2011,MINES OR QUARY DISASTER,0,0,0,0,0,0,0
DELHI(UT),2011,FOOD POISIONING/ACCIDENTAL INTAKE OF INSECTICIDES ETC.,69,0,10,10,43,16,59
DELHI(UT),2011,SPURIOUS/POISIONOUS LIQUOR,27,6,0,6,14,7,21
DELHI(UT),2011,LEAKAGE OF POISINOUS GASES ETC.,2,0,0,0,1,1,2
DELHI(UT),2011,SNAKE BITE/ANIMAL BITE,20,2,0,2,11,7,18
DELHI(UT),2011,OTHER,137,14,0,14,95,48,143
DELHI(UT),2011,STAMPEDE,0,0,0,0,0,0,0
DELHI(UT),2011,SUFFOCATION,13,0,0,0,8,5,13
DELHI(UT),2011,TRAFFIC ACCIDENTS(ROAD ACCIDENTS),7280,5835,1035,6870,1879,228,2107
DELHI(UT),2011,TRAFFIC ACCIDENTS(RAIL-ROAD ACCIDENTS),7,0,0,0,7,1,8
DELHI(UT),2011,OTHER RAILWAY ACCIDENTS,1409,355,37,392,915,102,1017
DELHI(UT),2011,OTHER,1286,165,16,181,908,270,1178
DELHI(UT),2011,CAUSES NOT KNOWN,1075,21,0,21,897,253,1150
DELHI(UT),2011,TOTAL,13223,6909,1143,8052,6208,1322,7530
DELHI(UT),2011,TOTAL COLLAPSE,82,89,25,114,55,15,70
DELHI(UT),2011,TOTAL DROWNING,182,0,0,0,169,27,196
DELHI(UT),2011,TOTAL EXPLOSION,23,89,6,95,34,3,37
DELHI(UT),2011,TOTAL FALLS,450,39,5,44,379,96,475
DELHI(UT),2011,TOTAL FIRE,296,82,5,87,150,159,309
DELHI(UT),2011,TOTAL SUDDEN DEATHS,457,0,0,0,429,55,484
DELHI(UT),2011,TOTAL POISONING,255,22,10,32,164,79,243
DELHI(UT),2011,TOTAL TRAFFIC ACCIDENTS,8696,6190,1072,7262,2801,331,3132
DELHI(UT),2012,AIR-CRASH,0,0,0,0,0,0,0
DELHI(UT),2012,COLLAPSE OF STRUCTURE(HOUSE),25,20,6,26,14,2,16
DELHI(UT),2012,COLLAPSE OF STRUCTURE(BUILDING),26,23,8,31,18,4,22
DELHI(UT),2012,COLLAPSE OF STRUCTURE(DAM),0,0,0,0,0,0,0
DELHI(UT),2012,COLLAPSE OF STRUCTURE(BRIDGE),0,0,0,0,0,0,0
DELHI(UT),2012,COLLAPSE OF STRUCTURE(OTHERS),26,10,0,10,20,9,29
DELHI(UT),2012,DROWNING(BOAT CAPSIZE),0,0,0,0,0,0,0
DELHI(UT),2012,DROWNING(OTHER),152,0,0,0,124,28,152
DELHI(UT),2012,ELECTROCUTION,156,7,1,8,134,19,153
DELHI(UT),2012,EXPLOSION(BOMB EXPLOSION),0,0,0,0,0,0,0
DELHI(UT),2012,EXPLOSION(OTHER EXPLOSION LIKE BOIL,23,26,2,28,10,9,19
DELHI(UT),2012,FALLS(FALL FROM HEIGHT),435,43,2,45,319,93,412
DELHI(UT),2012,FALL INTO PIT/MANHOLE,14,1,0,1,12,2,14
DELHI(UT),2012,FACTORY/MACHINE ACCIDENTS,193,158,4,162,36,0,36
DELHI(UT),2012,FIRE(FIREWORKS/CRACKERS),2,3,0,3,1,0,1
DELHI(UT),2012,FIRE(SHORT-CIRCUIT),49,14,2,16,40,5,45
DELHI(UT),2012,GAS CYLINDER/STOVE BURST,68,27,8,35,21,46,67
DELHI(UT),2012,OTHER FIRE ACCIDENTS,127,10,4,14,56,67,123
DELHI(UT),2012,FIRE-ARMS,62,31,3,34,32,7,39
DELHI(UT),2012,SUDDEN DEATHS(HEART ATTACKS),231,0,0,0,204,29,233
DELHI(UT),2012,EPILEPTIC FITS/GIDDINESS,25,0,0,0,22,3,25
DELHI(UT),2012,ABORTIONS/CHILD BIRTH,28,0,0,0,0,28,28
DELHI(UT),2012,INFLUENCE OF ALCOHOL,172,0,0,0,172,0,172
DELHI(UT),2012,KILLED BY ANIMALS,7,6,0,6,2,0,2
DELHI(UT),2012,MINES OR QUARY DISASTER,0,0,0,0,0,0,0
DELHI(UT),2012,FOOD POISIONING/ACCIDENTAL INTAKE OF INSECTICIDES ETC.,71,18,0,18,46,20,66
DELHI(UT),2012,SPURIOUS/POISIONOUS LIQUOR,5,0,0,0,5,0,5
DELHI(UT),2012,LEAKAGE OF POISINOUS GASES ETC.,2,7,0,7,2,1,3
DELHI(UT),2012,SNAKE BITE/ANIMAL BITE,8,0,0,0,5,3,8
DELHI(UT),2012,OTHER,140,9,1,10,79,51,130
DELHI(UT),2012,STAMPEDE,0,0,0,0,0,0,0
DELHI(UT),2012,SUFFOCATION,3,0,0,0,5,2,7
DELHI(UT),2012,TRAFFIC ACCIDENTS(ROAD ACCIDENTS),6937,5700,933,6633,1698,168,1866
DELHI(UT),2012,TRAFFIC ACCIDENTS(RAIL-ROAD ACCIDENTS),1,0,0,0,0,1,1
DELHI(UT),2012,OTHER RAILWAY ACCIDENTS,1258,241,26,267,897,94,991
DELHI(UT),2012,OTHER,1155,102,19,121,839,233,1072
DELHI(UT),2012,CAUSES NOT KNOWN,1220,26,12,38,917,266,1183
DELHI(UT),2012,TOTAL,12621,6482,1031,7513,5730,1190,6920
DELHI(UT),2012,TOTAL COLLAPSE,77,53,14,67,52,15,67
DELHI(UT),2012,TOTAL DROWNING,152,0,0,0,124,28,152
DELHI(UT),2012,TOTAL EXPLOSION,23,26,2,28,10,9,19
DELHI(UT),2012,TOTAL FALLS,449,44,2,46,331,95,426
DELHI(UT),2012,TOTAL FIRE,246,54,14,68,118,118,236
DELHI(UT),2012,TOTAL SUDDEN DEATHS,456,0,0,0,398,60,458
DELHI(UT),2012,TOTAL POISONING,226,34,1,35,137,75,212
DELHI(UT),2012,TOTAL TRAFFIC ACCIDENTS,8196,5941,959,6900,2595,263,2858
LAKSHADWEEP,2001,AIR-CRASH,0,0,0,0,0,0,0
LAKSHADWEEP,2001,COLLAPSE OF STRUCTURE(HOUSE),0,0,0,0,0,0,0
LAKSHADWEEP,2001,COLLAPSE OF STRUCTURE(BUILDING),0,0,0,0,0,0,0
LAKSHADWEEP,2001,COLLAPSE OF STRUCTURE(DAM),0,0,0,0,0,0,0
LAKSHADWEEP,2001,COLLAPSE OF STRUCTURE(BRIDGE),0,0,0,0,0,0,0
LAKSHADWEEP,2001,COLLAPSE OF STRUCTURE(OTHERS),0,0,0,0,0,0,0
LAKSHADWEEP,2001,DROWNING(BOAT CAPSIZE),0,0,0,0,0,0,0
LAKSHADWEEP,2001,DROWNING(OTHER),3,0,0,0,3,0,3
LAKSHADWEEP,2001,ELECTROCUTION,0,0,0,0,0,0,0
LAKSHADWEEP,2001,EXPLOSION(BOMB EXPLOSION),0,0,0,0,0,0,0
LAKSHADWEEP,2001,EXPLOSION(OTHER EXPLOSION LIKE BOILERS,,0,0,0,0,0,0,0
LAKSHADWEEP,2001,FALLS(FALL FROM HEIGHT),0,0,0,0,0,0,0
LAKSHADWEEP,2001,FALL INTO PIT/MANHOLE,0,0,0,0,0,0,0
LAKSHADWEEP,2001,FACTORY/MACHINE ACCIDENTS,0,0,0,0,0,0,0
LAKSHADWEEP,2001,FIRE(FIREWORKS/CRACKERS),0,0,0,0,0,0,0
LAKSHADWEEP,2001,FIRE(SHORT-CIRCUIT),0,0,0,0,0,0,0
LAKSHADWEEP,2001,GAS CYLINDER/STOVE BURST,0,0,0,0,0,0,0
LAKSHADWEEP,2001,OTHER FIRE ACCIDENTS,0,0,0,0,0,0,0
LAKSHADWEEP,2001,FIRE-ARMS,0,0,0,0,0,0,0
LAKSHADWEEP,2001,SUDDEN DEATHS(HEART ATTACKS),2,0,0,0,2,0,2
LAKSHADWEEP,2001,EPILEPTIC FITS/GIDDINESS,0,0,0,0,0,0,0
LAKSHADWEEP,2001,ABORTIONS/CHILD BIRTH,0,0,0,0,0,0,0
LAKSHADWEEP,2001,INFLUENCE OF ALCOHOL,0,0,0,0,0,0,0
LAKSHADWEEP,2001,KILLED BY ANIMALS,0,0,0,0,0,0,0
LAKSHADWEEP,2001,MINES OR QUARY DISASTER,0,0,0,0,0,0,0
LAKSHADWEEP,2001,FOOD POISIONING/ACCIDENTAL INTAKE OF INSECTICIDES ETC.,0,0,0,0,0,0,0
LAKSHADWEEP,2001,SPURIOUS/POISIONOUS LIQUOR,0,0,0,0,0,0,0
LAKSHADWEEP,2001,LEAKAGE OF POISINOUS GASES ETC.,0,0,0,0,0,0,0
LAKSHADWEEP,2001,SNAKE BITE/ANIMAL BITE,0,0,0,0,0,0,0
LAKSHADWEEP,2001,OTHER,0,0,0,0,0,0,0
LAKSHADWEEP,2001,STAMPEDE,0,0,0,0,0,0,0
LAKSHADWEEP,2001,SUFFOCATION,0,0,0,0,0,0,0
LAKSHADWEEP,2001,TRAFFIC ACCIDENTS(ROAD ACCIDENTS),6,6,3,9,1,0,1
LAKSHADWEEP,2001,TRAFFIC ACCIDENTS(RAIL-ROAD ACCIDENTS),0,0,0,0,0,0,0
LAKSHADWEEP,2001,OTHER RAILWAY ACCIDENTS,0,0,0,0,0,0,0
LAKSHADWEEP,2001,OTHER,1,0,0,0,0,2,2
LAKSHADWEEP,2001,CAUSES NOT KNOWN,0,0,0,0,0,0,0
LAKSHADWEEP,2001,TOTAL,12,6,3,9,6,2,8
LAKSHADWEEP,2001,TOTAL COLLAPSE,0,0,0,0,0,0,0
LAKSHADWEEP,2001,TOTAL DROWNING,3,0,0,0,3,0,3
LAKSHADWEEP,2001,TOTAL EXPLOSION,0,0,0,0,0,0,0
LAKSHADWEEP,2001,TOTAL FALLS,0,0,0,0,0,0,0
LAKSHADWEEP,2001,TOTAL FIRE,0,0,0,0,0,0,0
LAKSHADWEEP,2001,TOTAL SUDDEN DEATHS,2,0,0,0,2,0,2
LAKSHADWEEP,2001,TOTAL POISONING,0,0,0,0,0,0,0
LAKSHADWEEP,2001,TOTAL TRAFFIC ACCIDENTS,6,6,3,9,1,0,1
LAKSHADWEEP,2002,AIR-CRASH,0,0,0,0,0,0,0
LAKSHADWEEP,2002,COLLAPSE OF STRUCTURE(HOUSE),0,0,0,0,0,0,0
LAKSHADWEEP,2002,COLLAPSE OF STRUCTURE(BUILDING),0,0,0,0,0,0,0
LAKSHADWEEP,2002,COLLAPSE OF STRUCTURE(DAM),0,0,0,0,0,0,0
LAKSHADWEEP,2002,COLLAPSE OF STRUCTURE(BRIDGE),0,0,0,0,0,0,0
LAKSHADWEEP,2002,COLLAPSE OF STRUCTURE(OTHERS),0,0,0,0,0,0,0
LAKSHADWEEP,2002,DROWNING(BOAT CAPSIZE),0,0,0,0,0,0,0
LAKSHADWEEP,2002,DROWNING(OTHER),2,0,0,0,2,0,2
LAKSHADWEEP,2002,ELECTROCUTION,0,0,0,0,0,0,0
LAKSHADWEEP,2002,EXPLOSION(BOMB EXPLOSION),0,0,0,0,0,0,0
LAKSHADWEEP,2002,EXPLOSION(OTHER EXPLOSION LIKE BOILERS, GAS CYLINDER ETC.),0,0,0,0,0,0,0
LAKSHADWEEP,2002,FALLS(FALL FROM HEIGHT),0,0,0,0,0,0,0
LAKSHADWEEP,2002,FALL INTO PIT/MANHOLE,0,0,0,0,0,0,0
LAKSHADWEEP,2002,FACTORY/MACHINE ACCIDENTS,0,0,0,0,0,0,0
LAKSHADWEEP,2002,FIRE(FIREWORKS/CRACKERS),0,0,0,0,0,0,0
LAKSHADWEEP,2002,FIRE(SHORT-CIRCUIT),0,0,0,0,0,0,0
LAKSHADWEEP,2002,GAS CYLINDER/STOVE BURST,0,0,0,0,0,0,0
LAKSHADWEEP,2002,OTHER FIRE ACCIDENTS,1,0,0,0,0,1,1
LAKSHADWEEP,2002,FIRE-ARMS,0,0,0,0,0,0,0
LAKSHADWEEP,2002,SUDDEN DEATHS(HEART ATTACKS),0,0,0,0,0,0,0
LAKSHADWEEP,2002,EPILEPTIC FITS/GIDDINESS,0,0,0,0,0,0,0
LAKSHADWEEP,2002,ABORTIONS/CHILD BIRTH,0,0,0,0,0,0,0
LAKSHADWEEP,2002,INFLUENCE OF ALCOHOL,0,0,0,0,0,0,0
LAKSHADWEEP,2002,KILLED BY ANIMALS,0,0,0,0,0,0,0
LAKSHADWEEP,2002,MINES OR QUARY DISASTER,0,0,0,0,0,0,0
LAKSHADWEEP,2002,FOOD POISIONING/ACCIDENTAL INTAKE OF INSECTICIDES ETC.,0,0,0,0,0,0,0
LAKSHADWEEP,2002,SPURIOUS/POISIONOUS LIQUOR,0,0,0,0,0,0,0
LAKSHADWEEP,2002,LEAKAGE OF POISINOUS GASES ETC.,0,0,0,0,0,0,0
LAKSHADWEEP,2002,SNAKE BITE/ANIMAL BITE,0,0,0,0,0,0,0
LAKSHADWEEP,2002,OTHER,0,0,0,0,0,0,0
LAKSHADWEEP,2002,STAMPEDE,0,0,0,0,0,0,0
LAKSHADWEEP,2002,SUFFOCATION,0,0,0,0,0,0,0
LAKSHADWEEP,2002,TRAFFIC ACCIDENTS(ROAD ACCIDENTS),0,0,0,0,0,0,0
LAKSHADWEEP,2002,TRAFFIC ACCIDENTS(RAIL-ROAD ACCIDENTS),0,0,0,0,0,0,0
LAKSHADWEEP,2002,OTHER RAILWAY ACCIDENTS,0,0,0,0,0,0,0
LAKSHADWEEP,2002,OTHER,0,0,0,0,0,0,0
LAKSHADWEEP,2002,CAUSES NOT KNOWN,0,0,0,0,0,0,0
LAKSHADWEEP,2002,TOTAL,3,0,0,0,2,1,3
LAKSHADWEEP,2002,TOTAL COLLAPSE,0,0,0,0,0,0,0
LAKSHADWEEP,2002,TOTAL DROWNING,2,0,0,0,2,0,2
LAKSHADWEEP,2002,TOTAL EXPLOSION,0,0,0,0,0,0,0
LAKSHADWEEP,2002,TOTAL FALLS,0,0,0,0,0,0,0
LAKSHADWEEP,2002,TOTAL FIRE,1,0,0,0,0,1,1
LAKSHADWEEP,2002,TOTAL SUDDEN DEATHS,0,0,0,0,0,0,0
LAKSHADWEEP,2002,TOTAL POISONING,0,0,0,0,0,0,0
LAKSHADWEEP,2002,TOTAL TRAFFIC ACCIDENTS,0,0,0,0,0,0,0
LAKSHADWEEP,2003,AIR-CRASH,1,1,1,2,1,0,1
LAKSHADWEEP,2003,COLLAPSE OF STRUCTURE(HOUSE),0,0,0,0,0,0,0
LAKSHADWEEP,2003,COLLAPSE OF STRUCTURE(BUILDING),0,0,0,0,0,0,0
LAKSHADWEEP,2003,COLLAPSE OF STRUCTURE(DAM),0,0,0,0,0,0,0
LAKSHADWEEP,2003,COLLAPSE OF STRUCTURE(BRIDGE),0,0,0,0,0,0,0
LAKSHADWEEP,2003,COLLAPSE OF STRUCTURE(OTHERS),1,0,0,0,1,0,1
LAKSHADWEEP,2003,DROWNING(BOAT CAPSIZE),0,0,0,0,0,0,0
LAKSHADWEEP,2003,DROWNING(OTHER),0,0,0,0,0,0,0
LAKSHADWEEP,2003,ELECTROCUTION,0,0,0,0,0,0,0
LAKSHADWEEP,2003,EXPLOSION(BOMB EXPLOSION),0,0,0,0,0,0,0
LAKSHADWEEP,2003,EXPLOSION(OTHER EXPLOSION LIKE BOILERS,,0,0,0,0,0,0,0
LAKSHADWEEP,2003,FALLS(FALL FROM HEIGHT),0,0,0,0,0,0,0
LAKSHADWEEP,2003,FALL INTO PIT/MANHOLE,0,0,0,0,0,0,0
LAKSHADWEEP,2003,FACTORY/MACHINE ACCIDENTS,0,0,0,0,0,0,0
LAKSHADWEEP,2003,FIRE(FIREWORKS/CRACKERS),0,0,0,0,0,0,0
LAKSHADWEEP,2003,FIRE(SHORT-CIRCUIT),0,0,0,0,0,0,0
LAKSHADWEEP,2003,GAS CYLINDER/STOVE BURST,0,0,0,0,0,0,0
LAKSHADWEEP,2003,OTHER FIRE ACCIDENTS,0,0,0,0,0,0,0
LAKSHADWEEP,2003,FIRE-ARMS,0,0,0,0,0,0,0
LAKSHADWEEP,2003,SUDDEN DEATHS(HEART ATTACKS),0,0,0,0,0,0,0
LAKSHADWEEP,2003,EPILEPTIC FITS/GIDDINESS,0,0,0,0,0,0,0
LAKSHADWEEP,2003,ABORTIONS/CHILD BIRTH,0,0,0,0,0,0,0
LAKSHADWEEP,2003,INFLUENCE OF ALCOHOL,0,0,0,0,0,0,0
LAKSHADWEEP,2003,KILLED BY ANIMALS,0,0,0,0,0,0,0
LAKSHADWEEP,2003,MINES OR QUARY DISASTER,0,0,0,0,0,0,0
LAKSHADWEEP,2003,FOOD POISIONING/ACCIDENTAL INTAKE OF INSECTICIDES ETC.,0,0,0,0,0,0,0
LAKSHADWEEP,2003,SPURIOUS/POISIONOUS LIQUOR,0,0,0,0,0,0,0
LAKSHADWEEP,2003,LEAKAGE OF POISINOUS GASES ETC.,0,0,0,0,0,0,0
LAKSHADWEEP,2003,SNAKE BITE/ANIMAL BITE,0,0,0,0,0,0,0
LAKSHADWEEP,2003,OTHER,0,0,0,0,0,0,0
LAKSHADWEEP,2003,STAMPEDE,0,0,0,0,0,0,0
LAKSHADWEEP,2003,SUFFOCATION,0,0,0,0,0,0,0
LAKSHADWEEP,2003,TRAFFIC ACCIDENTS(ROAD ACCIDENTS),1,0,0,0,1,0,1
LAKSHADWEEP,2003,TRAFFIC ACCIDENTS(RAIL-ROAD ACCIDENTS),0,0,0,0,0,0,0
LAKSHADWEEP,2003,OTHER RAILWAY ACCIDENTS,0,0,0,0,0,0,0
LAKSHADWEEP,2003,OTHER,0,0,0,0,0,0,0
LAKSHADWEEP,2003,CAUSES NOT KNOWN,0,0,0,0,0,0,0
LAKSHADWEEP,2003,TOTAL,3,1,1,2,3,0,3
LAKSHADWEEP,2003,TOTAL COLLAPSE,1,0,0,0,1,0,1
LAKSHADWEEP,2003,TOTAL DROWNING,0,0,0,0,0,0,0
LAKSHADWEEP,2003,TOTAL EXPLOSION,0,0,0,0,0,0,0
LAKSHADWEEP,2003,TOTAL FALLS,0,0,0,0,0,0,0
LAKSHADWEEP,2003,TOTAL FIRE,0,0,0,0,0,0,0
LAKSHADWEEP,2003,TOTAL SUDDEN DEATHS,0,0,0,0,0,0,0
LAKSHADWEEP,2003,TOTAL POISONING,0,0,0,0,0,0,0
LAKSHADWEEP,2003,TOTAL TRAFFIC ACCIDENTS,1,0,0,0,1,0,1
LAKSHADWEEP,2004,AIR-CRASH,0,0,0,0,0,0,0
LAKSHADWEEP,2004,COLLAPSE OF STRUCTURE(HOUSE),0,0,0,0,0,0,0
LAKSHADWEEP,2004,COLLAPSE OF STRUCTURE(BUILDING),0,0,0,0,0,0,0
LAKSHADWEEP,2004,COLLAPSE OF STRUCTURE(DAM),0,0,0,0,0,0,0
LAKSHADWEEP,2004,COLLAPSE OF STRUCTURE(BRIDGE),0,0,0,0,0,0,0
LAKSHADWEEP,2004,COLLAPSE OF STRUCTURE(OTHERS),0,0,0,0,0,0,0
LAKSHADWEEP,2004,DROWNING(BOAT CAPSIZE),0,0,0,0,0,0,0
LAKSHADWEEP,2004,DROWNING(OTHER),0,0,0,0,0,0,0
LAKSHADWEEP,2004,ELECTROCUTION,0,0,0,0,0,0,0
LAKSHADWEEP,2004,EXPLOSION(BOMB EXPLOSION),0,0,0,0,0,0,0
LAKSHADWEEP,2004,EXPLOSION(OTHER EXPLOSION LIKE BOILERS,,0,0,0,0,0,0,0
LAKSHADWEEP,2004,FALLS(FALL FROM HEIGHT),0,0,0,0,0,0,0
LAKSHADWEEP,2004,FALL INTO PIT/MANHOLE,0,0,0,0,0,0,0
LAKSHADWEEP,2004,FACTORY/MACHINE ACCIDENTS,0,0,0,0,0,0,0
LAKSHADWEEP,2004,FIRE(FIREWORKS/CRACKERS),0,0,0,0,0,0,0
LAKSHADWEEP,2004,FIRE(SHORT-CIRCUIT),0,0,0,0,0,0,0
LAKSHADWEEP,2004,GAS CYLINDER/STOVE BURST,0,0,0,0,0,0,0
LAKSHADWEEP,2004,OTHER FIRE ACCIDENTS,0,0,0,0,0,0,0
LAKSHADWEEP,2004,FIRE-ARMS,0,0,0,0,0,0,0
LAKSHADWEEP,2004,SUDDEN DEATHS(HEART ATTACKS),0,0,0,0,0,0,0
LAKSHADWEEP,2004,EPILEPTIC FITS/GIDDINESS,0,0,0,0,0,0,0
LAKSHADWEEP,2004,ABORTIONS/CHILD BIRTH,0,0,0,0,0,0,0
LAKSHADWEEP,2004,INFLUENCE OF ALCOHOL,0,0,0,0,0,0,0
LAKSHADWEEP,2004,KILLED BY ANIMALS,0,0,0,0,0,0,0
LAKSHADWEEP,2004,MINES OR QUARY DISASTER,0,0,0,0,0,0,0
LAKSHADWEEP,2004,FOOD POISIONING/ACCIDENTAL INTAKE OF INSECTICIDES ETC.,0,0,0,0,0,0,0
LAKSHADWEEP,2004,SPURIOUS/POISIONOUS LIQUOR,0,0,0,0,0,0,0
LAKSHADWEEP,2004,LEAKAGE OF POISINOUS GASES ETC.,0,0,0,0,0,0,0
LAKSHADWEEP,2004,SNAKE BITE/ANIMAL BITE,0,0,0,0,0,0,0
LAKSHADWEEP,2004,OTHER,0,0,0,0,0,0,0
LAKSHADWEEP,2004,STAMPEDE,0,0,0,0,0,0,0
LAKSHADWEEP,2004,SUFFOCATION,0,0,0,0,0,0,0
LAKSHADWEEP,2004,TRAFFIC ACCIDENTS(ROAD ACCIDENTS),2,2,0,2,0,0,0
LAKSHADWEEP,2004,TRAFFIC ACCIDENTS(RAIL-ROAD ACCIDENTS),0,0,0,0,0,0,0
LAKSHADWEEP,2004,OTHER RAILWAY ACCIDENTS,0,0,0,0,0,0,0
LAKSHADWEEP,2004,OTHER,0,0,0,0,0,0,0
LAKSHADWEEP,2004,CAUSES NOT KNOWN,0,0,0,0,0,0,0
LAKSHADWEEP,2004,TOTAL,2,2,0,2,0,0,0
LAKSHADWEEP,2004,TOTAL COLLAPSE,0,0,0,0,0,0,0
LAKSHADWEEP,2004,TOTAL DROWNING,0,0,0,0,0,0,0
LAKSHADWEEP,2004,TOTAL EXPLOSION,0,0,0,0,0,0,0
LAKSHADWEEP,2004,TOTAL FALLS,0,0,0,0,0,0,0
LAKSHADWEEP,2004,TOTAL FIRE,0,0,0,0,0,0,0
LAKSHADWEEP,2004,TOTAL SUDDEN DEATHS,0,0,0,0,0,0,0
LAKSHADWEEP,2004,TOTAL POISONING,0,0,0,0,0,0,0
LAKSHADWEEP,2004,TOTAL TRAFFIC ACCIDENTS,2,2,0,2,0,0,0
LAKSHADWEEP,2005,AIR-CRASH,0,0,0,0,0,0,0
LAKSHADWEEP,2005,COLLAPSE OF STRUCTURE(HOUSE),0,0,0,0,0,0,0
LAKSHADWEEP,2005,COLLAPSE OF STRUCTURE(BUILDING),0,0,0,0,0,0,0
LAKSHADWEEP,2005,COLLAPSE OF STRUCTURE(DAM),0,0,0,0,0,0,0
LAKSHADWEEP,2005,COLLAPSE OF STRUCTURE(BRIDGE),0,0,0,0,0,0,0
LAKSHADWEEP,2005,COLLAPSE OF STRUCTURE(OTHERS),0,0,0,0,0,0,0
LAKSHADWEEP,2005,DROWNING(BOAT CAPSIZE),1,1,0,1,1,0,1
LAKSHADWEEP,2005,DROWNING(OTHER),2,0,0,0,1,1,2
LAKSHADWEEP,2005,ELECTROCUTION,0,0,0,0,0,0,0
LAKSHADWEEP,2005,EXPLOSION(BOMB EXPLOSION),0,0,0,0,0,0,0
LAKSHADWEEP,2005,EXPLOSION(OTHER EXPLOSION LIKE BOILERS,,0,0,0,0,0,0,0
LAKSHADWEEP,2005,FALLS(FALL FROM HEIGHT),0,0,0,0,0,0,0
LAKSHADWEEP,2005,FALL INTO PIT/MANHOLE,0,0,0,0,0,0,0
LAKSHADWEEP,2005,FACTORY/MACHINE ACCIDENTS,0,0,0,0,0,0,0
LAKSHADWEEP,2005,FIRE(FIREWORKS/CRACKERS),0,0,0,0,0,0,0
LAKSHADWEEP,2005,FIRE(SHORT-CIRCUIT),0,0,0,0,0,0,0
LAKSHADWEEP,2005,GAS CYLINDER/STOVE BURST,0,0,0,0,0,0,0
LAKSHADWEEP,2005,OTHER FIRE ACCIDENTS,0,0,0,0,0,0,0
LAKSHADWEEP,2005,FIRE-ARMS,0,0,0,0,0,0,0
LAKSHADWEEP,2005,SUDDEN DEATHS(HEART ATTACKS),0,0,0,0,0,0,0
LAKSHADWEEP,2005,EPILEPTIC FITS/GIDDINESS,0,0,0,0,0,0,0
LAKSHADWEEP,2005,ABORTIONS/CHILD BIRTH,0,0,0,0,0,0,0
LAKSHADWEEP,2005,INFLUENCE OF ALCOHOL,0,0,0,0,0,0,0
LAKSHADWEEP,2005,KILLED BY ANIMALS,0,0,0,0,0,0,0
LAKSHADWEEP,2005,MINES OR QUARY DISASTER,0,0,0,0,0,0,0
LAKSHADWEEP,2005,FOOD POISIONING/ACCIDENTAL INTAKE OF INSECTICIDES ETC.,0,0,0,0,0,0,0
LAKSHADWEEP,2005,SPURIOUS/POISIONOUS LIQUOR,0,0,0,0,0,0,0
LAKSHADWEEP,2005,LEAKAGE OF POISINOUS GASES ETC.,0,0,0,0,0,0,0
LAKSHADWEEP,2005,SNAKE BITE/ANIMAL BITE,0,0,0,0,0,0,0
LAKSHADWEEP,2005,OTHER,0,0,0,0,0,0,0
LAKSHADWEEP,2005,STAMPEDE,0,0,0,0,0,0,0
LAKSHADWEEP,2005,SUFFOCATION,0,0,0,0,0,0,0
LAKSHADWEEP,2005,TRAFFIC ACCIDENTS(ROAD ACCIDENTS),0,0,0,0,0,0,0
LAKSHADWEEP,2005,TRAFFIC ACCIDENTS(RAIL-ROAD ACCIDENTS),0,0,0,0,0,0,0
LAKSHADWEEP,2005,OTHER RAILWAY ACCIDENTS,0,0,0,0,0,0,0
LAKSHADWEEP,2005,OTHER,0,0,0,0,0,0,0
LAKSHADWEEP,2005,CAUSES NOT KNOWN,0,0,0,0,0,0,0
LAKSHADWEEP,2005,TOTAL,3,1,0,1,2,1,3
LAKSHADWEEP,2005,TOTAL COLLAPSE,0,0,0,0,0,0,0
LAKSHADWEEP,2005,TOTAL DROWNING,3,1,0,1,2,1,3
LAKSHADWEEP,2005,TOTAL EXPLOSION,0,0,0,0,0,0,0
LAKSHADWEEP,2005,TOTAL FALLS,0,0,0,0,0,0,0
LAKSHADWEEP,2005,TOTAL FIRE,0,0,0,0,0,0,0
LAKSHADWEEP,2005,TOTAL SUDDEN DEATHS,0,0,0,0,0,0,0
LAKSHADWEEP,2005,TOTAL POISONING,0,0,0,0,0,0,0
LAKSHADWEEP,2005,TOTAL TRAFFIC ACCIDENTS,0,0,0,0,0,0,0
LAKSHADWEEP,2006,AIR-CRASH,0,0,0,0,0,0,0
LAKSHADWEEP,2006,COLLAPSE OF STRUCTURE(HOUSE),0,0,0,0,0,0,0
LAKSHADWEEP,2006,COLLAPSE OF STRUCTURE(BUILDING),0,0,0,0,0,0,0
LAKSHADWEEP,2006,COLLAPSE OF STRUCTURE(DAM),0,0,0,0,0,0,0
LAKSHADWEEP,2006,COLLAPSE OF STRUCTURE(BRIDGE),0,0,0,0,0,0,0
LAKSHADWEEP,2006,COLLAPSE OF STRUCTURE(OTHERS),0,0,0,0,0,0,0
LAKSHADWEEP,2006,DROWNING(BOAT CAPSIZE),1,0,0,0,0,1,1
LAKSHADWEEP,2006,DROWNING(OTHER),3,0,0,0,2,1,3
LAKSHADWEEP,2006,ELECTROCUTION,1,0,0,0,1,0,1
LAKSHADWEEP,2006,EXPLOSION(BOMB EXPLOSION),0,0,0,0,0,0,0
LAKSHADWEEP,2006,EXPLOSION(OTHER EXPLOSION LIKE BOIL,0,0,0,0,0,0,0
LAKSHADWEEP,2006,FALLS(FALL FROM HEIGHT),0,0,0,0,0,0,0
LAKSHADWEEP,2006,FALL INTO PIT/MANHOLE,0,0,0,0,0,0,0
LAKSHADWEEP,2006,FACTORY/MACHINE ACCIDENTS,0,0,0,0,0,0,0
LAKSHADWEEP,2006,FIRE(FIREWORKS/CRACKERS),0,0,0,0,0,0,0
LAKSHADWEEP,2006,FIRE(SHORT-CIRCUIT),0,0,0,0,0,0,0
LAKSHADWEEP,2006,GAS CYLINDER/STOVE BURST,0,0,0,0,0,0,0
LAKSHADWEEP,2006,OTHER FIRE ACCIDENTS,0,0,0,0,0,0,0
LAKSHADWEEP,2006,FIRE-ARMS,0,0,0,0,0,0,0
LAKSHADWEEP,2006,SUDDEN DEATHS(HEART ATTACKS),0,0,0,0,0,0,0
LAKSHADWEEP,2006,EPILEPTIC FITS/GIDDINESS,0,0,0,0,0,0,0
LAKSHADWEEP,2006,ABORTIONS/CHILD BIRTH,0,0,0,0,0,0,0
LAKSHADWEEP,2006,INFLUENCE OF ALCOHOL,0,0,0,0,0,0,0
LAKSHADWEEP,2006,KILLED BY ANIMALS,0,0,0,0,0,0,0
LAKSHADWEEP,2006,MINES OR QUARY DISASTER,0,0,0,0,0,0,0
LAKSHADWEEP,2006,FOOD POISIONING/ACCIDENTAL INTAKE OF INSECTICIDES ETC.,0,0,0,0,0,0,0
LAKSHADWEEP,2006,SPURIOUS/POISIONOUS LIQUOR,0,0,0,0,0,0,0
LAKSHADWEEP,2006,LEAKAGE OF POISINOUS GASES ETC.,0,0,0,0,0,0,0
LAKSHADWEEP,2006,SNAKE BITE/ANIMAL BITE,0,0,0,0,0,0,0
LAKSHADWEEP,2006,OTHER,0,0,0,0,0,0,0
LAKSHADWEEP,2006,STAMPEDE,0,0,0,0,0,0,0
LAKSHADWEEP,2006,SUFFOCATION,0,0,0,0,0,0,0
LAKSHADWEEP,2006,TRAFFIC ACCIDENTS(ROAD ACCIDENTS),1,0,0,0,1,0,1
LAKSHADWEEP,2006,TRAFFIC ACCIDENTS(RAIL-ROAD ACCIDENTS),0,0,0,0,0,0,0
LAKSHADWEEP,2006,OTHER RAILWAY ACCIDENTS,0,0,0,0,0,0,0
LAKSHADWEEP,2006,OTHER,0,0,0,0,0,0,0
LAKSHADWEEP,2006,CAUSES NOT KNOWN,0,0,0,0,0,0,0
LAKSHADWEEP,2006,TOTAL,6,0,0,0,4,2,6
LAKSHADWEEP,2006,TOTAL COLLAPSE,0,0,0,0,0,0,0
LAKSHADWEEP,2006,TOTAL DROWNING,4,0,0,0,2,2,4
LAKSHADWEEP,2006,TOTAL EXPLOSION,0,0,0,0,0,0,0
LAKSHADWEEP,2006,TOTAL FALLS,0,0,0,0,0,0,0
LAKSHADWEEP,2006,TOTAL FIRE,0,0,0,0,0,0,0
LAKSHADWEEP,2006,TOTAL SUDDEN DEATHS,0,0,0,0,0,0,0
LAKSHADWEEP,2006,TOTAL POISONING,0,0,0,0,0,0,0
LAKSHADWEEP,2006,TOTAL TRAFFIC ACCIDENTS,1,0,0,0,1,0,1
LAKSHADWEEP,2007,AIR-CRASH,0,0,0,0,0,0,0
LAKSHADWEEP,2007,COLLAPSE OF STRUCTURE(HOUSE),0,0,0,0,0,0,0
LAKSHADWEEP,2007,COLLAPSE OF STRUCTURE(BUILDING),0,0,0,0,0,0,0
LAKSHADWEEP,2007,COLLAPSE OF STRUCTURE(DAM),0,0,0,0,0,0,0
LAKSHADWEEP,2007,COLLAPSE OF STRUCTURE(BRIDGE),0,0,0,0,0,0,0
LAKSHADWEEP,2007,COLLAPSE OF STRUCTURE(OTHERS),2,0,0,0,2,0,2
LAKSHADWEEP,2007,DROWNING(BOAT CAPSIZE),0,0,0,0,0,0,0
LAKSHADWEEP,2007,DROWNING(OTHER),0,0,0,0,0,0,0
LAKSHADWEEP,2007,ELECTROCUTION,0,0,0,0,0,0,0
LAKSHADWEEP,2007,EXPLOSION(BOMB EXPLOSION),0,0,0,0,0,0,0
LAKSHADWEEP,2007,EXPLOSION(OTHER EXPLOSION LIKE BOIL,0,0,0,0,0,0,0
LAKSHADWEEP,2007,FALLS(FALL FROM HEIGHT),0,0,0,0,0,0,0
LAKSHADWEEP,2007,FALL INTO PIT/MANHOLE,0,0,0,0,0,0,0
LAKSHADWEEP,2007,FACTORY/MACHINE ACCIDENTS,0,0,0,0,0,0,0
LAKSHADWEEP,2007,FIRE(FIREWORKS/CRACKERS),0,0,0,0,0,0,0
LAKSHADWEEP,2007,FIRE(SHORT-CIRCUIT),0,0,0,0,0,0,0
LAKSHADWEEP,2007,GAS CYLINDER/STOVE BURST,0,0,0,0,0,0,0
LAKSHADWEEP,2007,OTHER FIRE ACCIDENTS,0,0,0,0,0,0,0
LAKSHADWEEP,2007,FIRE-ARMS,0,0,0,0,0,0,0
LAKSHADWEEP,2007,SUDDEN DEATHS(HEART ATTACKS),1,0,0,0,1,0,1
LAKSHADWEEP,2007,EPILEPTIC FITS/GIDDINESS,0,0,0,0,0,0,0
LAKSHADWEEP,2007,ABORTIONS/CHILD BIRTH,0,0,0,0,0,0,0
LAKSHADWEEP,2007,INFLUENCE OF ALCOHOL,0,0,0,0,0,0,0
LAKSHADWEEP,2007,KILLED BY ANIMALS,0,0,0,0,0,0,0
LAKSHADWEEP,2007,MINES OR QUARY DISASTER,0,0,0,0,0,0,0
LAKSHADWEEP,2007,FOOD POISIONING/ACCIDENTAL INTAKE OF INSECTICIDES ETC.,0,0,0,0,0,0,0
LAKSHADWEEP,2007,SPURIOUS/POISIONOUS LIQUOR,0,0,0,0,0,0,0
LAKSHADWEEP,2007,LEAKAGE OF POISINOUS GASES ETC.,0,0,0,0,0,0,0
LAKSHADWEEP,2007,SNAKE BITE/ANIMAL BITE,0,0,0,0,0,0,0
LAKSHADWEEP,2007,OTHER,0,0,0,0,0,0,0
LAKSHADWEEP,2007,STAMPEDE,0,0,0,0,0,0,0
LAKSHADWEEP,2007,SUFFOCATION,0,0,0,0,0,0,0
LAKSHADWEEP,2007,TRAFFIC ACCIDENTS(ROAD ACCIDENTS),2,1,1,2,0,0,0
LAKSHADWEEP,2007,TRAFFIC ACCIDENTS(RAIL-ROAD ACCIDENTS),0,0,0,0,0,0,0
LAKSHADWEEP,2007,OTHER RAILWAY ACCIDENTS,0,0,0,0,0,0,0
LAKSHADWEEP,2007,OTHER,0,0,0,0,0,0,0
LAKSHADWEEP,2007,CAUSES NOT KNOWN,1,0,0,0,1,0,1
LAKSHADWEEP,2007,TOTAL,6,1,1,2,4,0,4
LAKSHADWEEP,2007,TOTAL COLLAPSE,2,0,0,0,2,0,2
LAKSHADWEEP,2007,TOTAL DROWNING,0,0,0,0,0,0,0
LAKSHADWEEP,2007,TOTAL EXPLOSION,0,0,0,0,0,0,0
LAKSHADWEEP,2007,TOTAL FALLS,0,0,0,0,0,0,0
LAKSHADWEEP,2007,TOTAL FIRE,0,0,0,0,0,0,0
LAKSHADWEEP,2007,TOTAL SUDDEN DEATHS,1,0,0,0,1,0,1
LAKSHADWEEP,2007,TOTAL POISONING,0,0,0,0,0,0,0
LAKSHADWEEP,2007,TOTAL TRAFFIC ACCIDENTS,2,1,1,2,0,0,0
LAKSHADWEEP,2008,AIR-CRASH,0,0,0,0,0,0,0
LAKSHADWEEP,2008,COLLAPSE OF STRUCTURE(HOUSE),0,0,0,0,0,0,0
LAKSHADWEEP,2008,COLLAPSE OF STRUCTURE(BUILDING),0,0,0,0,0,0,0
LAKSHADWEEP,2008,COLLAPSE OF STRUCTURE(DAM),0,0,0,0,0,0,0
LAKSHADWEEP,2008,COLLAPSE OF STRUCTURE(BRIDGE),0,0,0,0,0,0,0
LAKSHADWEEP,2008,COLLAPSE OF STRUCTURE(OTHERS),0,0,0,0,0,0,0
LAKSHADWEEP,2008,DROWNING(BOAT CAPSIZE),0,0,0,0,0,0,0
LAKSHADWEEP,2008,DROWNING(OTHER),1,0,0,0,1,0,1
LAKSHADWEEP,2008,ELECTROCUTION,0,0,0,0,0,0,0
LAKSHADWEEP,2008,EXPLOSION(BOMB EXPLOSION),0,0,0,0,0,0,0
LAKSHADWEEP,2008,EXPLOSION(OTHER EXPLOSION LIKE BOIL,0,0,0,0,0,0,0
LAKSHADWEEP,2008,FALLS(FALL FROM HEIGHT),0,0,0,0,0,0,0
LAKSHADWEEP,2008,FALL INTO PIT/MANHOLE,0,0,0,0,0,0,0
LAKSHADWEEP,2008,FACTORY/MACHINE ACCIDENTS,0,0,0,0,0,0,0
LAKSHADWEEP,2008,FIRE(FIREWORKS/CRACKERS),0,0,0,0,0,0,0
LAKSHADWEEP,2008,FIRE(SHORT-CIRCUIT),0,0,0,0,0,0,0
LAKSHADWEEP,2008,GAS CYLINDER/STOVE BURST,0,0,0,0,0,0,0
LAKSHADWEEP,2008,OTHER FIRE ACCIDENTS,2,0,0,0,2,0,2
LAKSHADWEEP,2008,FIRE-ARMS,0,0,0,0,0,0,0
LAKSHADWEEP,2008,SUDDEN DEATHS(HEART ATTACKS),0,0,0,0,0,0,0
LAKSHADWEEP,2008,EPILEPTIC FITS/GIDDINESS,0,0,0,0,0,0,0
LAKSHADWEEP,2008,ABORTIONS/CHILD BIRTH,0,0,0,0,0,0,0
LAKSHADWEEP,2008,INFLUENCE OF ALCOHOL,0,0,0,0,0,0,0
LAKSHADWEEP,2008,KILLED BY ANIMALS,0,0,0,0,0,0,0
LAKSHADWEEP,2008,MINES OR QUARY DISASTER,0,0,0,0,0,0,0
LAKSHADWEEP,2008,FOOD POISIONING/ACCIDENTAL INTAKE OF INSECTICIDES ETC.,0,0,0,0,0,0,0
LAKSHADWEEP,2008,SPURIOUS/POISIONOUS LIQUOR,0,0,0,0,0,0,0
LAKSHADWEEP,2008,LEAKAGE OF POISINOUS GASES ETC.,0,0,0,0,0,0,0
LAKSHADWEEP,2008,SNAKE BITE/ANIMAL BITE,0,0,0,0,0,0,0
LAKSHADWEEP,2008,OTHER,0,0,0,0,0,0,0
LAKSHADWEEP,2008,STAMPEDE,0,0,0,0,0,0,0
LAKSHADWEEP,2008,SUFFOCATION,0,0,0,0,0,0,0
LAKSHADWEEP,2008,TRAFFIC ACCIDENTS(ROAD ACCIDENTS),0,0,0,0,0,0,0
LAKSHADWEEP,2008,TRAFFIC ACCIDENTS(RAIL-ROAD ACCIDENTS),0,0,0,0,0,0,0
LAKSHADWEEP,2008,OTHER RAILWAY ACCIDENTS,0,0,0,0,0,0,0
LAKSHADWEEP,2008,OTHER,0,0,0,0,0,0,0
LAKSHADWEEP,2008,CAUSES NOT KNOWN,0,0,0,0,0,0,0
LAKSHADWEEP,2008,TOTAL,3,0,0,0,3,0,3
LAKSHADWEEP,2008,TOTAL COLLAPSE,0,0,0,0,0,0,0
LAKSHADWEEP,2008,TOTAL DROWNING,1,0,0,0,1,0,1
LAKSHADWEEP,2008,TOTAL EXPLOSION,0,0,0,0,0,0,0
LAKSHADWEEP,2008,TOTAL FALLS,0,0,0,0,0,0,0
LAKSHADWEEP,2008,TOTAL FIRE,2,0,0,0,2,0,2
LAKSHADWEEP,2008,TOTAL SUDDEN DEATHS,0,0,0,0,0,0,0
LAKSHADWEEP,2008,TOTAL POISONING,0,0,0,0,0,0,0
LAKSHADWEEP,2008,TOTAL TRAFFIC ACCIDENTS,0,0,0,0,0,0,0
LAKSHADWEEP,2009,AIR-CRASH,0,0,0,0,0,0,0
LAKSHADWEEP,2009,COLLAPSE OF STRUCTURE(HOUSE),0,0,0,0,0,0,0
LAKSHADWEEP,2009,COLLAPSE OF STRUCTURE(BUILDING),0,0,0,0,0,0,0
LAKSHADWEEP,2009,COLLAPSE OF STRUCTURE(DAM),0,0,0,0,0,0,0
LAKSHADWEEP,2009,COLLAPSE OF STRUCTURE(BRIDGE),0,0,0,0,0,0,0
LAKSHADWEEP,2009,COLLAPSE OF STRUCTURE(OTHERS),0,0,0,0,0,0,0
LAKSHADWEEP,2009,DROWNING(BOAT CAPSIZE),2,0,0,0,1,2,3
LAKSHADWEEP,2009,DROWNING(OTHER),2,0,0,0,2,0,2
LAKSHADWEEP,2009,ELECTROCUTION,0,0,0,0,0,0,0
LAKSHADWEEP,2009,EXPLOSION(BOMB EXPLOSION),0,0,0,0,0,0,0
LAKSHADWEEP,2009,EXPLOSION(OTHER EXPLOSION LIKE BOIL,0,0,0,0,0,0,0
LAKSHADWEEP,2009,FALLS(FALL FROM HEIGHT),0,0,0,0,0,0,0
LAKSHADWEEP,2009,FALL INTO PIT/MANHOLE,0,0,0,0,0,0,0
LAKSHADWEEP,2009,FACTORY/MACHINE ACCIDENTS,0,0,0,0,0,0,0
LAKSHADWEEP,2009,FIRE(FIREWORKS/CRACKERS),0,0,0,0,0,0,0
LAKSHADWEEP,2009,FIRE(SHORT-CIRCUIT),0,0,0,0,0,0,0
LAKSHADWEEP,2009,GAS CYLINDER/STOVE BURST,0,0,0,0,0,0,0
LAKSHADWEEP,2009,OTHER FIRE ACCIDENTS,1,0,0,0,0,1,1
LAKSHADWEEP,2009,FIRE-ARMS,0,0,0,0,0,0,0
LAKSHADWEEP,2009,SUDDEN DEATHS(HEART ATTACKS),0,0,0,0,0,0,0
LAKSHADWEEP,2009,EPILEPTIC FITS/GIDDINESS,0,0,0,0,0,0,0
LAKSHADWEEP,2009,ABORTIONS/CHILD BIRTH,0,0,0,0,0,0,0
LAKSHADWEEP,2009,INFLUENCE OF ALCOHOL,0,0,0,0,0,0,0
LAKSHADWEEP,2009,KILLED BY ANIMALS,0,0,0,0,0,0,0
LAKSHADWEEP,2009,MINES OR QUARY DISASTER,0,0,0,0,0,0,0
LAKSHADWEEP,2009,FOOD POISIONING/ACCIDENTAL INTAKE OF INSECTICIDES ETC.,0,0,0,0,0,0,0
LAKSHADWEEP,2009,SPURIOUS/POISIONOUS LIQUOR,0,0,0,0,0,0,0
LAKSHADWEEP,2009,LEAKAGE OF POISINOUS GASES ETC.,0,0,0,0,0,0,0
LAKSHADWEEP,2009,SNAKE BITE/ANIMAL BITE,0,0,0,0,0,0,0
LAKSHADWEEP,2009,OTHER,0,0,0,0,0,0,0
LAKSHADWEEP,2009,STAMPEDE,0,0,0,0,0,0,0
LAKSHADWEEP,2009,SUFFOCATION,0,0,0,0,0,0,0
LAKSHADWEEP,2009,TRAFFIC ACCIDENTS(ROAD ACCIDENTS),1,0,0,0,2,0,2
LAKSHADWEEP,2009,TRAFFIC ACCIDENTS(RAIL-ROAD ACCIDENTS),0,0,0,0,0,0,0
LAKSHADWEEP,2009,OTHER RAILWAY ACCIDENTS,0,0,0,0,0,0,0
LAKSHADWEEP,2009,OTHER,0,0,0,0,0,0,0
LAKSHADWEEP,2009,CAUSES NOT KNOWN,0,0,0,0,0,0,0
LAKSHADWEEP,2009,TOTAL,6,0,0,0,5,3,8
LAKSHADWEEP,2009,TOTAL COLLAPSE,0,0,0,0,0,0,0
LAKSHADWEEP,2009,TOTAL DROWNING,4,0,0,0,3,2,5
LAKSHADWEEP,2009,TOTAL EXPLOSION,0,0,0,0,0,0,0
LAKSHADWEEP,2009,TOTAL FALLS,0,0,0,0,0,0,0
LAKSHADWEEP,2009,TOTAL FIRE,1,0,0,0,0,1,1
LAKSHADWEEP,2009,TOTAL SUDDEN DEATHS,0,0,0,0,0,0,0
LAKSHADWEEP,2009,TOTAL POISONING,0,0,0,0,0,0,0
LAKSHADWEEP,2009,TOTAL TRAFFIC ACCIDENTS,1,0,0,0,2,0,2
LAKSHADWEEP,2010,AIR-CRASH,0,0,0,0,0,0,0
LAKSHADWEEP,2010,COLLAPSE OF STRUCTURE(HOUSE),0,0,0,0,0,0,0
LAKSHADWEEP,2010,COLLAPSE OF STRUCTURE(BUILDING),0,0,0,0,0,0,0
LAKSHADWEEP,2010,COLLAPSE OF STRUCTURE(DAM),0,0,0,0,0,0,0
LAKSHADWEEP,2010,COLLAPSE OF STRUCTURE(BRIDGE),0,0,0,0,0,0,0
LAKSHADWEEP,2010,COLLAPSE OF STRUCTURE(OTHERS),0,0,0,0,0,0,0
LAKSHADWEEP,2010,DROWNING(BOAT CAPSIZE),0,0,0,0,0,0,0
LAKSHADWEEP,2010,DROWNING(OTHER),0,0,0,0,0,0,0
LAKSHADWEEP,2010,ELECTROCUTION,0,0,0,0,0,0,0
LAKSHADWEEP,2010,EXPLOSION(BOMB EXPLOSION),0,0,0,0,0,0,0
LAKSHADWEEP,2010,EXPLOSION(OTHER EXPLOSION LIKE BOIL,0,0,0,0,0,0,0
LAKSHADWEEP,2010,FALLS(FALL FROM HEIGHT),0,0,0,0,0,0,0
LAKSHADWEEP,2010,FALL INTO PIT/MANHOLE,0,0,0,0,0,0,0
LAKSHADWEEP,2010,FACTORY/MACHINE ACCIDENTS,0,0,0,0,0,0,0
LAKSHADWEEP,2010,FIRE(FIREWORKS/CRACKERS),0,0,0,0,0,0,0
LAKSHADWEEP,2010,FIRE(SHORT-CIRCUIT),0,0,0,0,0,0,0
LAKSHADWEEP,2010,GAS CYLINDER/STOVE BURST,0,0,0,0,0,0,0
LAKSHADWEEP,2010,OTHER FIRE ACCIDENTS,0,0,0,0,0,0,0
LAKSHADWEEP,2010,FIRE-ARMS,0,0,0,0,0,0,0
LAKSHADWEEP,2010,SUDDEN DEATHS(HEART ATTACKS),2,0,0,0,2,0,2
LAKSHADWEEP,2010,EPILEPTIC FITS/GIDDINESS,0,0,0,0,0,0,0
LAKSHADWEEP,2010,ABORTIONS/CHILD BIRTH,0,0,0,0,0,0,0
LAKSHADWEEP,2010,INFLUENCE OF ALCOHOL,0,0,0,0,0,0,0
LAKSHADWEEP,2010,KILLED BY ANIMALS,0,0,0,0,0,0,0
LAKSHADWEEP,2010,MINES OR QUARY DISASTER,0,0,0,0,0,0,0
LAKSHADWEEP,2010,FOOD POISIONING/ACCIDENTAL INTAKE OF INSECTICIDES ETC.,0,0,0,0,0,0,0
LAKSHADWEEP,2010,SPURIOUS/POISIONOUS LIQUOR,0,0,0,0,0,0,0
LAKSHADWEEP,2010,LEAKAGE OF POISINOUS GASES ETC.,0,0,0,0,0,0,0
LAKSHADWEEP,2010,SNAKE BITE/ANIMAL BITE,0,0,0,0,0,0,0
LAKSHADWEEP,2010,OTHER,0,0,0,0,0,0,0
LAKSHADWEEP,2010,STAMPEDE,0,0,0,0,0,0,0
LAKSHADWEEP,2010,SUFFOCATION,0,0,0,0,0,0,0
LAKSHADWEEP,2010,TRAFFIC ACCIDENTS(ROAD ACCIDENTS),0,0,0,0,0,0,0
LAKSHADWEEP,2010,TRAFFIC ACCIDENTS(RAIL-ROAD ACCIDENTS),0,0,0,0,0,0,0
LAKSHADWEEP,2010,OTHER RAILWAY ACCIDENTS,0,0,0,0,0,0,0
LAKSHADWEEP,2010,OTHER,0,0,0,0,0,0,0
LAKSHADWEEP,2010,CAUSES NOT KNOWN,0,0,0,0,0,0,0
LAKSHADWEEP,2010,TOTAL,2,0,0,0,2,0,2
LAKSHADWEEP,2010,TOTAL COLLAPSE,0,0,0,0,0,0,0
LAKSHADWEEP,2010,TOTAL DROWNING,0,0,0,0,0,0,0
LAKSHADWEEP,2010,TOTAL EXPLOSION,0,0,0,0,0,0,0
LAKSHADWEEP,2010,TOTAL FALLS,0,0,0,0,0,0,0
LAKSHADWEEP,2010,TOTAL FIRE,0,0,0,0,0,0,0
LAKSHADWEEP,2010,TOTAL SUDDEN DEATHS,2,0,0,0,2,0,2
LAKSHADWEEP,2010,TOTAL POISONING,0,0,0,0,0,0,0
LAKSHADWEEP,2010,TOTAL TRAFFIC ACCIDENTS,0,0,0,0,0,0,0
LAKSHADWEEP,2011,AIR-CRASH,0,0,0,0,0,0,0
LAKSHADWEEP,2011,COLLAPSE OF STRUCTURE(HOUSE),0,0,0,0,0,0,0
LAKSHADWEEP,2011,COLLAPSE OF STRUCTURE(BUILDING),0,0,0,0,0,0,0
LAKSHADWEEP,2011,COLLAPSE OF STRUCTURE(DAM),0,0,0,0,0,0,0
LAKSHADWEEP,2011,COLLAPSE OF STRUCTURE(BRIDGE),0,0,0,0,0,0,0
LAKSHADWEEP,2011,COLLAPSE OF STRUCTURE(OTHERS),0,0,0,0,0,0,0
LAKSHADWEEP,2011,DROWNING(BOAT CAPSIZE),2,0,0,0,2,0,2
LAKSHADWEEP,2011,DROWNING(OTHER),3,0,0,0,3,0,3
LAKSHADWEEP,2011,ELECTROCUTION,0,0,0,0,0,0,0
LAKSHADWEEP,2011,EXPLOSION(BOMB EXPLOSION),0,0,0,0,0,0,0
LAKSHADWEEP,2011,EXPLOSION(OTHER EXPLOSION LIKE BOIL,0,0,0,0,0,0,0
LAKSHADWEEP,2011,FALLS(FALL FROM HEIGHT),1,0,0,0,1,0,1
LAKSHADWEEP,2011,FALL INTO PIT/MANHOLE,0,0,0,0,0,0,0
LAKSHADWEEP,2011,FACTORY/MACHINE ACCIDENTS,0,0,0,0,0,0,0
LAKSHADWEEP,2011,FIRE(FIREWORKS/CRACKERS),0,0,0,0,0,0,0
LAKSHADWEEP,2011,FIRE(SHORT-CIRCUIT),0,0,0,0,0,0,0
LAKSHADWEEP,2011,GAS CYLINDER/STOVE BURST,1,0,0,0,0,1,1
LAKSHADWEEP,2011,OTHER FIRE ACCIDENTS,0,0,0,0,0,0,0
LAKSHADWEEP,2011,FIRE-ARMS,0,0,0,0,0,0,0
LAKSHADWEEP,2011,SUDDEN DEATHS(HEART ATTACKS),0,0,0,0,0,0,0
LAKSHADWEEP,2011,EPILEPTIC FITS/GIDDINESS,0,0,0,0,0,0,0
LAKSHADWEEP,2011,ABORTIONS/CHILD BIRTH,0,0,0,0,0,0,0
LAKSHADWEEP,2011,INFLUENCE OF ALCOHOL,0,0,0,0,0,0,0
LAKSHADWEEP,2011,KILLED BY ANIMALS,0,0,0,0,0,0,0
LAKSHADWEEP,2011,MINES OR QUARY DISASTER,0,0,0,0,0,0,0
LAKSHADWEEP,2011,FOOD POISIONING/ACCIDENTAL INTAKE OF INSECTICIDES ETC.,0,0,0,0,0,0,0
LAKSHADWEEP,2011,SPURIOUS/POISIONOUS LIQUOR,0,0,0,0,0,0,0
LAKSHADWEEP,2011,LEAKAGE OF POISINOUS GASES ETC.,0,0,0,0,0,0,0
LAKSHADWEEP,2011,SNAKE BITE/ANIMAL BITE,0,0,0,0,0,0,0
LAKSHADWEEP,2011,OTHER,0,0,0,0,0,0,0
LAKSHADWEEP,2011,STAMPEDE,0,0,0,0,0,0,0
LAKSHADWEEP,2011,SUFFOCATION,0,0,0,0,0,0,0
LAKSHADWEEP,2011,TRAFFIC ACCIDENTS(ROAD ACCIDENTS),0,0,0,0,0,0,0
LAKSHADWEEP,2011,TRAFFIC ACCIDENTS(RAIL-ROAD ACCIDENTS),0,0,0,0,0,0,0
LAKSHADWEEP,2011,OTHER RAILWAY ACCIDENTS,0,0,0,0,0,0,0
LAKSHADWEEP,2011,OTHER,0,0,0,0,0,0,0
LAKSHADWEEP,2011,CAUSES NOT KNOWN,0,0,0,0,0,0,0
LAKSHADWEEP,2011,TOTAL,7,0,0,0,6,1,7
LAKSHADWEEP,2011,TOTAL COLLAPSE,0,0,0,0,0,0,0
LAKSHADWEEP,2011,TOTAL DROWNING,5,0,0,0,5,0,5
LAKSHADWEEP,2011,TOTAL EXPLOSION,0,0,0,0,0,0,0
LAKSHADWEEP,2011,TOTAL FALLS,1,0,0,0,1,0,1
LAKSHADWEEP,2011,TOTAL FIRE,1,0,0,0,0,1,1
LAKSHADWEEP,2011,TOTAL SUDDEN DEATHS,0,0,0,0,0,0,0
LAKSHADWEEP,2011,TOTAL POISONING,0,0,0,0,0,0,0
LAKSHADWEEP,2011,TOTAL TRAFFIC ACCIDENTS,0,0,0,0,0,0,0
LAKSHADWEEP,2012,AIR-CRASH,0,0,0,0,0,0,0
LAKSHADWEEP,2012,COLLAPSE OF STRUCTURE(HOUSE),0,0,0,0,0,0,0
LAKSHADWEEP,2012,COLLAPSE OF STRUCTURE(BUILDING),0,0,0,0,0,0,0
LAKSHADWEEP,2012,COLLAPSE OF STRUCTURE(DAM),0,0,0,0,0,0,0
LAKSHADWEEP,2012,COLLAPSE OF STRUCTURE(BRIDGE),0,0,0,0,0,0,0
LAKSHADWEEP,2012,COLLAPSE OF STRUCTURE(OTHERS),0,0,0,0,0,0,0
LAKSHADWEEP,2012,DROWNING(BOAT CAPSIZE),0,0,0,0,0,0,0
LAKSHADWEEP,2012,DROWNING(OTHER),1,0,0,0,2,0,2
LAKSHADWEEP,2012,ELECTROCUTION,0,0,0,0,0,0,0
LAKSHADWEEP,2012,EXPLOSION(BOMB EXPLOSION),0,0,0,0,0,0,0
LAKSHADWEEP,2012,EXPLOSION(OTHER EXPLOSION LIKE BOIL,0,0,0,0,0,0,0
LAKSHADWEEP,2012,FALLS(FALL FROM HEIGHT),0,0,0,0,0,0,0
LAKSHADWEEP,2012,FALL INTO PIT/MANHOLE,0,0,0,0,0,0,0
LAKSHADWEEP,2012,FACTORY/MACHINE ACCIDENTS,0,0,0,0,0,0,0
LAKSHADWEEP,2012,FIRE(FIREWORKS/CRACKERS),0,0,0,0,0,0,0
LAKSHADWEEP,2012,FIRE(SHORT-CIRCUIT),0,0,0,0,0,0,0
LAKSHADWEEP,2012,GAS CYLINDER/STOVE BURST,0,0,0,0,0,0,0
LAKSHADWEEP,2012,OTHER FIRE ACCIDENTS,0,0,0,0,0,0,0
LAKSHADWEEP,2012,FIRE-ARMS,0,0,0,0,0,0,0
LAKSHADWEEP,2012,SUDDEN DEATHS(HEART ATTACKS),3,0,0,0,0,3,3
LAKSHADWEEP,2012,EPILEPTIC FITS/GIDDINESS,0,0,0,0,0,0,0
LAKSHADWEEP,2012,ABORTIONS/CHILD BIRTH,0,0,0,0,0,0,0
LAKSHADWEEP,2012,INFLUENCE OF ALCOHOL,0,0,0,0,0,0,0
LAKSHADWEEP,2012,KILLED BY ANIMALS,0,0,0,0,0,0,0
LAKSHADWEEP,2012,MINES OR QUARY DISASTER,0,0,0,0,0,0,0
LAKSHADWEEP,2012,FOOD POISIONING/ACCIDENTAL INTAKE OF INSECTICIDES ETC.,0,0,0,0,0,0,0
LAKSHADWEEP,2012,SPURIOUS/POISIONOUS LIQUOR,0,0,0,0,0,0,0
LAKSHADWEEP,2012,LEAKAGE OF POISINOUS GASES ETC.,0,0,0,0,0,0,0
LAKSHADWEEP,2012,SNAKE BITE/ANIMAL BITE,0,0,0,0,0,0,0
LAKSHADWEEP,2012,OTHER,0,0,0,0,0,0,0
LAKSHADWEEP,2012,STAMPEDE,0,0,0,0,0,0,0
LAKSHADWEEP,2012,SUFFOCATION,0,0,0,0,0,0,0
LAKSHADWEEP,2012,TRAFFIC ACCIDENTS(ROAD ACCIDENTS),0,0,0,0,0,0,0
LAKSHADWEEP,2012,TRAFFIC ACCIDENTS(RAIL-ROAD ACCIDENTS),0,0,0,0,0,0,0
LAKSHADWEEP,2012,OTHER RAILWAY ACCIDENTS,0,0,0,0,0,0,0
LAKSHADWEEP,2012,OTHER,1,0,0,0,1,0,1
LAKSHADWEEP,2012,CAUSES NOT KNOWN,1,0,0,0,0,1,1
LAKSHADWEEP,2012,TOTAL,6,0,0,0,3,4,7
LAKSHADWEEP,2012,TOTAL COLLAPSE,0,0,0,0,0,0,0
LAKSHADWEEP,2012,TOTAL DROWNING,1,0,0,0,2,0,2
LAKSHADWEEP,2012,TOTAL EXPLOSION,0,0,0,0,0,0,0
LAKSHADWEEP,2012,TOTAL FALLS,0,0,0,0,0,0,0
LAKSHADWEEP,2012,TOTAL FIRE,0,0,0,0,0,0,0
LAKSHADWEEP,2012,TOTAL SUDDEN DEATHS,3,0,0,0,0,3,3
LAKSHADWEEP,2012,TOTAL POISONING,0,0,0,0,0,0,0
LAKSHADWEEP,2012,TOTAL TRAFFIC ACCIDENTS,0,0,0,0,0,0,0
PUDUCHERRY,2001,AIR-CRASH,0,0,0,0,0,0,0
PUDUCHERRY,2001,COLLAPSE OF STRUCTURE(HOUSE),2,0,0,0,2,0,2
PUDUCHERRY,2001,COLLAPSE OF STRUCTURE(BUILDING),0,0,0,0,0,0,0
PUDUCHERRY,2001,COLLAPSE OF STRUCTURE(DAM),0,0,0,0,0,0,0
PUDUCHERRY,2001,COLLAPSE OF STRUCTURE(BRIDGE),0,0,0,0,0,0,0
PUDUCHERRY,2001,COLLAPSE OF STRUCTURE(OTHERS),0,0,0,0,0,0,0
PUDUCHERRY,2001,DROWNING(BOAT CAPSIZE),2,0,0,0,2,0,2
PUDUCHERRY,2001,DROWNING(OTHER),64,0,0,0,49,16,65
PUDUCHERRY,2001,ELECTROCUTION,23,0,0,0,18,6,24
PUDUCHERRY,2001,EXPLOSION(BOMB EXPLOSION),0,0,0,0,0,0,0
PUDUCHERRY,2001,EXPLOSION(OTHER EXPLOSION LIKE BOILERS,,0,0,0,0,0,0,0
PUDUCHERRY,2001,FALLS(FALL FROM HEIGHT),34,0,0,0,30,4,34
PUDUCHERRY,2001,FALL INTO PIT/MANHOLE,1,0,0,0,1,0,1
PUDUCHERRY,2001,FACTORY/MACHINE ACCIDENTS,0,0,0,0,0,0,0
PUDUCHERRY,2001,FIRE(FIREWORKS/CRACKERS),1,0,0,0,1,0,1
PUDUCHERRY,2001,FIRE(SHORT-CIRCUIT),1,0,0,0,0,1,1
PUDUCHERRY,2001,GAS CYLINDER/STOVE BURST,0,0,0,0,0,0,0
PUDUCHERRY,2001,OTHER FIRE ACCIDENTS,46,0,0,0,9,43,52
PUDUCHERRY,2001,FIRE-ARMS,0,0,0,0,0,0,0
PUDUCHERRY,2001,SUDDEN DEATHS(HEART ATTACKS),84,0,0,0,70,14,84
PUDUCHERRY,2001,EPILEPTIC FITS/GIDDINESS,24,0,0,0,18,6,24
PUDUCHERRY,2001,ABORTIONS/CHILD BIRTH,2,0,0,0,0,2,2
PUDUCHERRY,2001,INFLUENCE OF ALCOHOL,118,0,0,0,117,1,118
PUDUCHERRY,2001,KILLED BY ANIMALS,0,0,0,0,0,0,0
PUDUCHERRY,2001,MINES OR QUARY DISASTER,0,0,0,0,0,0,0
PUDUCHERRY,2001,FOOD POISIONING/ACCIDENTAL INTAKE OF INSECTICIDES ETC.,6,0,0,0,3,3,6
PUDUCHERRY,2001,SPURIOUS/POISIONOUS LIQUOR,0,0,0,0,0,0,0
PUDUCHERRY,2001,LEAKAGE OF POISINOUS GASES ETC.,0,0,0,0,0,0,0
PUDUCHERRY,2001,SNAKE BITE/ANIMAL BITE,15,0,0,0,8,7,15
PUDUCHERRY,2001,OTHER,0,0,0,0,0,0,0
PUDUCHERRY,2001,STAMPEDE,0,0,0,0,0,0,0
PUDUCHERRY,2001,SUFFOCATION,0,0,0,0,0,0,0
PUDUCHERRY,2001,TRAFFIC ACCIDENTS(ROAD ACCIDENTS),1286,1109,272,1381,139,31,170
PUDUCHERRY,2001,TRAFFIC ACCIDENTS(RAIL-ROAD ACCIDENTS),0,0,0,0,0,0,0
PUDUCHERRY,2001,OTHER RAILWAY ACCIDENTS,1,0,0,0,1,0,1
PUDUCHERRY,2001,OTHER,0,0,0,0,0,0,0
PUDUCHERRY,2001,CAUSES NOT KNOWN,14,0,0,0,10,4,14
PUDUCHERRY,2001,TOTAL,1724,1109,272,1381,478,138,616
PUDUCHERRY,2001,TOTAL COLLAPSE,2,0,0,0,2,0,2
PUDUCHERRY,2001,TOTAL DROWNING,66,0,0,0,51,16,67
PUDUCHERRY,2001,TOTAL EXPLOSION,0,0,0,0,0,0,0
PUDUCHERRY,2001,TOTAL FALLS,35,0,0,0,31,4,35
PUDUCHERRY,2001,TOTAL FIRE,48,0,0,0,10,44,54
PUDUCHERRY,2001,TOTAL SUDDEN DEATHS,228,0,0,0,205,23,228
PUDUCHERRY,2001,TOTAL POISONING,21,0,0,0,11,10,21
PUDUCHERRY,2001,TOTAL TRAFFIC ACCIDENTS,1287,1109,272,1381,140,31,171
PUDUCHERRY,2002,AIR-CRASH,0,0,0,0,0,0,0
PUDUCHERRY,2002,COLLAPSE OF STRUCTURE(HOUSE),1,0,0,0,1,0,1
PUDUCHERRY,2002,COLLAPSE OF STRUCTURE(BUILDING),0,0,0,0,0,0,0
PUDUCHERRY,2002,COLLAPSE OF STRUCTURE(DAM),0,0,0,0,0,0,0
PUDUCHERRY,2002,COLLAPSE OF STRUCTURE(BRIDGE),0,0,0,0,0,0,0
PUDUCHERRY,2002,COLLAPSE OF STRUCTURE(OTHERS),3,0,0,0,2,1,3
PUDUCHERRY,2002,DROWNING(BOAT CAPSIZE),1,0,0,0,1,0,1
PUDUCHERRY,2002,DROWNING(OTHER),78,0,0,0,63,15,78
PUDUCHERRY,2002,ELECTROCUTION,17,0,0,0,14,3,17
PUDUCHERRY,2002,EXPLOSION(BOMB EXPLOSION),0,0,0,0,0,0,0
PUDUCHERRY,2002,EXPLOSION(OTHER EXPLOSION LIKE BOILERS, GAS CYLINDER ETC.),0,0,0,0,0,0,0
PUDUCHERRY,2002,FALLS(FALL FROM HEIGHT),41,0,0,0,35,6,41
PUDUCHERRY,2002,FALL INTO PIT/MANHOLE,0,0,0,0,0,0,0
PUDUCHERRY,2002,FACTORY/MACHINE ACCIDENTS,0,0,0,0,0,0,0
PUDUCHERRY,2002,FIRE(FIREWORKS/CRACKERS),0,0,0,0,0,0,0
PUDUCHERRY,2002,FIRE(SHORT-CIRCUIT),0,0,0,0,0,0,0
PUDUCHERRY,2002,GAS CYLINDER/STOVE BURST,1,0,0,0,1,0,1
PUDUCHERRY,2002,OTHER FIRE ACCIDENTS,36,0,0,0,4,33,37
PUDUCHERRY,2002,FIRE-ARMS,0,0,0,0,0,0,0
PUDUCHERRY,2002,SUDDEN DEATHS(HEART ATTACKS),64,0,0,0,58,6,64
PUDUCHERRY,2002,EPILEPTIC FITS/GIDDINESS,49,0,0,0,41,8,49
PUDUCHERRY,2002,ABORTIONS/CHILD BIRTH,1,0,0,0,0,1,1
PUDUCHERRY,2002,INFLUENCE OF ALCOHOL,100,0,0,0,100,0,100
PUDUCHERRY,2002,KILLED BY ANIMALS,0,0,0,0,0,0,0
PUDUCHERRY,2002,MINES OR QUARY DISASTER,0,0,0,0,0,0,0
PUDUCHERRY,2002,FOOD POISIONING/ACCIDENTAL INTAKE OF INSECTICIDES ETC.,9,0,0,0,1,8,9
PUDUCHERRY,2002,SPURIOUS/POISIONOUS LIQUOR,0,0,0,0,0,0,0
PUDUCHERRY,2002,LEAKAGE OF POISINOUS GASES ETC.,0,0,0,0,0,0,0
PUDUCHERRY,2002,SNAKE BITE/ANIMAL BITE,18,0,0,0,13,5,18
PUDUCHERRY,2002,OTHER,2,0,0,0,1,1,2
PUDUCHERRY,2002,STAMPEDE,0,0,0,0,0,0,0
PUDUCHERRY,2002,SUFFOCATION,0,0,0,0,0,0,0
PUDUCHERRY,2002,TRAFFIC ACCIDENTS(ROAD ACCIDENTS),1484,1261,310,1571,165,27,192
PUDUCHERRY,2002,TRAFFIC ACCIDENTS(RAIL-ROAD ACCIDENTS),0,0,0,0,0,0,0
PUDUCHERRY,2002,OTHER RAILWAY ACCIDENTS,1,0,0,0,0,1,1
PUDUCHERRY,2002,OTHER,5,0,0,0,4,1,5
PUDUCHERRY,2002,CAUSES NOT KNOWN,0,0,0,0,0,0,0
PUDUCHERRY,2002,TOTAL,1911,1261,310,1571,504,116,620
PUDUCHERRY,2002,TOTAL COLLAPSE,4,0,0,0,3,1,4
PUDUCHERRY,2002,TOTAL DROWNING,79,0,0,0,64,15,79
PUDUCHERRY,2002,TOTAL EXPLOSION,0,0,0,0,0,0,0
PUDUCHERRY,2002,TOTAL FALLS,41,0,0,0,35,6,41
PUDUCHERRY,2002,TOTAL FIRE,37,0,0,0,5,33,38
PUDUCHERRY,2002,TOTAL SUDDEN DEATHS,214,0,0,0,199,15,214
PUDUCHERRY,2002,TOTAL POISONING,29,0,0,0,15,14,29
PUDUCHERRY,2002,TOTAL TRAFFIC ACCIDENTS,1485,1261,310,1571,165,28,193
PUDUCHERRY,2003,AIR-CRASH,0,0,0,0,0,0,0
PUDUCHERRY,2003,COLLAPSE OF STRUCTURE(HOUSE),0,0,0,0,0,0,0
PUDUCHERRY,2003,COLLAPSE OF STRUCTURE(BUILDING),0,0,0,0,0,0,0
PUDUCHERRY,2003,COLLAPSE OF STRUCTURE(DAM),0,0,0,0,0,0,0
PUDUCHERRY,2003,COLLAPSE OF STRUCTURE(BRIDGE),0,0,0,0,0,0,0
PUDUCHERRY,2003,COLLAPSE OF STRUCTURE(OTHERS),3,0,0,0,2,1,3
PUDUCHERRY,2003,DROWNING(BOAT CAPSIZE),0,0,0,0,0,0,0
PUDUCHERRY,2003,DROWNING(OTHER),65,0,0,0,63,8,71
PUDUCHERRY,2003,ELECTROCUTION,27,0,0,0,22,5,27
PUDUCHERRY,2003,EXPLOSION(BOMB EXPLOSION),0,0,0,0,0,0,0
PUDUCHERRY,2003,EXPLOSION(OTHER EXPLOSION LIKE BOILERS,,0,0,0,0,0,0,0
PUDUCHERRY,2003,FALLS(FALL FROM HEIGHT),27,0,0,0,23,4,27
PUDUCHERRY,2003,FALL INTO PIT/MANHOLE,0,0,0,0,0,0,0
PUDUCHERRY,2003,FACTORY/MACHINE ACCIDENTS,0,0,0,0,0,0,0
PUDUCHERRY,2003,FIRE(FIREWORKS/CRACKERS),0,0,0,0,0,0,0
PUDUCHERRY,2003,FIRE(SHORT-CIRCUIT),0,0,0,0,0,0,0
PUDUCHERRY,2003,GAS CYLINDER/STOVE BURST,0,0,0,0,0,0,0
PUDUCHERRY,2003,OTHER FIRE ACCIDENTS,49,0,0,0,13,36,49
PUDUCHERRY,2003,FIRE-ARMS,0,0,0,0,0,0,0
PUDUCHERRY,2003,SUDDEN DEATHS(HEART ATTACKS),47,0,0,0,40,7,47
PUDUCHERRY,2003,EPILEPTIC FITS/GIDDINESS,10,0,0,0,8,2,10
PUDUCHERRY,2003,ABORTIONS/CHILD BIRTH,0,0,0,0,0,0,0
PUDUCHERRY,2003,INFLUENCE OF ALCOHOL,124,0,0,0,119,5,124
PUDUCHERRY,2003,KILLED BY ANIMALS,0,0,0,0,0,0,0
PUDUCHERRY,2003,MINES OR QUARY DISASTER,0,0,0,0,0,0,0
PUDUCHERRY,2003,FOOD POISIONING/ACCIDENTAL INTAKE OF INSECTICIDES ETC.,2,0,0,0,1,1,2
PUDUCHERRY,2003,SPURIOUS/POISIONOUS LIQUOR,0,0,0,0,0,0,0
PUDUCHERRY,2003,LEAKAGE OF POISINOUS GASES ETC.,0,0,0,0,0,0,0
PUDUCHERRY,2003,SNAKE BITE/ANIMAL BITE,11,0,0,0,7,4,11
PUDUCHERRY,2003,OTHER,6,0,0,0,5,1,6
PUDUCHERRY,2003,STAMPEDE,0,0,0,0,0,0,0
PUDUCHERRY,2003,SUFFOCATION,0,0,0,0,0,0,0
PUDUCHERRY,2003,TRAFFIC ACCIDENTS(ROAD ACCIDENTS),1586,1342,353,1695,163,25,188
PUDUCHERRY,2003,TRAFFIC ACCIDENTS(RAIL-ROAD ACCIDENTS),0,0,0,0,0,0,0
PUDUCHERRY,2003,OTHER RAILWAY ACCIDENTS,0,0,0,0,0,0,0
PUDUCHERRY,2003,OTHER,78,0,0,0,62,16,78
PUDUCHERRY,2003,CAUSES NOT KNOWN,0,0,0,0,0,0,0
PUDUCHERRY,2003,TOTAL,2035,1342,353,1695,528,115,643
PUDUCHERRY,2003,TOTAL COLLAPSE,3,0,0,0,2,1,3
PUDUCHERRY,2003,TOTAL DROWNING,65,0,0,0,63,8,71
PUDUCHERRY,2003,TOTAL EXPLOSION,0,0,0,0,0,0,0
PUDUCHERRY,2003,TOTAL FALLS,27,0,0,0,23,4,27
PUDUCHERRY,2003,TOTAL FIRE,49,0,0,0,13,36,49
PUDUCHERRY,2003,TOTAL SUDDEN DEATHS,181,0,0,0,167,14,181
PUDUCHERRY,2003,TOTAL POISONING,19,0,0,0,13,6,19
PUDUCHERRY,2003,TOTAL TRAFFIC ACCIDENTS,1586,1342,353,1695,163,25,188
PUDUCHERRY,2004,AIR-CRASH,0,0,0,0,0,0,0
PUDUCHERRY,2004,COLLAPSE OF STRUCTURE(HOUSE),1,0,0,0,0,1,1
PUDUCHERRY,2004,COLLAPSE OF STRUCTURE(BUILDING),0,0,0,0,0,0,0
PUDUCHERRY,2004,COLLAPSE OF STRUCTURE(DAM),0,0,0,0,0,0,0
PUDUCHERRY,2004,COLLAPSE OF STRUCTURE(BRIDGE),0,0,0,0,0,0,0
PUDUCHERRY,2004,COLLAPSE OF STRUCTURE(OTHERS),4,0,0,0,3,1,4
PUDUCHERRY,2004,DROWNING(BOAT CAPSIZE),0,0,0,0,0,0,0
PUDUCHERRY,2004,DROWNING(OTHER),84,0,0,0,66,15,81
PUDUCHERRY,2004,ELECTROCUTION,22,0,0,0,17,5,22
PUDUCHERRY,2004,EXPLOSION(BOMB EXPLOSION),0,0,0,0,0,0,0
PUDUCHERRY,2004,EXPLOSION(OTHER EXPLOSION LIKE BOILERS,,0,0,0,0,0,0,0
PUDUCHERRY,2004,FALLS(FALL FROM HEIGHT),51,0,0,0,46,5,51
PUDUCHERRY,2004,FALL INTO PIT/MANHOLE,2,0,0,0,2,0,2
PUDUCHERRY,2004,FACTORY/MACHINE ACCIDENTS,0,0,0,0,0,0,0
PUDUCHERRY,2004,FIRE(FIREWORKS/CRACKERS),1,0,0,0,1,0,1
PUDUCHERRY,2004,FIRE(SHORT-CIRCUIT),0,0,0,0,0,0,0
PUDUCHERRY,2004,GAS CYLINDER/STOVE BURST,0,0,0,0,0,0,0
PUDUCHERRY,2004,OTHER FIRE ACCIDENTS,39,0,0,0,11,28,39
PUDUCHERRY,2004,FIRE-ARMS,0,0,0,0,0,0,0
PUDUCHERRY,2004,SUDDEN DEATHS(HEART ATTACKS),65,0,0,0,57,8,65
PUDUCHERRY,2004,EPILEPTIC FITS/GIDDINESS,68,0,0,0,57,11,68
PUDUCHERRY,2004,ABORTIONS/CHILD BIRTH,0,0,0,0,0,0,0
PUDUCHERRY,2004,INFLUENCE OF ALCOHOL,132,0,0,0,131,1,132
PUDUCHERRY,2004,KILLED BY ANIMALS,2,0,0,0,1,1,2
PUDUCHERRY,2004,MINES OR QUARY DISASTER,0,0,0,0,0,0,0
PUDUCHERRY,2004,FOOD POISIONING/ACCIDENTAL INTAKE OF INSECTICIDES ETC.,3,0,0,0,1,2,3
PUDUCHERRY,2004,SPURIOUS/POISIONOUS LIQUOR,0,0,0,0,0,0,0
PUDUCHERRY,2004,LEAKAGE OF POISINOUS GASES ETC.,0,0,0,0,0,0,0
PUDUCHERRY,2004,SNAKE BITE/ANIMAL BITE,14,0,0,0,8,6,14
PUDUCHERRY,2004,OTHER,6,0,0,0,2,4,6
PUDUCHERRY,2004,STAMPEDE,0,0,0,0,0,0,0
PUDUCHERRY,2004,SUFFOCATION,0,0,0,0,0,0,0
PUDUCHERRY,2004,TRAFFIC ACCIDENTS(ROAD ACCIDENTS),1633,1404,321,1725,153,27,180
PUDUCHERRY,2004,TRAFFIC ACCIDENTS(RAIL-ROAD ACCIDENTS),0,0,0,0,0,0,0
PUDUCHERRY,2004,OTHER RAILWAY ACCIDENTS,0,0,0,0,0,0,0
PUDUCHERRY,2004,OTHER,41,0,0,0,201,348,549
PUDUCHERRY,2004,CAUSES NOT KNOWN,21,0,0,0,15,6,21
PUDUCHERRY,2004,TOTAL,2189,1404,321,1725,772,469,1241
PUDUCHERRY,2004,TOTAL COLLAPSE,5,0,0,0,3,2,5
PUDUCHERRY,2004,TOTAL DROWNING,84,0,0,0,66,15,81
PUDUCHERRY,2004,TOTAL EXPLOSION,0,0,0,0,0,0,0
PUDUCHERRY,2004,TOTAL FALLS,53,0,0,0,48,5,53
PUDUCHERRY,2004,TOTAL FIRE,40,0,0,0,12,28,40
PUDUCHERRY,2004,TOTAL SUDDEN DEATHS,265,0,0,0,245,20,265
PUDUCHERRY,2004,TOTAL POISONING,23,0,0,0,11,12,23
PUDUCHERRY,2004,TOTAL TRAFFIC ACCIDENTS,1633,1404,321,1725,153,27,180
PUDUCHERRY,2005,AIR-CRASH,0,0,0,0,0,0,0
PUDUCHERRY,2005,COLLAPSE OF STRUCTURE(HOUSE),1,0,0,0,1,0,1
PUDUCHERRY,2005,COLLAPSE OF STRUCTURE(BUILDING),0,0,0,0,0,0,0
PUDUCHERRY,2005,COLLAPSE OF STRUCTURE(DAM),0,0,0,0,0,0,0
PUDUCHERRY,2005,COLLAPSE OF STRUCTURE(BRIDGE),0,0,0,0,0,0,0
PUDUCHERRY,2005,COLLAPSE OF STRUCTURE(OTHERS),0,0,0,0,0,0,0
PUDUCHERRY,2005,DROWNING(BOAT CAPSIZE),1,0,0,0,1,0,1
PUDUCHERRY,2005,DROWNING(OTHER),79,0,0,0,70,9,79
PUDUCHERRY,2005,ELECTROCUTION,29,0,0,0,25,4,29
PUDUCHERRY,2005,EXPLOSION(BOMB EXPLOSION),0,0,0,0,0,0,0
PUDUCHERRY,2005,EXPLOSION(OTHER EXPLOSION LIKE BOILERS,,0,0,0,0,0,0,0
PUDUCHERRY,2005,FALLS(FALL FROM HEIGHT),53,0,0,0,49,4,53
PUDUCHERRY,2005,FALL INTO PIT/MANHOLE,5,0,0,0,3,2,5
PUDUCHERRY,2005,FACTORY/MACHINE ACCIDENTS,1,0,0,0,1,0,1
PUDUCHERRY,2005,FIRE(FIREWORKS/CRACKERS),0,0,0,0,0,0,0
PUDUCHERRY,2005,FIRE(SHORT-CIRCUIT),0,0,0,0,0,0,0
PUDUCHERRY,2005,GAS CYLINDER/STOVE BURST,0,0,0,0,0,0,0
PUDUCHERRY,2005,OTHER FIRE ACCIDENTS,34,0,0,0,9,25,34
PUDUCHERRY,2005,FIRE-ARMS,0,0,0,0,0,0,0
PUDUCHERRY,2005,SUDDEN DEATHS(HEART ATTACKS),107,0,0,0,101,6,107
PUDUCHERRY,2005,EPILEPTIC FITS/GIDDINESS,28,0,0,0,26,2,28
PUDUCHERRY,2005,ABORTIONS/CHILD BIRTH,0,0,0,0,0,0,0
PUDUCHERRY,2005,INFLUENCE OF ALCOHOL,191,0,0,0,188,3,191
PUDUCHERRY,2005,KILLED BY ANIMALS,0,0,0,0,0,0,0
PUDUCHERRY,2005,MINES OR QUARY DISASTER,0,0,0,0,0,0,0
PUDUCHERRY,2005,FOOD POISIONING/ACCIDENTAL INTAKE OF INSECTICIDES ETC.,5,0,0,0,3,2,5
PUDUCHERRY,2005,SPURIOUS/POISIONOUS LIQUOR,0,0,0,0,0,0,0
PUDUCHERRY,2005,LEAKAGE OF POISINOUS GASES ETC.,0,0,0,0,0,0,0
PUDUCHERRY,2005,SNAKE BITE/ANIMAL BITE,20,0,0,0,13,7,20
PUDUCHERRY,2005,OTHER,0,0,0,0,0,0,0
PUDUCHERRY,2005,STAMPEDE,0,0,0,0,0,0,0
PUDUCHERRY,2005,SUFFOCATION,0,0,0,0,0,0,0
PUDUCHERRY,2005,TRAFFIC ACCIDENTS(ROAD ACCIDENTS),1780,1454,389,1843,188,38,226
PUDUCHERRY,2005,TRAFFIC ACCIDENTS(RAIL-ROAD ACCIDENTS),0,0,0,0,0,0,0
PUDUCHERRY,2005,OTHER RAILWAY ACCIDENTS,4,0,0,0,3,1,4
PUDUCHERRY,2005,OTHER,0,0,0,0,0,0,0
PUDUCHERRY,2005,CAUSES NOT KNOWN,0,0,0,0,0,0,0
PUDUCHERRY,2005,TOTAL,2338,1454,389,1843,681,103,784
PUDUCHERRY,2005,TOTAL COLLAPSE,1,0,0,0,1,0,1
PUDUCHERRY,2005,TOTAL DROWNING,80,0,0,0,71,9,80
PUDUCHERRY,2005,TOTAL EXPLOSION,0,0,0,0,0,0,0
PUDUCHERRY,2005,TOTAL FALLS,58,0,0,0,52,6,58
PUDUCHERRY,2005,TOTAL FIRE,34,0,0,0,9,25,34
PUDUCHERRY,2005,TOTAL SUDDEN DEATHS,326,0,0,0,315,11,326
PUDUCHERRY,2005,TOTAL POISONING,25,0,0,0,16,9,25
PUDUCHERRY,2005,TOTAL TRAFFIC ACCIDENTS,1784,1454,389,1843,191,39,230
PUDUCHERRY,2006,AIR-CRASH,0,0,0,0,0,0,0
PUDUCHERRY,2006,COLLAPSE OF STRUCTURE(HOUSE),3,2,1,3,2,1,3
PUDUCHERRY,2006,COLLAPSE OF STRUCTURE(BUILDING),0,0,0,0,0,0,0
PUDUCHERRY,2006,COLLAPSE OF STRUCTURE(DAM),0,0,0,0,0,0,0
PUDUCHERRY,2006,COLLAPSE OF STRUCTURE(BRIDGE),0,0,0,0,0,0,0
PUDUCHERRY,2006,COLLAPSE OF STRUCTURE(OTHERS),1,0,0,0,1,0,1
PUDUCHERRY,2006,DROWNING(BOAT CAPSIZE),0,0,0,0,0,0,0
PUDUCHERRY,2006,DROWNING(OTHER),100,0,0,0,85,15,100
PUDUCHERRY,2006,ELECTROCUTION,24,0,0,0,17,7,24
PUDUCHERRY,2006,EXPLOSION(BOMB EXPLOSION),0,0,0,0,0,0,0
PUDUCHERRY,2006,EXPLOSION(OTHER EXPLOSION LIKE BOIL,0,0,0,0,0,0,0
PUDUCHERRY,2006,FALLS(FALL FROM HEIGHT),38,0,0,0,33,5,38
PUDUCHERRY,2006,FALL INTO PIT/MANHOLE,0,0,0,0,0,0,0
PUDUCHERRY,2006,FACTORY/MACHINE ACCIDENTS,4,1,0,1,4,0,4
PUDUCHERRY,2006,FIRE(FIREWORKS/CRACKERS),1,2,3,5,0,1,1
PUDUCHERRY,2006,FIRE(SHORT-CIRCUIT),4,0,0,0,4,0,4
PUDUCHERRY,2006,GAS CYLINDER/STOVE BURST,0,0,0,0,0,0,0
PUDUCHERRY,2006,OTHER FIRE ACCIDENTS,45,0,0,0,11,34,45
PUDUCHERRY,2006,FIRE-ARMS,0,0,0,0,0,0,0
PUDUCHERRY,2006,SUDDEN DEATHS(HEART ATTACKS),71,0,0,0,66,5,71
PUDUCHERRY,2006,EPILEPTIC FITS/GIDDINESS,66,0,0,0,61,5,66
PUDUCHERRY,2006,ABORTIONS/CHILD BIRTH,1,0,0,0,0,1,1
PUDUCHERRY,2006,INFLUENCE OF ALCOHOL,188,0,0,0,183,5,188
PUDUCHERRY,2006,KILLED BY ANIMALS,0,0,0,0,0,0,0
PUDUCHERRY,2006,MINES OR QUARY DISASTER,0,0,0,0,0,0,0
PUDUCHERRY,2006,FOOD POISIONING/ACCIDENTAL INTAKE OF INSECTICIDES ETC.,3,0,0,0,2,1,3
PUDUCHERRY,2006,SPURIOUS/POISIONOUS LIQUOR,0,0,0,0,0,0,0
PUDUCHERRY,2006,LEAKAGE OF POISINOUS GASES ETC.,0,0,0,0,0,0,0
PUDUCHERRY,2006,SNAKE BITE/ANIMAL BITE,15,0,0,0,7,8,15
PUDUCHERRY,2006,OTHER,1,0,0,0,1,0,1
PUDUCHERRY,2006,STAMPEDE,0,0,0,0,0,0,0
PUDUCHERRY,2006,SUFFOCATION,1,4,0,4,5,0,5
PUDUCHERRY,2006,TRAFFIC ACCIDENTS(ROAD ACCIDENTS),1639,1411,282,1693,189,28,217
PUDUCHERRY,2006,TRAFFIC ACCIDENTS(RAIL-ROAD ACCIDENTS),0,0,0,0,0,0,0
PUDUCHERRY,2006,OTHER RAILWAY ACCIDENTS,6,0,0,0,7,0,7
PUDUCHERRY,2006,OTHER,12,0,0,0,11,1,12
PUDUCHERRY,2006,CAUSES NOT KNOWN,20,0,0,0,15,5,20
PUDUCHERRY,2006,TOTAL,2243,1420,286,1706,704,122,826
PUDUCHERRY,2006,TOTAL COLLAPSE,4,2,1,3,3,1,4
PUDUCHERRY,2006,TOTAL DROWNING,100,0,0,0,85,15,100
PUDUCHERRY,2006,TOTAL EXPLOSION,0,0,0,0,0,0,0
PUDUCHERRY,2006,TOTAL FALLS,38,0,0,0,33,5,38
PUDUCHERRY,2006,TOTAL FIRE,50,2,3,5,15,35,50
PUDUCHERRY,2006,TOTAL SUDDEN DEATHS,326,0,0,0,310,16,326
PUDUCHERRY,2006,TOTAL POISONING,19,0,0,0,10,9,19
PUDUCHERRY,2006,TOTAL TRAFFIC ACCIDENTS,1645,1411,282,1693,196,28,224
PUDUCHERRY,2007,AIR-CRASH,0,0,0,0,0,0,0
PUDUCHERRY,2007,COLLAPSE OF STRUCTURE(HOUSE),6,2,0,2,5,1,6
PUDUCHERRY,2007,COLLAPSE OF STRUCTURE(BUILDING),0,0,0,0,0,0,0
PUDUCHERRY,2007,COLLAPSE OF STRUCTURE(DAM),0,0,0,0,0,0,0
PUDUCHERRY,2007,COLLAPSE OF STRUCTURE(BRIDGE),0,0,0,0,0,0,0
PUDUCHERRY,2007,COLLAPSE OF STRUCTURE(OTHERS),0,0,0,0,0,0,0
PUDUCHERRY,2007,DROWNING(BOAT CAPSIZE),0,0,0,0,0,0,0
PUDUCHERRY,2007,DROWNING(OTHER),87,0,0,0,82,6,88
PUDUCHERRY,2007,ELECTROCUTION,26,2,0,2,24,2,26
PUDUCHERRY,2007,EXPLOSION(BOMB EXPLOSION),0,0,0,0,0,0,0
PUDUCHERRY,2007,EXPLOSION(OTHER EXPLOSION LIKE BOIL,1,3,0,3,0,0,0
PUDUCHERRY,2007,FALLS(FALL FROM HEIGHT),72,5,0,5,58,9,67
PUDUCHERRY,2007,FALL INTO PIT/MANHOLE,0,0,0,0,0,0,0
PUDUCHERRY,2007,FACTORY/MACHINE ACCIDENTS,11,8,0,8,3,0,3
PUDUCHERRY,2007,FIRE(FIREWORKS/CRACKERS),2,0,0,0,0,2,2
PUDUCHERRY,2007,FIRE(SHORT-CIRCUIT),0,0,0,0,0,0,0
PUDUCHERRY,2007,GAS CYLINDER/STOVE BURST,0,0,0,0,0,0,0
PUDUCHERRY,2007,OTHER FIRE ACCIDENTS,35,0,0,0,11,25,36
PUDUCHERRY,2007,FIRE-ARMS,0,0,0,0,0,0,0
PUDUCHERRY,2007,SUDDEN DEATHS(HEART ATTACKS),53,0,0,0,51,2,53
PUDUCHERRY,2007,EPILEPTIC FITS/GIDDINESS,201,0,0,0,172,29,201
PUDUCHERRY,2007,ABORTIONS/CHILD BIRTH,0,0,0,0,0,0,0
PUDUCHERRY,2007,INFLUENCE OF ALCOHOL,218,0,0,0,214,4,218
PUDUCHERRY,2007,KILLED BY ANIMALS,1,0,0,0,1,0,1
PUDUCHERRY,2007,MINES OR QUARY DISASTER,0,0,0,0,0,0,0
PUDUCHERRY,2007,FOOD POISIONING/ACCIDENTAL INTAKE OF INSECTICIDES ETC.,5,0,0,0,3,2,5
PUDUCHERRY,2007,SPURIOUS/POISIONOUS LIQUOR,0,0,0,0,0,0,0
PUDUCHERRY,2007,LEAKAGE OF POISINOUS GASES ETC.,1,0,0,0,2,0,2
PUDUCHERRY,2007,SNAKE BITE/ANIMAL BITE,20,0,0,0,12,8,20
PUDUCHERRY,2007,OTHER,0,0,0,0,0,0,0
PUDUCHERRY,2007,STAMPEDE,0,0,0,0,0,0,0
PUDUCHERRY,2007,SUFFOCATION,0,0,0,0,0,0,0
PUDUCHERRY,2007,TRAFFIC ACCIDENTS(ROAD ACCIDENTS),1744,1453,316,1769,218,37,255
PUDUCHERRY,2007,TRAFFIC ACCIDENTS(RAIL-ROAD ACCIDENTS),0,0,0,0,0,0,0
PUDUCHERRY,2007,OTHER RAILWAY ACCIDENTS,6,0,0,0,6,0,6
PUDUCHERRY,2007,OTHER,40,3,0,3,29,11,40
PUDUCHERRY,2007,CAUSES NOT KNOWN,0,0,0,0,0,0,0
PUDUCHERRY,2007,TOTAL,2529,1476,316,1792,891,138,1029
PUDUCHERRY,2007,TOTAL COLLAPSE,6,2,0,2,5,1,6
PUDUCHERRY,2007,TOTAL DROWNING,87,0,0,0,82,6,88
PUDUCHERRY,2007,TOTAL EXPLOSION,1,3,0,3,0,0,0
PUDUCHERRY,2007,TOTAL FALLS,72,5,0,5,58,9,67
PUDUCHERRY,2007,TOTAL FIRE,37,0,0,0,11,27,38
PUDUCHERRY,2007,TOTAL SUDDEN DEATHS,472,0,0,0,437,35,472
PUDUCHERRY,2007,TOTAL POISONING,26,0,0,0,17,10,27
PUDUCHERRY,2007,TOTAL TRAFFIC ACCIDENTS,1750,1453,316,1769,224,37,261
PUDUCHERRY,2008,AIR-CRASH,0,0,0,0,0,0,0
PUDUCHERRY,2008,COLLAPSE OF STRUCTURE(HOUSE),2,0,1,1,2,2,4
PUDUCHERRY,2008,COLLAPSE OF STRUCTURE(BUILDING),0,0,0,0,0,0,0
PUDUCHERRY,2008,COLLAPSE OF STRUCTURE(DAM),0,0,0,0,0,0,0
PUDUCHERRY,2008,COLLAPSE OF STRUCTURE(BRIDGE),0,0,0,0,0,0,0
PUDUCHERRY,2008,COLLAPSE OF STRUCTURE(OTHERS),0,0,0,0,0,0,0
PUDUCHERRY,2008,DROWNING(BOAT CAPSIZE),0,0,0,0,0,0,0
PUDUCHERRY,2008,DROWNING(OTHER),95,0,0,0,91,4,95
PUDUCHERRY,2008,ELECTROCUTION,27,6,0,6,19,5,24
PUDUCHERRY,2008,EXPLOSION(BOMB EXPLOSION),0,0,0,0,0,0,0
PUDUCHERRY,2008,EXPLOSION(OTHER EXPLOSION LIKE BOIL,0,0,0,0,0,0,0
PUDUCHERRY,2008,FALLS(FALL FROM HEIGHT),63,3,0,3,52,8,60
PUDUCHERRY,2008,FALL INTO PIT/MANHOLE,3,0,0,0,1,1,2
PUDUCHERRY,2008,FACTORY/MACHINE ACCIDENTS,8,7,0,7,0,1,1
PUDUCHERRY,2008,FIRE(FIREWORKS/CRACKERS),4,3,0,3,1,0,1
PUDUCHERRY,2008,FIRE(SHORT-CIRCUIT),0,0,0,0,0,0,0
PUDUCHERRY,2008,GAS CYLINDER/STOVE BURST,1,0,0,0,1,0,1
PUDUCHERRY,2008,OTHER FIRE ACCIDENTS,28,2,0,2,8,20,28
PUDUCHERRY,2008,FIRE-ARMS,0,0,0,0,0,0,0
PUDUCHERRY,2008,SUDDEN DEATHS(HEART ATTACKS),35,0,0,0,33,2,35
PUDUCHERRY,2008,EPILEPTIC FITS/GIDDINESS,264,0,0,0,236,28,264
PUDUCHERRY,2008,ABORTIONS/CHILD BIRTH,1,0,0,0,0,1,1
PUDUCHERRY,2008,INFLUENCE OF ALCOHOL,267,0,0,0,261,6,267
PUDUCHERRY,2008,KILLED BY ANIMALS,0,0,0,0,0,0,0
PUDUCHERRY,2008,MINES OR QUARY DISASTER,0,0,0,0,0,0,0
PUDUCHERRY,2008,FOOD POISIONING/ACCIDENTAL INTAKE OF INSECTICIDES ETC.,1,10,0,10,0,0,0
PUDUCHERRY,2008,SPURIOUS/POISIONOUS LIQUOR,0,0,0,0,0,0,0
PUDUCHERRY,2008,LEAKAGE OF POISINOUS GASES ETC.,0,0,0,0,0,0,0
PUDUCHERRY,2008,SNAKE BITE/ANIMAL BITE,16,0,0,0,9,7,16
PUDUCHERRY,2008,OTHER,11,0,0,0,8,3,11
PUDUCHERRY,2008,STAMPEDE,0,0,0,0,0,0,0
PUDUCHERRY,2008,SUFFOCATION,0,0,0,0,0,0,0
PUDUCHERRY,2008,TRAFFIC ACCIDENTS(ROAD ACCIDENTS),1698,1463,392,1855,184,28,212
PUDUCHERRY,2008,TRAFFIC ACCIDENTS(RAIL-ROAD ACCIDENTS),0,0,0,0,0,0,0
PUDUCHERRY,2008,OTHER RAILWAY ACCIDENTS,0,0,0,0,0,0,0
PUDUCHERRY,2008,OTHER,15,6,0,6,6,3,9
PUDUCHERRY,2008,CAUSES NOT KNOWN,17,0,0,0,16,1,17
PUDUCHERRY,2008,TOTAL,2556,1500,393,1893,928,120,1048
PUDUCHERRY,2008,TOTAL COLLAPSE,2,0,1,1,2,2,4
PUDUCHERRY,2008,TOTAL DROWNING,95,0,0,0,91,4,95
PUDUCHERRY,2008,TOTAL EXPLOSION,0,0,0,0,0,0,0
PUDUCHERRY,2008,TOTAL FALLS,66,3,0,3,53,9,62
PUDUCHERRY,2008,TOTAL FIRE,33,5,0,5,10,20,30
PUDUCHERRY,2008,TOTAL SUDDEN DEATHS,567,0,0,0,530,37,567
PUDUCHERRY,2008,TOTAL POISONING,28,10,0,10,17,10,27
PUDUCHERRY,2008,TOTAL TRAFFIC ACCIDENTS,1698,1463,392,1855,184,28,212
PUDUCHERRY,2009,AIR-CRASH,0,0,0,0,0,0,0
PUDUCHERRY,2009,COLLAPSE OF STRUCTURE(HOUSE),0,0,0,0,0,0,0
PUDUCHERRY,2009,COLLAPSE OF STRUCTURE(BUILDING),0,0,0,0,0,0,0
PUDUCHERRY,2009,COLLAPSE OF STRUCTURE(DAM),0,0,0,0,0,0,0
PUDUCHERRY,2009,COLLAPSE OF STRUCTURE(BRIDGE),0,0,0,0,0,0,0
PUDUCHERRY,2009,COLLAPSE OF STRUCTURE(OTHERS),0,0,0,0,0,0,0
PUDUCHERRY,2009,DROWNING(BOAT CAPSIZE),0,0,0,0,0,0,0
PUDUCHERRY,2009,DROWNING(OTHER),89,0,0,0,83,6,89
PUDUCHERRY,2009,ELECTROCUTION,42,4,0,4,32,6,38
PUDUCHERRY,2009,EXPLOSION(BOMB EXPLOSION),0,0,0,0,0,0,0
PUDUCHERRY,2009,EXPLOSION(OTHER EXPLOSION LIKE BOIL,0,0,0,0,0,0,0
PUDUCHERRY,2009,FALLS(FALL FROM HEIGHT),50,4,0,4,40,6,46
PUDUCHERRY,2009,FALL INTO PIT/MANHOLE,1,0,0,0,1,0,1
PUDUCHERRY,2009,FACTORY/MACHINE ACCIDENTS,12,7,1,8,4,0,4
PUDUCHERRY,2009,FIRE(FIREWORKS/CRACKERS),3,1,1,2,1,0,1
PUDUCHERRY,2009,FIRE(SHORT-CIRCUIT),0,0,0,0,0,0,0
PUDUCHERRY,2009,GAS CYLINDER/STOVE BURST,0,0,0,0,0,0,0
PUDUCHERRY,2009,OTHER FIRE ACCIDENTS,43,0,0,0,9,34,43
PUDUCHERRY,2009,FIRE-ARMS,0,0,0,0,0,0,0
PUDUCHERRY,2009,SUDDEN DEATHS(HEART ATTACKS),52,0,0,0,51,1,52
PUDUCHERRY,2009,EPILEPTIC FITS/GIDDINESS,187,0,0,0,163,24,187
PUDUCHERRY,2009,ABORTIONS/CHILD BIRTH,0,0,0,0,0,0,0
PUDUCHERRY,2009,INFLUENCE OF ALCOHOL,210,0,0,0,202,8,210
PUDUCHERRY,2009,KILLED BY ANIMALS,0,0,0,0,0,0,0
PUDUCHERRY,2009,MINES OR QUARY DISASTER,0,0,0,0,0,0,0
PUDUCHERRY,2009,FOOD POISIONING/ACCIDENTAL INTAKE OF INSECTICIDES ETC.,3,0,0,0,3,0,3
PUDUCHERRY,2009,SPURIOUS/POISIONOUS LIQUOR,0,0,0,0,0,0,0
PUDUCHERRY,2009,LEAKAGE OF POISINOUS GASES ETC.,0,0,0,0,0,0,0
PUDUCHERRY,2009,SNAKE BITE/ANIMAL BITE,10,0,0,0,3,7,10
PUDUCHERRY,2009,OTHER,5,0,0,0,4,1,5
PUDUCHERRY,2009,STAMPEDE,0,0,0,0,0,0,0
PUDUCHERRY,2009,SUFFOCATION,0,0,0,0,0,0,0
PUDUCHERRY,2009,TRAFFIC ACCIDENTS(ROAD ACCIDENTS),1698,1334,398,1732,194,24,218
PUDUCHERRY,2009,TRAFFIC ACCIDENTS(RAIL-ROAD ACCIDENTS),0,0,0,0,0,0,0
PUDUCHERRY,2009,OTHER RAILWAY ACCIDENTS,5,0,0,0,5,0,5
PUDUCHERRY,2009,OTHER,59,4,2,6,46,7,53
PUDUCHERRY,2009,CAUSES NOT KNOWN,2,0,0,0,2,0,2
PUDUCHERRY,2009,TOTAL,2471,1354,402,1756,843,124,967
PUDUCHERRY,2009,TOTAL COLLAPSE,0,0,0,0,0,0,0
PUDUCHERRY,2009,TOTAL DROWNING,89,0,0,0,83,6,89
PUDUCHERRY,2009,TOTAL EXPLOSION,0,0,0,0,0,0,0
PUDUCHERRY,2009,TOTAL FALLS,51,4,0,4,41,6,47
PUDUCHERRY,2009,TOTAL FIRE,46,1,1,2,10,34,44
PUDUCHERRY,2009,TOTAL SUDDEN DEATHS,449,0,0,0,416,33,449
PUDUCHERRY,2009,TOTAL POISONING,18,0,0,0,10,8,18
PUDUCHERRY,2009,TOTAL TRAFFIC ACCIDENTS,1703,1334,398,1732,199,24,223
PUDUCHERRY,2010,AIR-CRASH,0,0,0,0,0,0,0
PUDUCHERRY,2010,COLLAPSE OF STRUCTURE(HOUSE),0,0,0,0,0,0,0
PUDUCHERRY,2010,COLLAPSE OF STRUCTURE(BUILDING),0,0,0,0,0,0,0
PUDUCHERRY,2010,COLLAPSE OF STRUCTURE(DAM),0,0,0,0,0,0,0
PUDUCHERRY,2010,COLLAPSE OF STRUCTURE(BRIDGE),0,0,0,0,0,0,0
PUDUCHERRY,2010,COLLAPSE OF STRUCTURE(OTHERS),0,0,0,0,0,0,0
PUDUCHERRY,2010,DROWNING(BOAT CAPSIZE),1,0,0,0,1,0,1
PUDUCHERRY,2010,DROWNING(OTHER),85,0,0,0,79,6,85
PUDUCHERRY,2010,ELECTROCUTION,25,0,0,0,22,3,25
PUDUCHERRY,2010,EXPLOSION(BOMB EXPLOSION),0,0,0,0,0,0,0
PUDUCHERRY,2010,EXPLOSION(OTHER EXPLOSION LIKE BOIL,0,0,0,0,0,0,0
PUDUCHERRY,2010,FALLS(FALL FROM HEIGHT),43,2,0,2,38,3,41
PUDUCHERRY,2010,FALL INTO PIT/MANHOLE,0,0,0,0,0,0,0
PUDUCHERRY,2010,FACTORY/MACHINE ACCIDENTS,14,6,0,6,7,1,8
PUDUCHERRY,2010,FIRE(FIREWORKS/CRACKERS),1,1,0,1,0,0,0
PUDUCHERRY,2010,FIRE(SHORT-CIRCUIT),0,0,0,0,0,0,0
PUDUCHERRY,2010,GAS CYLINDER/STOVE BURST,0,0,0,0,0,0,0
PUDUCHERRY,2010,OTHER FIRE ACCIDENTS,33,0,0,0,5,28,33
PUDUCHERRY,2010,FIRE-ARMS,0,0,0,0,0,0,0
PUDUCHERRY,2010,SUDDEN DEATHS(HEART ATTACKS),58,0,0,0,51,7,58
PUDUCHERRY,2010,EPILEPTIC FITS/GIDDINESS,214,0,0,0,182,32,214
PUDUCHERRY,2010,ABORTIONS/CHILD BIRTH,1,0,0,0,0,1,1
PUDUCHERRY,2010,INFLUENCE OF ALCOHOL,245,0,0,0,241,4,245
PUDUCHERRY,2010,KILLED BY ANIMALS,0,0,0,0,0,0,0
PUDUCHERRY,2010,MINES OR QUARY DISASTER,0,0,0,0,0,0,0
PUDUCHERRY,2010,FOOD POISIONING/ACCIDENTAL INTAKE OF INSECTICIDES ETC.,0,0,0,0,0,0,0
PUDUCHERRY,2010,SPURIOUS/POISIONOUS LIQUOR,0,0,0,0,0,0,0
PUDUCHERRY,2010,LEAKAGE OF POISINOUS GASES ETC.,0,0,0,0,0,0,0
PUDUCHERRY,2010,SNAKE BITE/ANIMAL BITE,9,0,0,0,3,6,9
PUDUCHERRY,2010,OTHER,6,0,0,0,4,2,6
PUDUCHERRY,2010,STAMPEDE,0,0,0,0,0,0,0
PUDUCHERRY,2010,SUFFOCATION,0,0,0,0,0,0,0
PUDUCHERRY,2010,TRAFFIC ACCIDENTS(ROAD ACCIDENTS),1529,1174,331,1505,205,34,239
PUDUCHERRY,2010,TRAFFIC ACCIDENTS(RAIL-ROAD ACCIDENTS),0,0,0,0,0,0,0
PUDUCHERRY,2010,OTHER RAILWAY ACCIDENTS,6,0,0,0,5,1,6
PUDUCHERRY,2010,OTHER,48,0,0,0,35,13,48
PUDUCHERRY,2010,CAUSES NOT KNOWN,0,0,0,0,0,0,0
PUDUCHERRY,2010,TOTAL,2318,1183,331,1514,878,141,1019
PUDUCHERRY,2010,TOTAL COLLAPSE,0,0,0,0,0,0,0
PUDUCHERRY,2010,TOTAL DROWNING,86,0,0,0,80,6,86
PUDUCHERRY,2010,TOTAL EXPLOSION,0,0,0,0,0,0,0
PUDUCHERRY,2010,TOTAL FALLS,43,2,0,2,38,3,41
PUDUCHERRY,2010,TOTAL FIRE,34,1,0,1,5,28,33
PUDUCHERRY,2010,TOTAL SUDDEN DEATHS,518,0,0,0,474,44,518
PUDUCHERRY,2010,TOTAL POISONING,15,0,0,0,7,8,15
PUDUCHERRY,2010,TOTAL TRAFFIC ACCIDENTS,1535,1174,331,1505,210,35,245
PUDUCHERRY,2011,AIR-CRASH,0,0,0,0,0,0,0
PUDUCHERRY,2011,COLLAPSE OF STRUCTURE(HOUSE),7,1,2,3,3,4,7
PUDUCHERRY,2011,COLLAPSE OF STRUCTURE(BUILDING),0,0,0,0,0,0,0
PUDUCHERRY,2011,COLLAPSE OF STRUCTURE(DAM),0,0,0,0,0,0,0
PUDUCHERRY,2011,COLLAPSE OF STRUCTURE(BRIDGE),0,0,0,0,0,0,0
PUDUCHERRY,2011,COLLAPSE OF STRUCTURE(OTHERS),3,0,0,0,2,1,3
PUDUCHERRY,2011,DROWNING(BOAT CAPSIZE),0,0,0,0,0,0,0
PUDUCHERRY,2011,DROWNING(OTHER),105,0,0,0,97,8,105
PUDUCHERRY,2011,ELECTROCUTION,26,0,0,0,21,5,26
PUDUCHERRY,2011,EXPLOSION(BOMB EXPLOSION),0,0,0,0,0,0,0
PUDUCHERRY,2011,EXPLOSION(OTHER EXPLOSION LIKE BOIL,0,0,0,0,0,0,0
PUDUCHERRY,2011,FALLS(FALL FROM HEIGHT),50,2,0,2,44,4,48
PUDUCHERRY,2011,FALL INTO PIT/MANHOLE,0,0,0,0,0,0,0
PUDUCHERRY,2011,FACTORY/MACHINE ACCIDENTS,7,5,0,5,2,0,2
PUDUCHERRY,2011,FIRE(FIREWORKS/CRACKERS),1,0,1,1,0,0,0
PUDUCHERRY,2011,FIRE(SHORT-CIRCUIT),1,0,0,0,0,1,1
PUDUCHERRY,2011,GAS CYLINDER/STOVE BURST,0,0,0,0,0,0,0
PUDUCHERRY,2011,OTHER FIRE ACCIDENTS,41,1,0,1,7,34,41
PUDUCHERRY,2011,FIRE-ARMS,0,0,0,0,0,0,0
PUDUCHERRY,2011,SUDDEN DEATHS(HEART ATTACKS),63,0,0,0,58,5,63
PUDUCHERRY,2011,EPILEPTIC FITS/GIDDINESS,282,0,0,0,251,31,282
PUDUCHERRY,2011,ABORTIONS/CHILD BIRTH,0,0,0,0,0,0,0
PUDUCHERRY,2011,INFLUENCE OF ALCOHOL,226,0,0,0,224,2,226
PUDUCHERRY,2011,KILLED BY ANIMALS,1,0,0,0,1,0,1
PUDUCHERRY,2011,MINES OR QUARY DISASTER,0,0,0,0,0,0,0
PUDUCHERRY,2011,FOOD POISIONING/ACCIDENTAL INTAKE OF INSECTICIDES ETC.,2,0,0,0,1,1,2
PUDUCHERRY,2011,SPURIOUS/POISIONOUS LIQUOR,0,0,0,0,0,0,0
PUDUCHERRY,2011,LEAKAGE OF POISINOUS GASES ETC.,1,241,254,495,0,0,0
PUDUCHERRY,2011,SNAKE BITE/ANIMAL BITE,15,0,0,0,9,6,15
PUDUCHERRY,2011,OTHER,3,0,0,0,2,1,3
PUDUCHERRY,2011,STAMPEDE,0,0,0,0,0,0,0
PUDUCHERRY,2011,SUFFOCATION,1,4,0,4,4,0,4
PUDUCHERRY,2011,TRAFFIC ACCIDENTS(ROAD ACCIDENTS),1480,1335,354,1689,193,40,233
PUDUCHERRY,2011,TRAFFIC ACCIDENTS(RAIL-ROAD ACCIDENTS),0,0,0,0,0,0,0
PUDUCHERRY,2011,OTHER RAILWAY ACCIDENTS,6,0,0,0,6,0,6
PUDUCHERRY,2011,OTHER,19,7,0,7,12,0,12
PUDUCHERRY,2011,CAUSES NOT KNOWN,11,0,0,0,8,3,11
PUDUCHERRY,2011,TOTAL,2351,1596,611,2207,945,146,1091
PUDUCHERRY,2011,TOTAL COLLAPSE,10,1,2,3,5,5,10
PUDUCHERRY,2011,TOTAL DROWNING,105,0,0,0,97,8,105
PUDUCHERRY,2011,TOTAL EXPLOSION,0,0,0,0,0,0,0
PUDUCHERRY,2011,TOTAL FALLS,50,2,0,2,44,4,48
PUDUCHERRY,2011,TOTAL FIRE,43,1,1,2,7,35,42
PUDUCHERRY,2011,TOTAL SUDDEN DEATHS,571,0,0,0,533,38,571
PUDUCHERRY,2011,TOTAL POISONING,21,241,254,495,12,8,20
PUDUCHERRY,2011,TOTAL TRAFFIC ACCIDENTS,1486,1335,354,1689,199,40,239
PUDUCHERRY,2012,AIR-CRASH,0,0,0,0,0,0,0
PUDUCHERRY,2012,COLLAPSE OF STRUCTURE(HOUSE),6,5,0,5,3,1,4
PUDUCHERRY,2012,COLLAPSE OF STRUCTURE(BUILDING),0,0,0,0,0,0,0
PUDUCHERRY,2012,COLLAPSE OF STRUCTURE(DAM),0,0,0,0,0,0,0
PUDUCHERRY,2012,COLLAPSE OF STRUCTURE(BRIDGE),0,0,0,0,0,0,0
PUDUCHERRY,2012,COLLAPSE OF STRUCTURE(OTHERS),0,0,0,0,0,0,0
PUDUCHERRY,2012,DROWNING(BOAT CAPSIZE),0,0,0,0,0,0,0
PUDUCHERRY,2012,DROWNING(OTHER),95,0,0,0,88,8,96
PUDUCHERRY,2012,ELECTROCUTION,27,3,0,3,20,3,23
PUDUCHERRY,2012,EXPLOSION(BOMB EXPLOSION),0,0,0,0,0,0,0
PUDUCHERRY,2012,EXPLOSION(OTHER EXPLOSION LIKE BOIL,0,0,0,0,0,0,0
PUDUCHERRY,2012,FALLS(FALL FROM HEIGHT),51,4,0,4,49,3,52
PUDUCHERRY,2012,FALL INTO PIT/MANHOLE,3,0,0,0,3,0,3
PUDUCHERRY,2012,FACTORY/MACHINE ACCIDENTS,7,7,0,7,4,0,4
PUDUCHERRY,2012,FIRE(FIREWORKS/CRACKERS),0,0,0,0,0,0,0
PUDUCHERRY,2012,FIRE(SHORT-CIRCUIT),0,0,0,0,0,0,0
PUDUCHERRY,2012,GAS CYLINDER/STOVE BURST,0,0,0,0,0,0,0
PUDUCHERRY,2012,OTHER FIRE ACCIDENTS,25,0,0,0,6,19,25
PUDUCHERRY,2012,FIRE-ARMS,0,0,0,0,0,0,0
PUDUCHERRY,2012,SUDDEN DEATHS(HEART ATTACKS),63,0,0,0,54,9,63
PUDUCHERRY,2012,EPILEPTIC FITS/GIDDINESS,279,0,0,0,252,27,279
PUDUCHERRY,2012,ABORTIONS/CHILD BIRTH,1,0,0,0,0,1,1
PUDUCHERRY,2012,INFLUENCE OF ALCOHOL,307,0,0,0,302,5,307
PUDUCHERRY,2012,KILLED BY ANIMALS,0,0,0,0,0,0,0
PUDUCHERRY,2012,MINES OR QUARY DISASTER,0,0,0,0,0,0,0
PUDUCHERRY,2012,FOOD POISIONING/ACCIDENTAL INTAKE OF INSECTICIDES ETC.,0,0,0,0,0,0,0
PUDUCHERRY,2012,SPURIOUS/POISIONOUS LIQUOR,0,0,0,0,0,0,0
PUDUCHERRY,2012,LEAKAGE OF POISINOUS GASES ETC.,1,2,7,9,0,0,0
PUDUCHERRY,2012,SNAKE BITE/ANIMAL BITE,13,0,0,0,7,6,13
PUDUCHERRY,2012,OTHER,3,0,0,0,1,2,3
PUDUCHERRY,2012,STAMPEDE,0,0,0,0,0,0,0
PUDUCHERRY,2012,SUFFOCATION,0,0,0,0,0,0,0
PUDUCHERRY,2012,TRAFFIC ACCIDENTS(ROAD ACCIDENTS),1510,1195,404,1599,195,38,233
PUDUCHERRY,2012,TRAFFIC ACCIDENTS(RAIL-ROAD ACCIDENTS),0,0,0,0,0,0,0
PUDUCHERRY,2012,OTHER RAILWAY ACCIDENTS,7,0,0,0,7,0,7
PUDUCHERRY,2012,OTHER,38,10,2,12,23,6,29
PUDUCHERRY,2012,CAUSES NOT KNOWN,16,0,0,0,13,3,16
PUDUCHERRY,2012,TOTAL,2452,1226,413,1639,1027,131,1158
PUDUCHERRY,2012,TOTAL COLLAPSE,6,5,0,5,3,1,4
PUDUCHERRY,2012,TOTAL DROWNING,95,0,0,0,88,8,96
PUDUCHERRY,2012,TOTAL EXPLOSION,0,0,0,0,0,0,0
PUDUCHERRY,2012,TOTAL FALLS,54,4,0,4,52,3,55
PUDUCHERRY,2012,TOTAL FIRE,25,0,0,0,6,19,25
PUDUCHERRY,2012,TOTAL SUDDEN DEATHS,650,0,0,0,608,42,650
PUDUCHERRY,2012,TOTAL POISONING,17,2,7,9,8,8,16
PUDUCHERRY,2012,TOTAL TRAFFIC ACCIDENTS,1517,1195,404,1599,202,38,240
TOTAL(UTS),2001,AIR-CRASH,0,0,0,0,0,0,0
TOTAL(UTS),2001,COLLAPSE OF STRUCTURE(HOUSE),20,14,1,15,15,3,18
TOTAL(UTS),2001,COLLAPSE OF STRUCTURE(BUILDING),4,2,1,3,3,0,3
TOTAL(UTS),2001,COLLAPSE OF STRUCTURE(DAM),0,0,0,0,0,0,0
TOTAL(UTS),2001,COLLAPSE OF STRUCTURE(BRIDGE),0,0,0,0,0,0,0
TOTAL(UTS),2001,COLLAPSE OF STRUCTURE(OTHERS),23,26,4,30,15,5,20
TOTAL(UTS),2001,DROWNING(BOAT CAPSIZE),2,0,0,0,2,0,2
TOTAL(UTS),2001,DROWNING(OTHER),282,0,0,0,242,52,294
TOTAL(UTS),2001,ELECTROCUTION,244,7,0,7,205,35,240
TOTAL(UTS),2001,EXPLOSION(BOMB EXPLOSION),2,3,0,3,0,0,0
TOTAL(UTS),2001,EXPLOSION(OTHER EXPLOSION LIKE BOILERS, GAS CYLINDER ETC.),14,13,3,16,6,4,10
TOTAL(UTS),2001,FALLS(FALL FROM HEIGHT),305,11,0,11,252,45,297
TOTAL(UTS),2001,FALL INTO PIT/MANHOLE,28,2,1,3,26,2,28
TOTAL(UTS),2001,FACTORY/MACHINE ACCIDENTS,104,69,0,69,39,0,39
TOTAL(UTS),2001,FIRE(FIREWORKS/CRACKERS),2,9,0,9,1,0,1
TOTAL(UTS),2001,FIRE(SHORT-CIRCUIT),28,2,0,2,23,8,31
TOTAL(UTS),2001,GAS CYLINDER/STOVE BURST,213,7,2,9,48,161,209
TOTAL(UTS),2001,OTHER FIRE ACCIDENTS,449,12,1,13,140,344,484
TOTAL(UTS),2001,FIRE-ARMS,50,34,0,34,35,16,51
TOTAL(UTS),2001,SUDDEN DEATHS(HEART ATTACKS),335,0,0,0,304,31,335
TOTAL(UTS),2001,EPILEPTIC FITS/GIDDINESS,61,0,0,0,51,11,62
TOTAL(UTS),2001,ABORTIONS/CHILD BIRTH,18,0,0,0,0,18,18
TOTAL(UTS),2001,INFLUENCE OF ALCOHOL,214,0,0,0,213,1,214
TOTAL(UTS),2001,KILLED BY ANIMALS,13,5,0,5,8,0,8
TOTAL(UTS),2001,MINES OR QUARY DISASTER,3,1,1,2,1,0,1
TOTAL(UTS),2001,FOOD POISIONING/ACCIDENTAL INTAKE OF INSECTICIDES ETC.,113,3,5,8,71,40,111
TOTAL(UTS),2001,SPURIOUS/POISIONOUS LIQUOR,15,0,0,0,8,7,15
TOTAL(UTS),2001,LEAKAGE OF POISINOUS GASES ETC.,2,1,0,1,2,0,2
TOTAL(UTS),2001,SNAKE BITE/ANIMAL BITE,34,0,0,0,24,10,34
TOTAL(UTS),2001,OTHER,186,1,0,1,128,65,193
TOTAL(UTS),2001,STAMPEDE,0,0,0,0,0,0,0
TOTAL(UTS),2001,SUFFOCATION,13,0,0,0,12,1,13
TOTAL(UTS),2001,TRAFFIC ACCIDENTS(ROAD ACCIDENTS),11370,9332,1454,10786,1951,300,2251
TOTAL(UTS),2001,TRAFFIC ACCIDENTS(RAIL-ROAD ACCIDENTS),7,0,0,0,7,0,7
TOTAL(UTS),2001,OTHER RAILWAY ACCIDENTS,875,0,0,0,768,107,875
TOTAL(UTS),2001,OTHER,333,1,0,1,278,57,335
TOTAL(UTS),2001,CAUSES NOT KNOWN,730,7,2,9,550,171,721
TOTAL(UTS),2001,TOTAL,16092,9562,1475,11037,5428,1494,6922
TOTAL(UTS),2001,TOTAL COLLAPSE,47,42,6,48,33,8,41
TOTAL(UTS),2001,TOTAL DROWNING,284,0,0,0,244,52,296
TOTAL(UTS),2001,TOTAL EXPLOSION,16,16,3,19,6,4,10
TOTAL(UTS),2001,TOTAL FALLS,333,13,1,14,278,47,325
TOTAL(UTS),2001,TOTAL FIRE,692,30,3,33,212,513,725
TOTAL(UTS),2001,TOTAL SUDDEN DEATHS,628,0,0,0,568,61,629
TOTAL(UTS),2001,TOTAL POISONING,350,5,5,10,233,122,355
TOTAL(UTS),2001,TOTAL TRAFFIC ACCIDENTS,12252,9332,1454,10786,2726,407,3133
TOTAL(UTS),2002,AIR-CRASH,0,0,0,0,0,0,0
TOTAL(UTS),2002,COLLAPSE OF STRUCTURE(HOUSE),11,3,2,5,8,2,10
TOTAL(UTS),2002,COLLAPSE OF STRUCTURE(BUILDING),5,13,2,15,11,2,13
TOTAL(UTS),2002,COLLAPSE OF STRUCTURE(DAM),0,0,0,0,0,0,0
TOTAL(UTS),2002,COLLAPSE OF STRUCTURE(BRIDGE),0,0,0,0,0,0,0
TOTAL(UTS),2002,COLLAPSE OF STRUCTURE(OTHERS),28,7,1,8,26,8,34
TOTAL(UTS),2002,DROWNING(BOAT CAPSIZE),1,0,0,0,1,0,1
TOTAL(UTS),2002,DROWNING(OTHER),276,0,0,0,244,38,282
TOTAL(UTS),2002,ELECTROCUTION,179,9,1,10,147,39,186
TOTAL(UTS),2002,EXPLOSION(BOMB EXPLOSION),2,1,0,1,0,0,0
TOTAL(UTS),2002,EXPLOSION(OTHER EXPLOSION LIKE BOILERS, GAS CYLINDER ETC.),16,29,7,36,21,3,24
TOTAL(UTS),2002,FALLS(FALL FROM HEIGHT),314,18,1,19,282,45,327
TOTAL(UTS),2002,FALL INTO PIT/MANHOLE,27,0,0,0,22,7,29
TOTAL(UTS),2002,FACTORY/MACHINE ACCIDENTS,163,108,11,119,46,4,50
TOTAL(UTS),2002,FIRE(FIREWORKS/CRACKERS),4,2,0,2,2,0,2
TOTAL(UTS),2002,FIRE(SHORT-CIRCUIT),25,1,0,1,23,11,34
TOTAL(UTS),2002,GAS CYLINDER/STOVE BURST,164,7,6,13,48,122,170
TOTAL(UTS),2002,OTHER FIRE ACCIDENTS,406,14,15,29,123,300,423
TOTAL(UTS),2002,FIRE-ARMS,55,16,2,18,24,13,37
TOTAL(UTS),2002,SUDDEN DEATHS(HEART ATTACKS),352,0,1,1,319,32,351
TOTAL(UTS),2002,EPILEPTIC FITS/GIDDINESS,81,1,1,2,67,12,79
TOTAL(UTS),2002,ABORTIONS/CHILD BIRTH,28,0,1,1,0,27,27
TOTAL(UTS),2002,INFLUENCE OF ALCOHOL,232,1,0,1,232,0,232
TOTAL(UTS),2002,KILLED BY ANIMALS,10,0,0,0,8,2,10
TOTAL(UTS),2002,MINES OR QUARY DISASTER,1,0,0,0,1,0,1
TOTAL(UTS),2002,FOOD POISIONING/ACCIDENTAL INTAKE OF INSECTICIDES ETC.,120,3,1,4,77,39,116
TOTAL(UTS),2002,SPURIOUS/POISIONOUS LIQUOR,36,18,0,18,18,0,18
TOTAL(UTS),2002,LEAKAGE OF POISINOUS GASES ETC.,0,0,0,0,0,0,0
TOTAL(UTS),2002,SNAKE BITE/ANIMAL BITE,30,1,0,1,23,6,29
TOTAL(UTS),2002,OTHER,73,6,0,6,48,21,69
TOTAL(UTS),2002,STAMPEDE,1,0,1,1,0,1,1
TOTAL(UTS),2002,SUFFOCATION,5,0,0,0,4,1,5
TOTAL(UTS),2002,TRAFFIC ACCIDENTS(ROAD ACCIDENTS),11004,8883,1359,10242,1894,245,2139
TOTAL(UTS),2002,TRAFFIC ACCIDENTS(RAIL-ROAD ACCIDENTS),7,0,0,0,6,1,7
TOTAL(UTS),2002,OTHER RAILWAY ACCIDENTS,819,15,0,15,721,83,804
TOTAL(UTS),2002,OTHER,438,6,0,6,363,94,457
TOTAL(UTS),2002,CAUSES NOT KNOWN,601,15,3,18,594,102,696
TOTAL(UTS),2002,TOTAL,15514,9177,1415,10592,5403,1260,6663
TOTAL(UTS),2002,TOTAL COLLAPSE,44,23,5,28,45,12,57
TOTAL(UTS),2002,TOTAL DROWNING,277,0,0,0,245,38,283
TOTAL(UTS),2002,TOTAL EXPLOSION,18,30,7,37,21,3,24
TOTAL(UTS),2002,TOTAL FALLS,341,18,1,19,304,52,356
TOTAL(UTS),2002,TOTAL FIRE,599,24,21,45,196,433,629
TOTAL(UTS),2002,TOTAL SUDDEN DEATHS,693,2,3,5,618,71,689
TOTAL(UTS),2002,TOTAL POISONING,259,28,1,29,166,66,232
TOTAL(UTS),2002,TOTAL TRAFFIC ACCIDENTS,11830,8898,1359,10257,2621,329,2950
TOTAL(UTS),2003,AIR-CRASH,1,1,1,2,1,0,1
TOTAL(UTS),2003,COLLAPSE OF STRUCTURE(HOUSE),9,0,0,0,10,4,14
TOTAL(UTS),2003,COLLAPSE OF STRUCTURE(BUILDING),17,16,2,18,18,1,19
TOTAL(UTS),2003,COLLAPSE OF STRUCTURE(DAM),0,0,0,0,0,0,0
TOTAL(UTS),2003,COLLAPSE OF STRUCTURE(BRIDGE),3,0,0,0,4,0,4
TOTAL(UTS),2003,COLLAPSE OF STRUCTURE(OTHERS),27,16,3,19,19,4,23
TOTAL(UTS),2003,DROWNING(BOAT CAPSIZE),1,0,0,0,1,1,2
TOTAL(UTS),2003,DROWNING(OTHER),291,0,0,0,260,42,302
TOTAL(UTS),2003,ELECTROCUTION,235,8,3,11,210,29,239
TOTAL(UTS),2003,EXPLOSION(BOMB EXPLOSION),0,0,0,0,0,0,0
TOTAL(UTS),2003,EXPLOSION(OTHER EXPLOSION LIKE BOILERS, GAS CYLINDER ETC.),10,5,0,5,3,4,7
TOTAL(UTS),2003,FALLS(FALL FROM HEIGHT),299,5,0,5,248,55,303
TOTAL(UTS),2003,FALL INTO PIT/MANHOLE,77,1,0,1,70,10,80
TOTAL(UTS),2003,FACTORY/MACHINE ACCIDENTS,99,66,0,66,45,2,47
TOTAL(UTS),2003,FIRE(FIREWORKS/CRACKERS),2,1,0,1,0,1,1
TOTAL(UTS),2003,FIRE(SHORT-CIRCUIT),47,1,0,1,35,12,47
TOTAL(UTS),2003,GAS CYLINDER/STOVE BURST,167,6,5,11,44,127,171
TOTAL(UTS),2003,OTHER FIRE ACCIDENTS,296,5,1,6,118,195,313
TOTAL(UTS),2003,FIRE-ARMS,39,18,1,19,20,8,28
TOTAL(UTS),2003,SUDDEN DEATHS(HEART ATTACKS),326,0,0,0,293,33,326
TOTAL(UTS),2003,EPILEPTIC FITS/GIDDINESS,32,0,0,0,25,7,32
TOTAL(UTS),2003,ABORTIONS/CHILD BIRTH,15,0,0,0,0,15,15
TOTAL(UTS),2003,INFLUENCE OF ALCOHOL,223,0,0,0,216,7,223
TOTAL(UTS),2003,KILLED BY ANIMALS,6,0,0,0,5,3,8
TOTAL(UTS),2003,MINES OR QUARY DISASTER,0,0,0,0,0,0,0
TOTAL(UTS),2003,FOOD POISIONING/ACCIDENTAL INTAKE OF INSECTICIDES ETC.,81,18,0,18,62,26,88
TOTAL(UTS),2003,SPURIOUS/POISIONOUS LIQUOR,5,0,0,0,1,4,5
TOTAL(UTS),2003,LEAKAGE OF POISINOUS GASES ETC.,1,1,2,3,1,0,1
TOTAL(UTS),2003,SNAKE BITE/ANIMAL BITE,22,0,0,0,14,8,22
TOTAL(UTS),2003,OTHER,139,0,0,0,83,57,140
TOTAL(UTS),2003,STAMPEDE,1,0,0,0,1,0,1
TOTAL(UTS),2003,SUFFOCATION,12,1,0,1,11,2,13
TOTAL(UTS),2003,TRAFFIC ACCIDENTS(ROAD ACCIDENTS),11224,8913,1448,10361,2039,265,2304
TOTAL(UTS),2003,TRAFFIC ACCIDENTS(RAIL-ROAD ACCIDENTS),3,1,0,1,4,0,4
TOTAL(UTS),2003,OTHER RAILWAY ACCIDENTS,807,0,0,0,707,111,818
TOTAL(UTS),2003,OTHER,874,17,3,20,664,218,882
TOTAL(UTS),2003,CAUSES NOT KNOWN,313,0,0,0,266,51,317
TOTAL(UTS),2003,TOTAL,15704,9100,1469,10569,5498,1302,6800
TOTAL(UTS),2003,TOTAL COLLAPSE,56,32,5,37,51,9,60
TOTAL(UTS),2003,TOTAL DROWNING,292,0,0,0,261,43,304
TOTAL(UTS),2003,TOTAL EXPLOSION,10,5,0,5,3,4,7
TOTAL(UTS),2003,TOTAL FALLS,376,6,0,6,318,65,383
TOTAL(UTS),2003,TOTAL FIRE,512,13,6,19,197,335,532
TOTAL(UTS),2003,TOTAL SUDDEN DEATHS,596,0,0,0,534,62,596
TOTAL(UTS),2003,TOTAL POISONING,248,19,2,21,161,95,256
TOTAL(UTS),2003,TOTAL TRAFFIC ACCIDENTS,12034,8914,1448,10362,2750,376,3126
TOTAL(UTS),2004,AIR-CRASH,0,0,0,0,0,0,0
TOTAL(UTS),2004,COLLAPSE OF STRUCTURE(HOUSE),12,8,1,9,18,6,24
TOTAL(UTS),2004,COLLAPSE OF STRUCTURE(BUILDING),8,2,1,3,7,1,8
TOTAL(UTS),2004,COLLAPSE OF STRUCTURE(DAM),0,0,0,0,0,0,0
TOTAL(UTS),2004,COLLAPSE OF STRUCTURE(BRIDGE),0,0,0,0,0,0,0
TOTAL(UTS),2004,COLLAPSE OF STRUCTURE(OTHERS),28,19,0,19,28,2,30
TOTAL(UTS),2004,DROWNING(BOAT CAPSIZE),0,0,0,0,0,0,0
TOTAL(UTS),2004,DROWNING(OTHER),241,2,0,2,199,41,240
TOTAL(UTS),2004,ELECTROCUTION,195,10,0,10,171,26,197
TOTAL(UTS),2004,EXPLOSION(BOMB EXPLOSION),0,0,0,0,0,0,0
TOTAL(UTS),2004,EXPLOSION(OTHER EXPLOSION LIKE BOILERS, GAS CYLINDER ETC.),8,7,9,16,5,4,9
TOTAL(UTS),2004,FALLS(FALL FROM HEIGHT),361,9,1,10,307,56,363
TOTAL(UTS),2004,FALL INTO PIT/MANHOLE,29,0,0,0,31,4,35
TOTAL(UTS),2004,FACTORY/MACHINE ACCIDENTS,158,110,0,110,69,3,72
TOTAL(UTS),2004,FIRE(FIREWORKS/CRACKERS),5,2,0,2,4,0,4
TOTAL(UTS),2004,FIRE(SHORT-CIRCUIT),41,4,0,4,33,7,40
TOTAL(UTS),2004,GAS CYLINDER/STOVE BURST,161,7,0,7,40,124,164
TOTAL(UTS),2004,OTHER FIRE ACCIDENTS,327,19,0,19,154,194,348
TOTAL(UTS),2004,FIRE-ARMS,52,20,3,23,26,5,31
TOTAL(UTS),2004,SUDDEN DEATHS(HEART ATTACKS),343,1,2,3,306,36,342
TOTAL(UTS),2004,EPILEPTIC FITS/GIDDINESS,92,0,0,0,79,13,92
TOTAL(UTS),2004,ABORTIONS/CHILD BIRTH,22,0,0,0,0,22,22
TOTAL(UTS),2004,INFLUENCE OF ALCOHOL,235,0,0,0,234,2,236
TOTAL(UTS),2004,KILLED BY ANIMALS,12,0,0,0,7,5,12
TOTAL(UTS),2004,MINES OR QUARY DISASTER,1,0,0,0,1,0,1
TOTAL(UTS),2004,FOOD POISIONING/ACCIDENTAL INTAKE OF INSECTICIDES ETC.,85,37,58,95,56,28,84
TOTAL(UTS),2004,SPURIOUS/POISIONOUS LIQUOR,6,0,0,0,5,1,6
TOTAL(UTS),2004,LEAKAGE OF POISINOUS GASES ETC.,2,3,4,7,1,1,2
TOTAL(UTS),2004,SNAKE BITE/ANIMAL BITE,35,0,0,0,26,9,35
TOTAL(UTS),2004,OTHER,152,0,0,0,100,63,163
TOTAL(UTS),2004,STAMPEDE,3,7,3,10,0,7,7
TOTAL(UTS),2004,SUFFOCATION,7,0,0,0,5,2,7
TOTAL(UTS),2004,TRAFFIC ACCIDENTS(ROAD ACCIDENTS),11529,9177,1475,10652,2099,282,2381
TOTAL(UTS),2004,TRAFFIC ACCIDENTS(RAIL-ROAD ACCIDENTS),7,0,0,0,7,0,7
TOTAL(UTS),2004,OTHER RAILWAY ACCIDENTS,761,0,0,0,675,86,761
TOTAL(UTS),2004,OTHER,1258,9,3,12,1137,617,1754
TOTAL(UTS),2004,CAUSES NOT KNOWN,658,2,1,3,571,210,781
TOTAL(UTS),2004,TOTAL,16834,9455,1561,11016,6401,1857,8258
TOTAL(UTS),2004,TOTAL COLLAPSE,48,29,2,31,53,9,62
TOTAL(UTS),2004,TOTAL DROWNING,241,2,0,2,199,41,240
TOTAL(UTS),2004,TOTAL EXPLOSION,8,7,9,16,5,4,9
TOTAL(UTS),2004,TOTAL FALLS,390,9,1,10,338,60,398
TOTAL(UTS),2004,TOTAL FIRE,534,32,0,32,231,325,556
TOTAL(UTS),2004,TOTAL SUDDEN DEATHS,692,1,2,3,619,73,692
TOTAL(UTS),2004,TOTAL POISONING,280,40,62,102,188,102,290
TOTAL(UTS),2004,TOTAL TRAFFIC ACCIDENTS,12297,9177,1475,10652,2781,368,3149
TOTAL(UTS),2005,AIR-CRASH,0,0,0,0,0,0,0
TOTAL(UTS),2005,COLLAPSE OF STRUCTURE(HOUSE),19,26,3,29,14,3,17
TOTAL(UTS),2005,COLLAPSE OF STRUCTURE(BUILDING),17,13,2,15,15,7,22
TOTAL(UTS),2005,COLLAPSE OF STRUCTURE(DAM),0,0,0,0,0,0,0
TOTAL(UTS),2005,COLLAPSE OF STRUCTURE(BRIDGE),0,0,0,0,0,0,0
TOTAL(UTS),2005,COLLAPSE OF STRUCTURE(OTHERS),37,31,3,34,34,8,42
TOTAL(UTS),2005,DROWNING(BOAT CAPSIZE),3,1,0,1,3,0,3
TOTAL(UTS),2005,DROWNING(OTHER),298,1,0,1,262,47,309
TOTAL(UTS),2005,ELECTROCUTION,216,5,1,6,197,22,219
TOTAL(UTS),2005,EXPLOSION(BOMB EXPLOSION),7,187,92,279,34,31,65
TOTAL(UTS),2005,EXPLOSION(OTHER EXPLOSION LIKE BOILERS, GAS CYLINDER ETC.),16,8,2,10,7,6,13
TOTAL(UTS),2005,FALLS(FALL FROM HEIGHT),407,26,0,26,328,73,401
TOTAL(UTS),2005,FALL INTO PIT/MANHOLE,21,2,0,2,17,4,21
TOTAL(UTS),2005,FACTORY/MACHINE ACCIDENTS,187,143,8,151,44,1,45
TOTAL(UTS),2005,FIRE(FIREWORKS/CRACKERS),6,0,0,0,6,0,6
TOTAL(UTS),2005,FIRE(SHORT-CIRCUIT),58,6,0,6,54,20,74
TOTAL(UTS),2005,GAS CYLINDER/STOVE BURST,159,18,1,19,42,126,168
TOTAL(UTS),2005,OTHER FIRE ACCIDENTS,245,17,4,21,92,153,245
TOTAL(UTS),2005,FIRE-ARMS,38,16,3,19,21,4,25
TOTAL(UTS),2005,SUDDEN DEATHS(HEART ATTACKS),421,0,0,0,387,34,421
TOTAL(UTS),2005,EPILEPTIC FITS/GIDDINESS,76,0,0,0,72,7,79
TOTAL(UTS),2005,ABORTIONS/CHILD BIRTH,26,0,0,0,0,26,26
TOTAL(UTS),2005,INFLUENCE OF ALCOHOL,292,0,0,0,291,5,296
TOTAL(UTS),2005,KILLED BY ANIMALS,6,0,0,0,5,1,6
TOTAL(UTS),2005,MINES OR QUARY DISASTER,1,1,0,1,1,0,1
TOTAL(UTS),2005,FOOD POISIONING/ACCIDENTAL INTAKE OF INSECTICIDES ETC.,85,0,11,11,55,32,87
TOTAL(UTS),2005,SPURIOUS/POISIONOUS LIQUOR,4,0,0,0,2,2,4
TOTAL(UTS),2005,LEAKAGE OF POISINOUS GASES ETC.,2,0,0,0,2,0,2
TOTAL(UTS),2005,SNAKE BITE/ANIMAL BITE,37,0,0,0,23,14,37
TOTAL(UTS),2005,OTHER,138,0,0,0,92,48,140
TOTAL(UTS),2005,STAMPEDE,0,0,0,0,0,0,0
TOTAL(UTS),2005,SUFFOCATION,12,0,0,0,7,5,12
TOTAL(UTS),2005,TRAFFIC ACCIDENTS(ROAD ACCIDENTS),12278,10309,1595,11904,2189,296,2485
TOTAL(UTS),2005,TRAFFIC ACCIDENTS(RAIL-ROAD ACCIDENTS),0,0,0,0,0,0,0
TOTAL(UTS),2005,OTHER RAILWAY ACCIDENTS,811,0,0,0,713,98,811
TOTAL(UTS),2005,OTHER,947,15,2,17,1306,888,2194
TOTAL(UTS),2005,CAUSES NOT KNOWN,639,0,0,0,647,132,779
TOTAL(UTS),2005,TOTAL,17509,10825,1727,12552,6962,2093,9055
TOTAL(UTS),2005,TOTAL COLLAPSE,73,70,8,78,63,18,81
TOTAL(UTS),2005,TOTAL DROWNING,301,2,0,2,265,47,312
TOTAL(UTS),2005,TOTAL EXPLOSION,23,195,94,289,41,37,78
TOTAL(UTS),2005,TOTAL FALLS,428,28,0,28,345,77,422
TOTAL(UTS),2005,TOTAL FIRE,468,41,5,46,194,299,493
TOTAL(UTS),2005,TOTAL SUDDEN DEATHS,815,0,0,0,750,72,822
TOTAL(UTS),2005,TOTAL POISONING,266,0,11,11,174,96,270
TOTAL(UTS),2005,TOTAL TRAFFIC ACCIDENTS,13089,10309,1595,11904,2902,394,3296
TOTAL(UTS),2006,AIR-CRASH,0,0,0,0,0,0,0
TOTAL(UTS),2006,COLLAPSE OF STRUCTURE(HOUSE),21,12,4,16,12,4,16
TOTAL(UTS),2006,COLLAPSE OF STRUCTURE(BUILDING),13,57,14,71,13,5,18
TOTAL(UTS),2006,COLLAPSE OF STRUCTURE(DAM),0,0,0,0,0,0,0
TOTAL(UTS),2006,COLLAPSE OF STRUCTURE(BRIDGE),0,0,0,0,0,0,0
TOTAL(UTS),2006,COLLAPSE OF STRUCTURE(OTHERS),32,21,5,26,16,9,25
TOTAL(UTS),2006,DROWNING(BOAT CAPSIZE),5,0,0,0,3,2,5
TOTAL(UTS),2006,DROWNING(OTHER),360,0,0,0,318,56,374
TOTAL(UTS),2006,ELECTROCUTION,181,5,1,6,149,30,179
TOTAL(UTS),2006,EXPLOSION(BOMB EXPLOSION),1,13,2,15,0,0,0
TOTAL(UTS),2006,EXPLOSION(OTHER EXPLOSION LIKE BOILERS, GAS CYLINDER ETC.),19,11,0,11,16,1,17
TOTAL(UTS),2006,FALLS(FALL FROM HEIGHT),416,17,2,19,337,79,416
TOTAL(UTS),2006,FALL INTO PIT/MANHOLE,23,1,0,1,20,6,26
TOTAL(UTS),2006,FACTORY/MACHINE ACCIDENTS,225,179,2,181,65,5,70
TOTAL(UTS),2006,FIRE(FIREWORKS/CRACKERS),8,5,3,8,6,2,8
TOTAL(UTS),2006,FIRE(SHORT-CIRCUIT),73,4,4,8,54,17,71
TOTAL(UTS),2006,GAS CYLINDER/STOVE BURST,145,13,5,18,42,115,157
TOTAL(UTS),2006,OTHER FIRE ACCIDENTS,318,12,4,16,142,194,336
TOTAL(UTS),2006,FIRE-ARMS,24,11,1,12,15,3,18
TOTAL(UTS),2006,SUDDEN DEATHS(HEART ATTACKS),344,0,0,0,308,36,344
TOTAL(UTS),2006,EPILEPTIC FITS/GIDDINESS,90,0,0,0,82,8,90
TOTAL(UTS),2006,ABORTIONS/CHILD BIRTH,30,0,0,0,0,30,30
TOTAL(UTS),2006,INFLUENCE OF ALCOHOL,292,1,0,1,284,7,291
TOTAL(UTS),2006,KILLED BY ANIMALS,10,1,0,1,6,4,10
TOTAL(UTS),2006,MINES OR QUARY DISASTER,0,0,0,0,0,0,0
TOTAL(UTS),2006,FOOD POISIONING/ACCIDENTAL INTAKE OF INSECTICIDES ETC.,102,1,0,1,77,29,106
TOTAL(UTS),2006,SPURIOUS/POISIONOUS LIQUOR,2,0,0,0,1,1,2
TOTAL(UTS),2006,LEAKAGE OF POISINOUS GASES ETC.,1,0,0,0,1,0,1
TOTAL(UTS),2006,SNAKE BITE/ANIMAL BITE,31,0,0,0,17,14,31
TOTAL(UTS),2006,OTHER,126,0,0,0,84,44,128
TOTAL(UTS),2006,STAMPEDE,2,2,0,2,0,0,0
TOTAL(UTS),2006,SUFFOCATION,10,4,0,4,14,1,15
TOTAL(UTS),2006,TRAFFIC ACCIDENTS(ROAD ACCIDENTS),12175,9999,1372,11371,2367,253,2620
TOTAL(UTS),2006,TRAFFIC ACCIDENTS(RAIL-ROAD ACCIDENTS),1,0,0,0,1,0,1
TOTAL(UTS),2006,OTHER RAILWAY ACCIDENTS,930,61,11,72,751,109,860
TOTAL(UTS),2006,OTHER,918,38,10,48,622,227,849
TOTAL(UTS),2006,CAUSES NOT KNOWN,535,3,0,3,483,103,586
TOTAL(UTS),2006,TOTAL,17463,10471,1440,11911,6306,1394,7700
TOTAL(UTS),2006,TOTAL COLLAPSE,66,90,23,113,41,18,59
TOTAL(UTS),2006,TOTAL DROWNING,365,0,0,0,321,58,379
TOTAL(UTS),2006,TOTAL EXPLOSION,20,24,2,26,16,1,17
TOTAL(UTS),2006,TOTAL FALLS,439,18,2,20,357,85,442
TOTAL(UTS),2006,TOTAL FIRE,544,34,16,50,244,328,572
TOTAL(UTS),2006,TOTAL SUDDEN DEATHS,756,1,0,1,674,81,755
TOTAL(UTS),2006,TOTAL POISONING,262,1,0,1,180,88,268
TOTAL(UTS),2006,TOTAL TRAFFIC ACCIDENTS,13106,10060,1383,11443,3119,362,3481
TOTAL(UTS),2007,AIR-CRASH,0,0,0,0,0,0,0
TOTAL(UTS),2007,COLLAPSE OF STRUCTURE(HOUSE),29,7,2,9,24,4,28
TOTAL(UTS),2007,COLLAPSE OF STRUCTURE(BUILDING),15,28,9,37,19,9,28
TOTAL(UTS),2007,COLLAPSE OF STRUCTURE(DAM),0,0,0,0,0,0,0
TOTAL(UTS),2007,COLLAPSE OF STRUCTURE(BRIDGE),1,0,0,0,1,0,1
TOTAL(UTS),2007,COLLAPSE OF STRUCTURE(OTHERS),51,31,10,41,42,12,54
TOTAL(UTS),2007,DROWNING(BOAT CAPSIZE),2,0,0,0,2,0,2
TOTAL(UTS),2007,DROWNING(OTHER),325,3,0,3,311,27,338
TOTAL(UTS),2007,ELECTROCUTION,180,18,1,19,150,23,173
TOTAL(UTS),2007,EXPLOSION(BOMB EXPLOSION),0,0,0,0,0,0,0
TOTAL(UTS),2007,EXPLOSION(OTHER EXPLOSION LIKE BOILERS, GAS CYLINDER ETC.),13,30,5,35,10,0,10
TOTAL(UTS),2007,FALLS(FALL FROM HEIGHT),416,31,8,39,355,78,433
TOTAL(UTS),2007,FALL INTO PIT/MANHOLE,54,5,0,5,49,7,56
TOTAL(UTS),2007,FACTORY/MACHINE ACCIDENTS,255,222,11,233,49,1,50
TOTAL(UTS),2007,FIRE(FIREWORKS/CRACKERS),7,2,0,2,1,3,4
TOTAL(UTS),2007,FIRE(SHORT-CIRCUIT),32,4,0,4,23,7,30
TOTAL(UTS),2007,GAS CYLINDER/STOVE BURST,107,14,6,20,48,78,126
TOTAL(UTS),2007,OTHER FIRE ACCIDENTS,304,26,4,30,125,175,300
TOTAL(UTS),2007,FIRE-ARMS,41,18,3,21,21,2,23
TOTAL(UTS),2007,SUDDEN DEATHS(HEART ATTACKS),330,10,1,11,319,39,358
TOTAL(UTS),2007,EPILEPTIC FITS/GIDDINESS,216,2,0,2,187,30,217
TOTAL(UTS),2007,ABORTIONS/CHILD BIRTH,20,0,0,0,0,20,20
TOTAL(UTS),2007,INFLUENCE OF ALCOHOL,336,0,0,0,345,5,350
TOTAL(UTS),2007,KILLED BY ANIMALS,11,3,0,3,7,2,9
TOTAL(UTS),2007,MINES OR QUARY DISASTER,0,0,0,0,0,0,0
TOTAL(UTS),2007,FOOD POISIONING/ACCIDENTAL INTAKE OF INSECTICIDES ETC.,78,0,0,0,46,32,78
TOTAL(UTS),2007,SPURIOUS/POISIONOUS LIQUOR,18,0,0,0,12,6,18
TOTAL(UTS),2007,LEAKAGE OF POISINOUS GASES ETC.,3,0,0,0,7,0,7
TOTAL(UTS),2007,SNAKE BITE/ANIMAL BITE,36,0,0,0,26,11,37
TOTAL(UTS),2007,OTHER,180,0,0,0,133,65,198
TOTAL(UTS),2007,STAMPEDE,0,0,0,0,0,0,0
TOTAL(UTS),2007,SUFFOCATION,2,0,0,0,2,0,2
TOTAL(UTS),2007,TRAFFIC ACCIDENTS(ROAD ACCIDENTS),13138,9840,1409,11249,2378,268,2646
TOTAL(UTS),2007,TRAFFIC ACCIDENTS(RAIL-ROAD ACCIDENTS),2,0,0,0,2,0,2
TOTAL(UTS),2007,OTHER RAILWAY ACCIDENTS,911,884,18,902,758,112,870
TOTAL(UTS),2007,OTHER,956,44,5,49,748,218,966
TOTAL(UTS),2007,CAUSES NOT KNOWN,720,38,3,41,566,205,771
TOTAL(UTS),2007,TOTAL,18789,11260,1495,12755,6766,1439,8205
TOTAL(UTS),2007,TOTAL COLLAPSE,96,66,21,87,86,25,111
TOTAL(UTS),2007,TOTAL DROWNING,327,3,0,3,313,27,340
TOTAL(UTS),2007,TOTAL EXPLOSION,13,30,5,35,10,0,10
TOTAL(UTS),2007,TOTAL FALLS,470,36,8,44,404,85,489
TOTAL(UTS),2007,TOTAL FIRE,450,46,10,56,197,263,460
TOTAL(UTS),2007,TOTAL SUDDEN DEATHS,902,12,1,13,851,94,945
TOTAL(UTS),2007,TOTAL POISONING,315,0,0,0,224,114,338
TOTAL(UTS),2007,TOTAL TRAFFIC ACCIDENTS,14051,10724,1427,12151,3138,380,3518
TOTAL(UTS),2008,AIR-CRASH,0,0,0,0,0,0,0
TOTAL(UTS),2008,COLLAPSE OF STRUCTURE(HOUSE),32,50,21,71,22,9,31
TOTAL(UTS),2008,COLLAPSE OF STRUCTURE(BUILDING),20,23,5,28,6,2,8
TOTAL(UTS),2008,COLLAPSE OF STRUCTURE(DAM),0,0,0,0,0,0,0
TOTAL(UTS),2008,COLLAPSE OF STRUCTURE(BRIDGE),1,12,0,12,1,0,1
TOTAL(UTS),2008,COLLAPSE OF STRUCTURE(OTHERS),58,17,5,22,35,10,45
TOTAL(UTS),2008,DROWNING(BOAT CAPSIZE),3,0,0,0,5,1,6
TOTAL(UTS),2008,DROWNING(OTHER),280,0,0,0,273,20,293
TOTAL(UTS),2008,ELECTROCUTION,233,17,0,17,189,42,231
TOTAL(UTS),2008,EXPLOSION(BOMB EXPLOSION),4,122,26,148,23,6,29
TOTAL(UTS),2008,EXPLOSION(OTHER EXPLOSION LIKE BOILERS, GAS CYLINDER ETC.),11,5,1,6,7,6,13
TOTAL(UTS),2008,FALLS(FALL FROM HEIGHT),452,24,1,25,370,84,454
TOTAL(UTS),2008,FALL INTO PIT/MANHOLE,42,5,0,5,32,6,38
TOTAL(UTS),2008,FACTORY/MACHINE ACCIDENTS,205,157,7,164,51,3,54
TOTAL(UTS),2008,FIRE(FIREWORKS/CRACKERS),6,4,0,4,2,0,2
TOTAL(UTS),2008,FIRE(SHORT-CIRCUIT),37,1,0,1,36,9,45
TOTAL(UTS),2008,GAS CYLINDER/STOVE BURST,101,19,0,19,25,80,105
TOTAL(UTS),2008,OTHER FIRE ACCIDENTS,274,22,4,26,121,164,285
TOTAL(UTS),2008,FIRE-ARMS,57,25,3,28,31,6,37
TOTAL(UTS),2008,SUDDEN DEATHS(HEART ATTACKS),305,2,0,2,280,25,305
TOTAL(UTS),2008,EPILEPTIC FITS/GIDDINESS,287,0,0,0,259,35,294
TOTAL(UTS),2008,ABORTIONS/CHILD BIRTH,20,0,0,0,0,20,20
TOTAL(UTS),2008,INFLUENCE OF ALCOHOL,408,0,0,0,405,8,413
TOTAL(UTS),2008,KILLED BY ANIMALS,2,0,0,0,2,0,2
TOTAL(UTS),2008,MINES OR QUARY DISASTER,0,0,0,0,0,0,0
TOTAL(UTS),2008,FOOD POISIONING/ACCIDENTAL INTAKE OF INSECTICIDES ETC.,60,14,4,18,36,24,60
TOTAL(UTS),2008,SPURIOUS/POISIONOUS LIQUOR,8,0,0,0,3,5,8
TOTAL(UTS),2008,LEAKAGE OF POISINOUS GASES ETC.,0,0,0,0,0,0,0
TOTAL(UTS),2008,SNAKE BITE/ANIMAL BITE,34,2,0,2,21,11,32
TOTAL(UTS),2008,OTHER,183,0,0,0,147,59,206
TOTAL(UTS),2008,STAMPEDE,0,0,0,0,0,0,0
TOTAL(UTS),2008,SUFFOCATION,11,1,0,1,12,5,17
TOTAL(UTS),2008,TRAFFIC ACCIDENTS(ROAD ACCIDENTS),11098,8944,1330,10274,2290,274,2564
TOTAL(UTS),2008,TRAFFIC ACCIDENTS(RAIL-ROAD ACCIDENTS),1,0,0,0,1,0,1
TOTAL(UTS),2008,OTHER RAILWAY ACCIDENTS,1099,107,13,120,883,96,979
TOTAL(UTS),2008,OTHER,863,31,1,32,616,279,895
TOTAL(UTS),2008,CAUSES NOT KNOWN,585,4,0,4,486,103,589
TOTAL(UTS),2008,TOTAL,16780,9608,1421,11029,6670,1392,8062
TOTAL(UTS),2008,TOTAL COLLAPSE,111,102,31,133,64,21,85
TOTAL(UTS),2008,TOTAL DROWNING,283,0,0,0,278,21,299
TOTAL(UTS),2008,TOTAL EXPLOSION,15,127,27,154,30,12,42
TOTAL(UTS),2008,TOTAL FALLS,494,29,1,30,402,90,492
TOTAL(UTS),2008,TOTAL FIRE,418,46,4,50,184,253,437
TOTAL(UTS),2008,TOTAL SUDDEN DEATHS,1020,2,0,2,944,88,1032
TOTAL(UTS),2008,TOTAL POISONING,285,16,4,20,207,99,306
TOTAL(UTS),2008,TOTAL TRAFFIC ACCIDENTS,12198,9051,1343,10394,3174,370,3544
TOTAL(UTS),2009,AIR-CRASH,0,0,0,0,0,0,0
TOTAL(UTS),2009,COLLAPSE OF STRUCTURE(HOUSE),13,36,6,42,9,2,11
TOTAL(UTS),2009,COLLAPSE OF STRUCTURE(BUILDING),5,6,0,6,4,0,4
TOTAL(UTS),2009,COLLAPSE OF STRUCTURE(DAM),1,0,0,0,0,1,1
TOTAL(UTS),2009,COLLAPSE OF STRUCTURE(BRIDGE),1,13,0,13,7,0,7
TOTAL(UTS),2009,COLLAPSE OF STRUCTURE(OTHERS),33,39,8,47,20,3,23
TOTAL(UTS),2009,DROWNING(BOAT CAPSIZE),11,0,0,0,13,3,16
TOTAL(UTS),2009,DROWNING(OTHER),235,0,0,0,214,28,242
TOTAL(UTS),2009,ELECTROCUTION,234,20,0,20,198,26,224
TOTAL(UTS),2009,EXPLOSION(BOMB EXPLOSION),0,0,0,0,0,0,0
TOTAL(UTS),2009,EXPLOSION(OTHER EXPLOSION LIKE BOILERS, GAS CYLINDER ETC.),16,33,0,33,21,5,26
TOTAL(UTS),2009,FALLS(FALL FROM HEIGHT),517,31,4,35,405,95,500
TOTAL(UTS),2009,FALL INTO PIT/MANHOLE,37,1,0,1,35,2,37
TOTAL(UTS),2009,FACTORY/MACHINE ACCIDENTS,222,176,3,179,68,3,71
TOTAL(UTS),2009,FIRE(FIREWORKS/CRACKERS),5,1,1,2,3,0,3
TOTAL(UTS),2009,FIRE(SHORT-CIRCUIT),57,5,0,5,48,11,59
TOTAL(UTS),2009,GAS CYLINDER/STOVE BURST,121,30,11,41,36,84,120
TOTAL(UTS),2009,OTHER FIRE ACCIDENTS,290,21,4,25,115,208,323
TOTAL(UTS),2009,FIRE-ARMS,82,45,2,47,40,7,47
TOTAL(UTS),2009,SUDDEN DEATHS(HEART ATTACKS),373,1,0,1,346,30,376
TOTAL(UTS),2009,EPILEPTIC FITS/GIDDINESS,220,0,0,0,189,31,220
TOTAL(UTS),2009,ABORTIONS/CHILD BIRTH,19,0,0,0,0,19,19
TOTAL(UTS),2009,INFLUENCE OF ALCOHOL,381,0,0,0,376,14,390
TOTAL(UTS),2009,KILLED BY ANIMALS,6,0,0,0,6,0,6
TOTAL(UTS),2009,MINES OR QUARY DISASTER,1,0,0,0,2,0,2
TOTAL(UTS),2009,FOOD POISIONING/ACCIDENTAL INTAKE OF INSECTICIDES ETC.,55,0,0,0,44,12,56
TOTAL(UTS),2009,SPURIOUS/POISIONOUS LIQUOR,25,1,0,1,23,1,24
TOTAL(UTS),2009,LEAKAGE OF POISINOUS GASES ETC.,1,0,0,0,0,1,1
TOTAL(UTS),2009,SNAKE BITE/ANIMAL BITE,28,0,0,0,15,13,28
TOTAL(UTS),2009,OTHER,178,4,0,4,121,58,179
TOTAL(UTS),2009,STAMPEDE,0,0,0,0,0,0,0
TOTAL(UTS),2009,SUFFOCATION,9,0,0,0,10,2,12
TOTAL(UTS),2009,TRAFFIC ACCIDENTS(ROAD ACCIDENTS),10074,6978,1435,8413,2266,243,2509
TOTAL(UTS),2009,TRAFFIC ACCIDENTS(RAIL-ROAD ACCIDENTS),3,3,0,3,0,0,0
TOTAL(UTS),2009,OTHER RAILWAY ACCIDENTS,1336,354,26,380,857,99,956
TOTAL(UTS),2009,OTHER,1355,135,33,168,1000,293,1293
TOTAL(UTS),2009,CAUSES NOT KNOWN,672,20,1,21,601,114,715
TOTAL(UTS),2009,TOTAL,16616,7953,1534,9487,7092,1408,8500
TOTAL(UTS),2009,TOTAL COLLAPSE,53,94,14,108,40,6,46
TOTAL(UTS),2009,TOTAL DROWNING,246,0,0,0,227,31,258
TOTAL(UTS),2009,TOTAL EXPLOSION,16,33,0,33,21,5,26
TOTAL(UTS),2009,TOTAL FALLS,554,32,4,36,440,97,537
TOTAL(UTS),2009,TOTAL FIRE,473,57,16,73,202,303,505
TOTAL(UTS),2009,TOTAL SUDDEN DEATHS,993,1,0,1,911,94,1005
TOTAL(UTS),2009,TOTAL POISONING,287,5,0,5,203,85,288
TOTAL(UTS),2009,TOTAL TRAFFIC ACCIDENTS,11413,7335,1461,8796,3123,342,3465
TOTAL(UTS),2010,AIR-CRASH,0,0,0,0,0,0,0
TOTAL(UTS),2010,COLLAPSE OF STRUCTURE(HOUSE),22,13,5,18,13,10,23
TOTAL(UTS),2010,COLLAPSE OF STRUCTURE(BUILDING),13,61,25,86,56,26,82
TOTAL(UTS),2010,COLLAPSE OF STRUCTURE(DAM),0,0,0,0,0,0,0
TOTAL(UTS),2010,COLLAPSE OF STRUCTURE(BRIDGE),1,2,0,2,1,0,1
TOTAL(UTS),2010,COLLAPSE OF STRUCTURE(OTHERS),46,19,8,27,33,8,41
TOTAL(UTS),2010,DROWNING(BOAT CAPSIZE),1,0,0,0,1,0,1
TOTAL(UTS),2010,DROWNING(OTHER),237,2,0,2,231,29,260
TOTAL(UTS),2010,ELECTROCUTION,234,19,0,19,199,34,233
TOTAL(UTS),2010,EXPLOSION(BOMB EXPLOSION),0,0,0,0,0,0,0
TOTAL(UTS),2010,EXPLOSION(OTHER EXPLOSION LIKE BOILERS, GAS CYLINDER ETC.),17,41,5,46,4,3,7
TOTAL(UTS),2010,FALLS(FALL FROM HEIGHT),442,37,2,39,370,78,448
TOTAL(UTS),2010,FALL INTO PIT/MANHOLE,25,1,0,1,23,3,26
TOTAL(UTS),2010,FACTORY/MACHINE ACCIDENTS,170,107,4,111,58,5,63
TOTAL(UTS),2010,FIRE(FIREWORKS/CRACKERS),10,1,0,1,2,7,9
TOTAL(UTS),2010,FIRE(SHORT-CIRCUIT),44,4,0,4,39,6,45
TOTAL(UTS),2010,GAS CYLINDER/STOVE BURST,85,8,2,10,28,65,93
TOTAL(UTS),2010,OTHER FIRE ACCIDENTS,232,24,3,27,99,159,258
TOTAL(UTS),2010,FIRE-ARMS,95,53,5,58,44,5,49
TOTAL(UTS),2010,SUDDEN DEATHS(HEART ATTACKS),349,0,0,0,343,40,383
TOTAL(UTS),2010,EPILEPTIC FITS/GIDDINESS,244,0,0,0,208,36,244
TOTAL(UTS),2010,ABORTIONS/CHILD BIRTH,12,0,0,0,0,12,12
TOTAL(UTS),2010,INFLUENCE OF ALCOHOL,393,0,0,0,390,5,395
TOTAL(UTS),2010,KILLED BY ANIMALS,5,1,0,1,2,2,4
TOTAL(UTS),2010,MINES OR QUARY DISASTER,0,0,0,0,0,0,0
TOTAL(UTS),2010,FOOD POISIONING/ACCIDENTAL INTAKE OF INSECTICIDES ETC.,58,0,0,0,43,18,61
TOTAL(UTS),2010,SPURIOUS/POISIONOUS LIQUOR,22,1,0,1,10,11,21
TOTAL(UTS),2010,LEAKAGE OF POISINOUS GASES ETC.,0,0,0,0,0,0,0
TOTAL(UTS),2010,SNAKE BITE/ANIMAL BITE,30,0,0,0,23,11,34
TOTAL(UTS),2010,OTHER,164,7,4,11,126,50,176
TOTAL(UTS),2010,STAMPEDE,1,4,4,8,1,1,2
TOTAL(UTS),2010,SUFFOCATION,13,0,0,0,15,0,15
TOTAL(UTS),2010,TRAFFIC ACCIDENTS(ROAD ACCIDENTS),9605,7593,1429,9022,2380,279,2659
TOTAL(UTS),2010,TRAFFIC ACCIDENTS(RAIL-ROAD ACCIDENTS),3,0,0,0,3,0,3
TOTAL(UTS),2010,OTHER RAILWAY ACCIDENTS,1498,390,30,420,976,102,1078
TOTAL(UTS),2010,OTHER,1125,135,10,145,910,250,1160
TOTAL(UTS),2010,CAUSES NOT KNOWN,1016,13,5,18,781,274,1055
TOTAL(UTS),2010,TOTAL,16212,8536,1541,10077,7412,1529,8941
TOTAL(UTS),2010,TOTAL COLLAPSE,82,95,38,133,103,44,147
TOTAL(UTS),2010,TOTAL DROWNING,238,2,0,2,232,29,261
TOTAL(UTS),2010,TOTAL EXPLOSION,17,41,5,46,4,3,7
TOTAL(UTS),2010,TOTAL FALLS,467,38,2,40,393,81,474
TOTAL(UTS),2010,TOTAL FIRE,371,37,5,42,168,237,405
TOTAL(UTS),2010,TOTAL SUDDEN DEATHS,998,0,0,0,941,93,1034
TOTAL(UTS),2010,TOTAL POISONING,274,8,4,12,202,90,292
TOTAL(UTS),2010,TOTAL TRAFFIC ACCIDENTS,11106,7983,1459,9442,3359,381,3740
TOTAL(UTS),2011,AIR-CRASH,0,0,0,0,0,0,0
TOTAL(UTS),2011,COLLAPSE OF STRUCTURE(HOUSE),30,35,13,48,13,9,22
TOTAL(UTS),2011,COLLAPSE OF STRUCTURE(BUILDING),10,24,5,29,14,6,20
TOTAL(UTS),2011,COLLAPSE OF STRUCTURE(DAM),0,0,0,0,0,0,0
TOTAL(UTS),2011,COLLAPSE OF STRUCTURE(BRIDGE),0,0,0,0,0,0,0
TOTAL(UTS),2011,COLLAPSE OF STRUCTURE(OTHERS),52,31,9,40,33,5,38
TOTAL(UTS),2011,DROWNING(BOAT CAPSIZE),15,0,0,0,15,2,17
TOTAL(UTS),2011,DROWNING(OTHER),365,0,0,0,334,45,379
TOTAL(UTS),2011,ELECTROCUTION,207,28,0,28,168,26,194
TOTAL(UTS),2011,EXPLOSION(BOMB EXPLOSION),2,73,4,77,14,1,15
TOTAL(UTS),2011,EXPLOSION(OTHER EXPLOSION LIKE BOILERS, GAS CYLINDER ETC.),21,16,2,18,20,2,22
TOTAL(UTS),2011,FALLS(FALL FROM HEIGHT),521,35,3,38,443,103,546
TOTAL(UTS),2011,FALL INTO PIT/MANHOLE,24,6,2,8,20,2,22
TOTAL(UTS),2011,FACTORY/MACHINE ACCIDENTS,198,168,3,171,53,2,55
TOTAL(UTS),2011,FIRE(FIREWORKS/CRACKERS),11,1,1,2,4,5,9
TOTAL(UTS),2011,FIRE(SHORT-CIRCUIT),43,8,1,9,35,5,40
TOTAL(UTS),2011,GAS CYLINDER/STOVE BURST,110,14,2,16,31,90,121
TOTAL(UTS),2011,OTHER FIRE ACCIDENTS,221,60,2,62,96,131,227
TOTAL(UTS),2011,FIRE-ARMS,55,21,1,22,35,6,41
TOTAL(UTS),2011,SUDDEN DEATHS(HEART ATTACKS),434,0,0,0,413,34,447
TOTAL(UTS),2011,EPILEPTIC FITS/GIDDINESS,312,0,0,0,282,33,315
TOTAL(UTS),2011,ABORTIONS/CHILD BIRTH,27,0,0,0,0,30,30
TOTAL(UTS),2011,INFLUENCE OF ALCOHOL,394,0,0,0,400,2,402
TOTAL(UTS),2011,KILLED BY ANIMALS,5,0,0,0,4,1,5
TOTAL(UTS),2011,MINES OR QUARY DISASTER,1,0,0,0,1,0,1
TOTAL(UTS),2011,FOOD POISIONING/ACCIDENTAL INTAKE OF INSECTICIDES ETC.,73,0,10,10,45,18,63
TOTAL(UTS),2011,SPURIOUS/POISIONOUS LIQUOR,32,6,0,6,16,10,26
TOTAL(UTS),2011,LEAKAGE OF POISINOUS GASES ETC.,3,241,254,495,1,1,2
TOTAL(UTS),2011,SNAKE BITE/ANIMAL BITE,38,2,0,2,22,14,36
TOTAL(UTS),2011,OTHER,144,14,0,14,100,50,150
TOTAL(UTS),2011,STAMPEDE,0,0,0,0,0,0,0
TOTAL(UTS),2011,SUFFOCATION,16,4,0,4,13,6,19
TOTAL(UTS),2011,TRAFFIC ACCIDENTS(ROAD ACCIDENTS),9560,7850,1597,9447,2275,302,2577
TOTAL(UTS),2011,TRAFFIC ACCIDENTS(RAIL-ROAD ACCIDENTS),7,0,0,0,7,1,8
TOTAL(UTS),2011,OTHER RAILWAY ACCIDENTS,1415,355,37,392,921,102,1023
TOTAL(UTS),2011,OTHER,1526,172,16,188,1120,293,1413
TOTAL(UTS),2011,CAUSES NOT KNOWN,1143,21,0,21,958,260,1218
TOTAL(UTS),2011,TOTAL,17015,9185,1962,11147,7906,1597,9503
TOTAL(UTS),2011,TOTAL COLLAPSE,92,90,27,117,60,20,80
TOTAL(UTS),2011,TOTAL DROWNING,380,0,0,0,349,47,396
TOTAL(UTS),2011,TOTAL EXPLOSION,23,89,6,95,34,3,37
TOTAL(UTS),2011,TOTAL FALLS,545,41,5,46,463,105,568
TOTAL(UTS),2011,TOTAL FIRE,385,83,6,89,166,231,397
TOTAL(UTS),2011,TOTAL SUDDEN DEATHS,1167,0,0,0,1095,99,1194
TOTAL(UTS),2011,TOTAL POISONING,290,263,264,527,184,93,277
TOTAL(UTS),2011,TOTAL TRAFFIC ACCIDENTS,10982,8205,1634,9839,3203,405,3608
TOTAL(UTS),2012,AIR-CRASH,0,0,0,0,0,0,0
TOTAL(UTS),2012,COLLAPSE OF STRUCTURE(HOUSE),32,25,6,31,18,3,21
TOTAL(UTS),2012,COLLAPSE OF STRUCTURE(BUILDING),26,23,8,31,18,4,22
TOTAL(UTS),2012,COLLAPSE OF STRUCTURE(DAM),0,0,0,0,0,0,0
TOTAL(UTS),2012,COLLAPSE OF STRUCTURE(BRIDGE),0,0,0,0,0,0,0
TOTAL(UTS),2012,COLLAPSE OF STRUCTURE(OTHERS),26,10,0,10,20,9,29
TOTAL(UTS),2012,DROWNING(BOAT CAPSIZE),2,0,0,0,2,0,2
TOTAL(UTS),2012,DROWNING(OTHER),312,0,0,0,268,46,314
TOTAL(UTS),2012,ELECTROCUTION,195,10,2,12,166,22,188
TOTAL(UTS),2012,EXPLOSION(BOMB EXPLOSION),0,0,0,0,0,0,0
TOTAL(UTS),2012,EXPLOSION(OTHER EXPLOSION LIKE BOILERS, GAS CYLINDER ETC.),23,26,2,28,10,9,19
TOTAL(UTS),2012,FALLS(FALL FROM HEIGHT),535,47,2,49,408,105,513
TOTAL(UTS),2012,FALL INTO PIT/MANHOLE,23,1,0,1,21,2,23
TOTAL(UTS),2012,FACTORY/MACHINE ACCIDENTS,225,171,4,175,59,0,59
TOTAL(UTS),2012,FIRE(FIREWORKS/CRACKERS),2,3,0,3,1,0,1
TOTAL(UTS),2012,FIRE(SHORT-CIRCUIT),50,14,2,16,41,5,46
TOTAL(UTS),2012,GAS CYLINDER/STOVE BURST,81,27,8,35,21,60,81
TOTAL(UTS),2012,OTHER FIRE ACCIDENTS,182,10,4,14,71,106,177
TOTAL(UTS),2012,FIRE-ARMS,62,31,3,34,32,7,39
TOTAL(UTS),2012,SUDDEN DEATHS(HEART ATTACKS),372,0,0,0,330,44,374
TOTAL(UTS),2012,EPILEPTIC FITS/GIDDINESS,313,0,0,0,283,30,313
TOTAL(UTS),2012,ABORTIONS/CHILD BIRTH,30,0,0,0,0,30,30
TOTAL(UTS),2012,INFLUENCE OF ALCOHOL,497,0,0,0,491,6,497
TOTAL(UTS),2012,KILLED BY ANIMALS,11,6,0,6,5,1,6
TOTAL(UTS),2012,MINES OR QUARY DISASTER,0,0,0,0,0,0,0
TOTAL(UTS),2012,FOOD POISIONING/ACCIDENTAL INTAKE OF INSECTICIDES ETC.,73,18,0,18,47,21,68
TOTAL(UTS),2012,SPURIOUS/POISIONOUS LIQUOR,5,0,0,0,5,0,5
TOTAL(UTS),2012,LEAKAGE OF POISINOUS GASES ETC.,3,9,7,16,2,1,3
TOTAL(UTS),2012,SNAKE BITE/ANIMAL BITE,25,0,0,0,14,11,25
TOTAL(UTS),2012,OTHER,148,9,1,10,83,55,138
TOTAL(UTS),2012,STAMPEDE,0,0,0,0,0,0,0
TOTAL(UTS),2012,SUFFOCATION,3,0,0,0,5,2,7
TOTAL(UTS),2012,TRAFFIC ACCIDENTS(ROAD ACCIDENTS),9230,7528,1550,9078,2081,239,2320
TOTAL(UTS),2012,TRAFFIC ACCIDENTS(RAIL-ROAD ACCIDENTS),1,0,0,0,0,1,1
TOTAL(UTS),2012,OTHER RAILWAY ACCIDENTS,1265,241,26,267,904,94,998
TOTAL(UTS),2012,OTHER,1362,112,21,133,1017,253,1270
TOTAL(UTS),2012,CAUSES NOT KNOWN,1293,26,12,38,982,274,1256
TOTAL(UTS),2012,TOTAL,16407,8347,1658,10005,7405,1440,8845
TOTAL(UTS),2012,TOTAL COLLAPSE,84,58,14,72,56,16,72
TOTAL(UTS),2012,TOTAL DROWNING,314,0,0,0,270,46,316
TOTAL(UTS),2012,TOTAL EXPLOSION,23,26,2,28,10,9,19
TOTAL(UTS),2012,TOTAL FALLS,558,48,2,50,429,107,536
TOTAL(UTS),2012,TOTAL FIRE,315,54,14,68,134,171,305
TOTAL(UTS),2012,TOTAL SUDDEN DEATHS,1212,0,0,0,1104,110,1214
TOTAL(UTS),2012,TOTAL POISONING,254,36,8,44,151,88,239
TOTAL(UTS),2012,TOTAL TRAFFIC ACCIDENTS,10496,7769,1576,9345,2985,334,3319
TOTAL(ALL INDIA),2001,AIR-CRASH,10,2,4,6,26,4,30
TOTAL(ALL INDIA),2001,COLLAPSE OF STRUCTURE(HOUSE),949,1501,1802,3303,990,712,1702
TOTAL(ALL INDIA),2001,COLLAPSE OF STRUCTURE(BUILDING),249,104,56,160,214,108,322
TOTAL(ALL INDIA),2001,COLLAPSE OF STRUCTURE(DAM),41,3,0,3,27,9,36
TOTAL(ALL INDIA),2001,COLLAPSE OF STRUCTURE(BRIDGE),52,27,20,47,35,22,57
TOTAL(ALL INDIA),2001,COLLAPSE OF STRUCTURE(OTHERS),1132,245,98,343,760,242,1002
TOTAL(ALL INDIA),2001,DROWNING(BOAT CAPSIZE),683,33,9,42,553,228,781
TOTAL(ALL INDIA),2001,DROWNING(OTHER),19516,210,103,313,13933,6025,19958
TOTAL(ALL INDIA),2001,ELECTROCUTION,5570,149,64,213,4796,845,5641
TOTAL(ALL INDIA),2001,EXPLOSION(BOMB EXPLOSION),406,951,104,1055,249,47,296
TOTAL(ALL INDIA),2001,EXPLOSION(OTHER EXPLOSION LIKE BOILERS, GAS CYLINDER ETC.),260,75,38,113,199,80,279
TOTAL(ALL INDIA),2001,FALLS(FALL FROM HEIGHT),6730,415,99,514,5440,1004,6444
TOTAL(ALL INDIA),2001,FALL INTO PIT/MANHOLE,1044,65,20,85,794,208,1002
TOTAL(ALL INDIA),2001,FACTORY/MACHINE ACCIDENTS,730,166,12,178,560,81,641
TOTAL(ALL INDIA),2001,FIRE(FIREWORKS/CRACKERS),438,115,50,165,204,182,386
TOTAL(ALL INDIA),2001,FIRE(SHORT-CIRCUIT),1073,78,31,109,786,234,1020
TOTAL(ALL INDIA),2001,GAS CYLINDER/STOVE BURST,4255,127,232,359,885,3275,4160
TOTAL(ALL INDIA),2001,OTHER FIRE ACCIDENTS,17277,688,668,1356,5247,11636,16883
TOTAL(ALL INDIA),2001,FIRE-ARMS,3230,1629,189,1818,2324,364,2688
TOTAL(ALL INDIA),2001,SUDDEN DEATHS(HEART ATTACKS),8980,57,23,80,7494,1434,8928
TOTAL(ALL INDIA),2001,EPILEPTIC FITS/GIDDINESS,2658,167,63,230,1905,548,2453
TOTAL(ALL INDIA),2001,ABORTIONS/CHILD BIRTH,559,0,10,10,0,550,550
TOTAL(ALL INDIA),2001,INFLUENCE OF ALCOHOL,3198,112,13,125,3001,133,3134
TOTAL(ALL INDIA),2001,KILLED BY ANIMALS,854,89,22,111,588,182,770
TOTAL(ALL INDIA),2001,MINES OR QUARY DISASTER,482,21,14,35,353,146,499
TOTAL(ALL INDIA),2001,FOOD POISIONING/ACCIDENTAL INTAKE OF INSECTICIDES ETC.,8919,1121,722,1843,5406,3289,8695
TOTAL(ALL INDIA),2001,SPURIOUS/POISIONOUS LIQUOR,454,15,7,22,447,127,574
TOTAL(ALL INDIA),2001,LEAKAGE OF POISINOUS GASES ETC.,103,13,0,13,86,21,107
TOTAL(ALL INDIA),2001,SNAKE BITE/ANIMAL BITE,6386,226,161,387,3919,2275,6194
TOTAL(ALL INDIA),2001,OTHER,8450,183,124,307,5446,3061,8507
TOTAL(ALL INDIA),2001,STAMPEDE,26,9,18,27,16,14,30
TOTAL(ALL INDIA),2001,SUFFOCATION,866,7,2,9,667,225,892
TOTAL(ALL INDIA),2001,TRAFFIC ACCIDENTS(ROAD ACCIDENTS),323720,289893,63240,353133,66876,13386,80262
TOTAL(ALL INDIA),2001,TRAFFIC ACCIDENTS(RAIL-ROAD ACCIDENTS),2278,375,68,443,1714,464,2178
TOTAL(ALL INDIA),2001,OTHER RAILWAY ACCIDENTS,19718,2974,1925,4899,14501,2575,17076
TOTAL(ALL INDIA),2001,OTHER,14405,1677,370,2047,10618,3648,14266
TOTAL(ALL INDIA),2001,CAUSES NOT KNOWN,15836,769,345,1114,11998,3927,15925
TOTAL(ALL INDIA),2001,TOTAL,481537,304291,70726,375017,173057,61311,234368
TOTAL(ALL INDIA),2001,TOTAL COLLAPSE,2423,1880,1976,3856,2026,1093,3119
TOTAL(ALL INDIA),2001,TOTAL DROWNING,20199,243,112,355,14486,6253,20739
TOTAL(ALL INDIA),2001,TOTAL EXPLOSION,666,1026,142,1168,448,127,575
TOTAL(ALL INDIA),2001,TOTAL FALLS,7774,480,119,599,6234,1212,7446
TOTAL(ALL INDIA),2001,TOTAL FIRE,23043,1008,981,1989,7122,15327,22449
TOTAL(ALL INDIA),2001,TOTAL SUDDEN DEATHS,15395,336,109,445,12400,2665,15065
TOTAL(ALL INDIA),2001,TOTAL POISONING,24312,1558,1014,2572,15304,8773,24077
TOTAL(ALL INDIA),2001,TOTAL TRAFFIC ACCIDENTS,345716,293242,65233,358475,83091,16425,99516
TOTAL(ALL INDIA),2002,AIR-CRASH,10,0,2,2,36,1,37
TOTAL(ALL INDIA),2002,COLLAPSE OF STRUCTURE(HOUSE),751,142,79,221,464,233,697
TOTAL(ALL INDIA),2002,COLLAPSE OF STRUCTURE(BUILDING),210,74,29,103,178,45,223
TOTAL(ALL INDIA),2002,COLLAPSE OF STRUCTURE(DAM),15,2,0,2,6,8,14
TOTAL(ALL INDIA),2002,COLLAPSE OF STRUCTURE(BRIDGE),42,18,3,21,33,9,42
TOTAL(ALL INDIA),2002,COLLAPSE OF STRUCTURE(OTHERS),1252,116,92,208,910,330,1240
TOTAL(ALL INDIA),2002,DROWNING(BOAT CAPSIZE),436,36,13,49,405,145,550
TOTAL(ALL INDIA),2002,DROWNING(OTHER),19005,193,83,276,13433,5870,19303
TOTAL(ALL INDIA),2002,ELECTROCUTION,5392,177,58,235,4587,774,5361
TOTAL(ALL INDIA),2002,EXPLOSION(BOMB EXPLOSION),408,860,123,983,236,30,266
TOTAL(ALL INDIA),2002,EXPLOSION(OTHER EXPLOSION LIKE BOILERS, GAS CYLINDER ETC.),351,108,62,170,253,117,370
TOTAL(ALL INDIA),2002,FALLS(FALL FROM HEIGHT),6789,404,84,488,5550,996,6546
TOTAL(ALL INDIA),2002,FALL INTO PIT/MANHOLE,1289,50,9,59,1036,244,1280
TOTAL(ALL INDIA),2002,FACTORY/MACHINE ACCIDENTS,925,271,39,310,561,113,674
TOTAL(ALL INDIA),2002,FIRE(FIREWORKS/CRACKERS),257,88,36,124,159,105,264
TOTAL(ALL INDIA),2002,FIRE(SHORT-CIRCUIT),1009,36,17,53,783,210,993
TOTAL(ALL INDIA),2002,GAS CYLINDER/STOVE BURST,3830,108,183,291,804,2916,3720
TOTAL(ALL INDIA),2002,OTHER FIRE ACCIDENTS,16570,496,559,1055,4888,11139,16027
TOTAL(ALL INDIA),2002,FIRE-ARMS,3293,1611,210,1821,2269,328,2597
TOTAL(ALL INDIA),2002,SUDDEN DEATHS(HEART ATTACKS),8864,119,64,183,7457,1287,8744
TOTAL(ALL INDIA),2002,EPILEPTIC FITS/GIDDINESS,2875,220,101,321,1987,593,2580
TOTAL(ALL INDIA),2002,ABORTIONS/CHILD BIRTH,698,0,12,12,0,682,682
TOTAL(ALL INDIA),2002,INFLUENCE OF ALCOHOL,3289,92,22,114,3087,137,3224
TOTAL(ALL INDIA),2002,KILLED BY ANIMALS,837,80,28,108,545,215,760
TOTAL(ALL INDIA),2002,MINES OR QUARY DISASTER,639,30,8,38,448,177,625
TOTAL(ALL INDIA),2002,FOOD POISIONING/ACCIDENTAL INTAKE OF INSECTICIDES ETC.,8125,541,318,859,4820,2957,7777
TOTAL(ALL INDIA),2002,SPURIOUS/POISIONOUS LIQUOR,833,34,6,40,610,225,835
TOTAL(ALL INDIA),2002,LEAKAGE OF POISINOUS GASES ETC.,116,1,0,1,72,47,119
TOTAL(ALL INDIA),2002,SNAKE BITE/ANIMAL BITE,6432,216,143,359,3970,2152,6122
TOTAL(ALL INDIA),2002,OTHER,7059,194,86,280,4618,2415,7033
TOTAL(ALL INDIA),2002,STAMPEDE,44,1,1,2,33,11,44
TOTAL(ALL INDIA),2002,SUFFOCATION,2921,1264,213,1477,1026,455,1481
TOTAL(ALL INDIA),2002,TRAFFIC ACCIDENTS(ROAD ACCIDENTS),335707,304247,69009,373256,70950,13109,84059
TOTAL(ALL INDIA),2002,TRAFFIC ACCIDENTS(RAIL-ROAD ACCIDENTS),1218,415,125,540,816,195,1011
TOTAL(ALL INDIA),2002,OTHER RAILWAY ACCIDENTS,19069,2430,407,2837,14365,2523,16888
TOTAL(ALL INDIA),2002,OTHER,25795,851,275,1126,19724,6077,25801
TOTAL(ALL INDIA),2002,CAUSES NOT KNOWN,15279,674,221,895,11281,4129,15410
TOTAL(ALL INDIA),2002,TOTAL,501634,316199,72720,388919,182400,60999,243399
TOTAL(ALL INDIA),2002,TOTAL COLLAPSE,2270,352,203,555,1591,625,2216
TOTAL(ALL INDIA),2002,TOTAL DROWNING,19441,229,96,325,13838,6015,19853
TOTAL(ALL INDIA),2002,TOTAL EXPLOSION,759,968,185,1153,489,147,636
TOTAL(ALL INDIA),2002,TOTAL FALLS,8078,454,93,547,6586,1240,7826
TOTAL(ALL INDIA),2002,TOTAL FIRE,21666,728,795,1523,6634,14370,21004
TOTAL(ALL INDIA),2002,TOTAL SUDDEN DEATHS,15726,431,199,630,12531,2699,15230
TOTAL(ALL INDIA),2002,TOTAL POISONING,22565,986,553,1539,14090,7796,21886
TOTAL(ALL INDIA),2002,TOTAL TRAFFIC ACCIDENTS,355994,307092,69541,376633,86131,15827,101958
TOTAL(ALL INDIA),2003,AIR-CRASH,19,4,1,5,43,8,51
TOTAL(ALL INDIA),2003,COLLAPSE OF STRUCTURE(HOUSE),786,134,69,203,522,292,814
TOTAL(ALL INDIA),2003,COLLAPSE OF STRUCTURE(BUILDING),223,43,11,54,190,53,243
TOTAL(ALL INDIA),2003,COLLAPSE OF STRUCTURE(DAM),27,4,1,5,25,7,32
TOTAL(ALL INDIA),2003,COLLAPSE OF STRUCTURE(BRIDGE),51,0,0,0,48,7,55
TOTAL(ALL INDIA),2003,COLLAPSE OF STRUCTURE(OTHERS),1238,103,44,147,925,307,1232
TOTAL(ALL INDIA),2003,DROWNING(BOAT CAPSIZE),569,18,3,21,541,224,765
TOTAL(ALL INDIA),2003,DROWNING(OTHER),19711,210,84,294,14653,5542,20195
TOTAL(ALL INDIA),2003,ELECTROCUTION,6434,224,75,299,5342,994,6336
TOTAL(ALL INDIA),2003,EXPLOSION(BOMB EXPLOSION),353,1102,131,1233,254,34,288
TOTAL(ALL INDIA),2003,EXPLOSION(OTHER EXPLOSION LIKE BOILERS, GAS CYLINDER ETC.),463,141,60,201,280,154,434
TOTAL(ALL INDIA),2003,FALLS(FALL FROM HEIGHT),7564,307,93,400,6321,1057,7378
TOTAL(ALL INDIA),2003,FALL INTO PIT/MANHOLE,1488,97,29,126,1161,261,1422
TOTAL(ALL INDIA),2003,FACTORY/MACHINE ACCIDENTS,881,219,15,234,625,87,712
TOTAL(ALL INDIA),2003,FIRE(FIREWORKS/CRACKERS),296,52,29,81,168,120,288
TOTAL(ALL INDIA),2003,FIRE(SHORT-CIRCUIT),1013,51,13,64,767,226,993
TOTAL(ALL INDIA),2003,GAS CYLINDER/STOVE BURST,3655,64,161,225,811,2814,3625
TOTAL(ALL INDIA),2003,OTHER FIRE ACCIDENTS,14992,547,654,1201,4524,9848,14372
TOTAL(ALL INDIA),2003,FIRE-ARMS,2526,1139,172,1311,1730,263,1993
TOTAL(ALL INDIA),2003,SUDDEN DEATHS(HEART ATTACKS),10288,118,36,154,8708,1500,10208
TOTAL(ALL INDIA),2003,EPILEPTIC FITS/GIDDINESS,2832,195,69,264,2029,553,2582
TOTAL(ALL INDIA),2003,ABORTIONS/CHILD BIRTH,645,0,5,5,0,636,636
TOTAL(ALL INDIA),2003,INFLUENCE OF ALCOHOL,3387,73,7,80,3208,115,3323
TOTAL(ALL INDIA),2003,KILLED BY ANIMALS,890,81,27,108,613,185,798
TOTAL(ALL INDIA),2003,MINES OR QUARY DISASTER,497,18,4,22,383,167,550
TOTAL(ALL INDIA),2003,FOOD POISIONING/ACCIDENTAL INTAKE OF INSECTICIDES ETC.,9192,1198,1105,2303,5255,2791,8046
TOTAL(ALL INDIA),2003,SPURIOUS/POISIONOUS LIQUOR,481,111,3,114,385,128,513
TOTAL(ALL INDIA),2003,LEAKAGE OF POISINOUS GASES ETC.,149,5,14,19,117,26,143
TOTAL(ALL INDIA),2003,SNAKE BITE/ANIMAL BITE,6932,565,359,924,3952,2145,6097
TOTAL(ALL INDIA),2003,OTHER,6254,78,49,127,4441,1932,6373
TOTAL(ALL INDIA),2003,STAMPEDE,70,57,63,120,44,39,83
TOTAL(ALL INDIA),2003,SUFFOCATION,1099,5,4,9,859,285,1144
TOTAL(ALL INDIA),2003,TRAFFIC ACCIDENTS(ROAD ACCIDENTS),336468,313055,69843,382898,71128,13302,84430
TOTAL(ALL INDIA),2003,TRAFFIC ACCIDENTS(RAIL-ROAD ACCIDENTS),1525,220,72,292,974,206,1180
TOTAL(ALL INDIA),2003,OTHER RAILWAY ACCIDENTS,19855,2580,440,3020,14603,2738,17341
TOTAL(ALL INDIA),2003,OTHER,28110,589,195,784,21030,6561,27591
TOTAL(ALL INDIA),2003,CAUSES NOT KNOWN,11872,306,119,425,9474,2931,12405
TOTAL(ALL INDIA),2003,TOTAL,502835,323713,74059,397772,186133,58538,244671
TOTAL(ALL INDIA),2003,TOTAL COLLAPSE,2325,284,125,409,1710,666,2376
TOTAL(ALL INDIA),2003,TOTAL DROWNING,20280,228,87,315,15194,5766,20960
TOTAL(ALL INDIA),2003,TOTAL EXPLOSION,816,1243,191,1434,534,188,722
TOTAL(ALL INDIA),2003,TOTAL FALLS,9052,404,122,526,7482,1318,8800
TOTAL(ALL INDIA),2003,TOTAL FIRE,19956,714,857,1571,6270,13008,19278
TOTAL(ALL INDIA),2003,TOTAL SUDDEN DEATHS,17152,386,117,503,13945,2804,16749
TOTAL(ALL INDIA),2003,TOTAL POISONING,23008,1957,1530,3487,14150,7022,21172
TOTAL(ALL INDIA),2003,TOTAL TRAFFIC ACCIDENTS,357848,315855,70355,386210,86705,16246,102951
TOTAL(ALL INDIA),2004,AIR-CRASH,14,0,0,0,21,2,23
TOTAL(ALL INDIA),2004,COLLAPSE OF STRUCTURE(HOUSE),725,92,54,146,499,289,788
TOTAL(ALL INDIA),2004,COLLAPSE OF STRUCTURE(BUILDING),189,78,14,92,154,30,184
TOTAL(ALL INDIA),2004,COLLAPSE OF STRUCTURE(DAM),22,0,0,0,14,11,25
TOTAL(ALL INDIA),2004,COLLAPSE OF STRUCTURE(BRIDGE),22,19,0,19,29,2,31
TOTAL(ALL INDIA),2004,COLLAPSE OF STRUCTURE(OTHERS),1138,176,65,241,816,325,1141
TOTAL(ALL INDIA),2004,DROWNING(BOAT CAPSIZE),417,25,12,37,385,177,562
TOTAL(ALL INDIA),2004,DROWNING(OTHER),20315,337,167,504,14605,6023,20628
TOTAL(ALL INDIA),2004,ELECTROCUTION,6289,251,66,317,5287,937,6224
TOTAL(ALL INDIA),2004,EXPLOSION(BOMB EXPLOSION),327,970,140,1110,238,22,260
TOTAL(ALL INDIA),2004,EXPLOSION(OTHER EXPLOSION LIKE BOILERS, GAS CYLINDER ETC.),347,120,86,206,204,137,341
TOTAL(ALL INDIA),2004,FALLS(FALL FROM HEIGHT),7528,450,123,573,6056,1052,7108
TOTAL(ALL INDIA),2004,FALL INTO PIT/MANHOLE,1616,244,113,357,1086,254,1340
TOTAL(ALL INDIA),2004,FACTORY/MACHINE ACCIDENTS,861,239,15,254,610,105,715
TOTAL(ALL INDIA),2004,FIRE(FIREWORKS/CRACKERS),238,76,35,111,112,101,213
TOTAL(ALL INDIA),2004,FIRE(SHORT-CIRCUIT),1089,74,19,93,859,179,1038
TOTAL(ALL INDIA),2004,GAS CYLINDER/STOVE BURST,3463,135,182,317,759,2598,3357
TOTAL(ALL INDIA),2004,OTHER FIRE ACCIDENTS,14782,701,856,1557,4279,9558,13837
TOTAL(ALL INDIA),2004,FIRE-ARMS,3243,1447,209,1656,1986,297,2283
TOTAL(ALL INDIA),2004,SUDDEN DEATHS(HEART ATTACKS),11233,302,113,415,9253,1617,10870
TOTAL(ALL INDIA),2004,EPILEPTIC FITS/GIDDINESS,2796,221,79,300,1960,561,2521
TOTAL(ALL INDIA),2004,ABORTIONS/CHILD BIRTH,696,0,4,4,2,690,692
TOTAL(ALL INDIA),2004,INFLUENCE OF ALCOHOL,3443,155,10,165,3233,97,3330
TOTAL(ALL INDIA),2004,KILLED BY ANIMALS,844,63,20,83,605,183,788
TOTAL(ALL INDIA),2004,MINES OR QUARY DISASTER,420,31,7,38,337,119,456
TOTAL(ALL INDIA),2004,FOOD POISIONING/ACCIDENTAL INTAKE OF INSECTICIDES ETC.,9507,1069,840,1909,5163,2886,8049
TOTAL(ALL INDIA),2004,SPURIOUS/POISIONOUS LIQUOR,649,41,20,61,501,152,653
TOTAL(ALL INDIA),2004,LEAKAGE OF POISINOUS GASES ETC.,200,5,41,46,120,51,171
TOTAL(ALL INDIA),2004,SNAKE BITE/ANIMAL BITE,6951,471,327,798,3998,2220,6218
TOTAL(ALL INDIA),2004,OTHER,6987,153,85,238,4584,2360,6944
TOTAL(ALL INDIA),2004,STAMPEDE,27,7,7,14,24,7,31
TOTAL(ALL INDIA),2004,SUFFOCATION,1198,4,2,6,884,334,1218
TOTAL(ALL INDIA),2004,TRAFFIC ACCIDENTS(ROAD ACCIDENTS),361343,340091,73801,413892,77164,14212,91376
TOTAL(ALL INDIA),2004,TRAFFIC ACCIDENTS(RAIL-ROAD ACCIDENTS),2583,307,104,411,1876,400,2276
TOTAL(ALL INDIA),2004,OTHER RAILWAY ACCIDENTS,20597,2751,430,3181,15588,2554,18142
TOTAL(ALL INDIA),2004,OTHER,30416,1252,318,1570,23027,7382,30409
TOTAL(ALL INDIA),2004,CAUSES NOT KNOWN,14247,701,290,991,10773,3311,14084
TOTAL(ALL INDIA),2004,TOTAL,536762,353058,78654,431712,197091,61235,258326
TOTAL(ALL INDIA),2004,TOTAL COLLAPSE,2096,365,133,498,1512,657,2169
TOTAL(ALL INDIA),2004,TOTAL DROWNING,20732,362,179,541,14990,6200,21190
TOTAL(ALL INDIA),2004,TOTAL EXPLOSION,674,1090,226,1316,442,159,601
TOTAL(ALL INDIA),2004,TOTAL FALLS,9144,694,236,930,7142,1306,8448
TOTAL(ALL INDIA),2004,TOTAL FIRE,19572,986,1092,2078,6009,12436,18445
TOTAL(ALL INDIA),2004,TOTAL SUDDEN DEATHS,18168,678,206,884,14448,2965,17413
TOTAL(ALL INDIA),2004,TOTAL POISONING,24294,1739,1313,3052,14366,7669,22035
TOTAL(ALL INDIA),2004,TOTAL TRAFFIC ACCIDENTS,384523,343149,74335,417484,94628,17166,111794
TOTAL(ALL INDIA),2005,AIR-CRASH,5,2,0,2,6,0,6
TOTAL(ALL INDIA),2005,COLLAPSE OF STRUCTURE(HOUSE),848,157,103,260,553,364,917
TOTAL(ALL INDIA),2005,COLLAPSE OF STRUCTURE(BUILDING),223,67,18,85,190,63,253
TOTAL(ALL INDIA),2005,COLLAPSE OF STRUCTURE(DAM),31,1,0,1,25,7,32
TOTAL(ALL INDIA),2005,COLLAPSE OF STRUCTURE(BRIDGE),194,10,0,10,195,39,234
TOTAL(ALL INDIA),2005,COLLAPSE OF STRUCTURE(OTHERS),1255,158,51,209,958,324,1282
TOTAL(ALL INDIA),2005,DROWNING(BOAT CAPSIZE),597,66,52,118,548,211,759
TOTAL(ALL INDIA),2005,DROWNING(OTHER),22455,269,137,406,16670,6142,22812
TOTAL(ALL INDIA),2005,ELECTROCUTION,7050,210,76,286,5919,1068,6987
TOTAL(ALL INDIA),2005,EXPLOSION(BOMB EXPLOSION),333,1022,207,1229,240,64,304
TOTAL(ALL INDIA),2005,EXPLOSION(OTHER EXPLOSION LIKE BOILERS, GAS CYLINDER ETC.),372,155,55,210,233,106,339
TOTAL(ALL INDIA),2005,FALLS(FALL FROM HEIGHT),8101,519,152,671,6583,1115,7698
TOTAL(ALL INDIA),2005,FALL INTO PIT/MANHOLE,1719,251,82,333,1162,272,1434
TOTAL(ALL INDIA),2005,FACTORY/MACHINE ACCIDENTS,912,305,17,322,573,98,671
TOTAL(ALL INDIA),2005,FIRE(FIREWORKS/CRACKERS),292,114,97,211,135,102,237
TOTAL(ALL INDIA),2005,FIRE(SHORT-CIRCUIT),920,94,32,126,690,205,895
TOTAL(ALL INDIA),2005,GAS CYLINDER/STOVE BURST,3393,87,140,227,819,2620,3439
TOTAL(ALL INDIA),2005,OTHER FIRE ACCIDENTS,15501,681,969,1650,4531,9991,14522
TOTAL(ALL INDIA),2005,FIRE-ARMS,3649,1714,264,1978,1940,314,2254
TOTAL(ALL INDIA),2005,SUDDEN DEATHS(HEART ATTACKS),12864,882,491,1373,10054,1568,11622
TOTAL(ALL INDIA),2005,EPILEPTIC FITS/GIDDINESS,3295,331,147,478,2208,630,2838
TOTAL(ALL INDIA),2005,ABORTIONS/CHILD BIRTH,723,0,30,30,0,696,696
TOTAL(ALL INDIA),2005,INFLUENCE OF ALCOHOL,3720,432,9,441,3228,135,3363
TOTAL(ALL INDIA),2005,KILLED BY ANIMALS,1006,168,57,225,676,171,847
TOTAL(ALL INDIA),2005,MINES OR QUARY DISASTER,471,27,13,40,333,123,456
TOTAL(ALL INDIA),2005,FOOD POISIONING/ACCIDENTAL INTAKE OF INSECTICIDES ETC.,8394,754,628,1382,4726,2664,7390
TOTAL(ALL INDIA),2005,SPURIOUS/POISIONOUS LIQUOR,706,158,4,162,538,186,724
TOTAL(ALL INDIA),2005,LEAKAGE OF POISINOUS GASES ETC.,243,8,1,9,205,44,249
TOTAL(ALL INDIA),2005,SNAKE BITE/ANIMAL BITE,8023,623,396,1019,4470,2608,7078
TOTAL(ALL INDIA),2005,OTHER,5914,473,365,838,3642,1717,5359
TOTAL(ALL INDIA),2005,STAMPEDE,62,101,68,169,146,200,346
TOTAL(ALL INDIA),2005,SUFFOCATION,1500,4,6,10,1201,348,1549
TOTAL(ALL INDIA),2005,TRAFFIC ACCIDENTS(ROAD ACCIDENTS),390378,375724,72127,447851,83209,15045,98254
TOTAL(ALL INDIA),2005,TRAFFIC ACCIDENTS(RAIL-ROAD ACCIDENTS),2537,732,292,1024,1123,266,1389
TOTAL(ALL INDIA),2005,OTHER RAILWAY ACCIDENTS,21482,2842,422,3264,15772,2850,18622
TOTAL(ALL INDIA),2005,OTHER,31831,2354,732,3086,23696,7693,31389
TOTAL(ALL INDIA),2005,CAUSES NOT KNOWN,13851,961,227,1188,11155,3359,14514
TOTAL(ALL INDIA),2005,TOTAL,574850,392456,78467,470923,208352,63408,271760
TOTAL(ALL INDIA),2005,TOTAL COLLAPSE,2551,393,172,565,1921,797,2718
TOTAL(ALL INDIA),2005,TOTAL DROWNING,23052,335,189,524,17218,6353,23571
TOTAL(ALL INDIA),2005,TOTAL EXPLOSION,705,1177,262,1439,473,170,643
TOTAL(ALL INDIA),2005,TOTAL FALLS,9820,770,234,1004,7745,1387,9132
TOTAL(ALL INDIA),2005,TOTAL FIRE,20106,976,1238,2214,6175,12918,19093
TOTAL(ALL INDIA),2005,TOTAL SUDDEN DEATHS,20602,1645,677,2322,15490,3029,18519
TOTAL(ALL INDIA),2005,TOTAL POISONING,23280,2016,1394,3410,13581,7219,20800
TOTAL(ALL INDIA),2005,TOTAL TRAFFIC ACCIDENTS,414397,379298,72841,452139,100104,18161,118265
TOTAL(ALL INDIA),2006,AIR-CRASH,4,0,0,0,2,0,2
TOTAL(ALL INDIA),2006,COLLAPSE OF STRUCTURE(HOUSE),930,143,72,215,583,350,933
TOTAL(ALL INDIA),2006,COLLAPSE OF STRUCTURE(BUILDING),232,179,43,222,190,60,250
TOTAL(ALL INDIA),2006,COLLAPSE OF STRUCTURE(DAM),34,0,0,0,19,15,34
TOTAL(ALL INDIA),2006,COLLAPSE OF STRUCTURE(BRIDGE),39,12,3,15,123,46,169
TOTAL(ALL INDIA),2006,COLLAPSE OF STRUCTURE(OTHERS),1074,180,64,244,750,263,1013
TOTAL(ALL INDIA),2006,DROWNING(BOAT CAPSIZE),692,18,8,26,587,243,830
TOTAL(ALL INDIA),2006,DROWNING(OTHER),24200,335,106,441,18445,6296,24741
TOTAL(ALL INDIA),2006,ELECTROCUTION,7629,293,85,378,6476,1143,7619
TOTAL(ALL INDIA),2006,EXPLOSION(BOMB EXPLOSION),309,1210,191,1401,447,39,486
TOTAL(ALL INDIA),2006,EXPLOSION(OTHER EXPLOSION LIKE BOILERS, GAS CYLINDER ETC.),393,419,92,511,217,121,338
TOTAL(ALL INDIA),2006,FALLS(FALL FROM HEIGHT),8606,455,110,565,7041,1218,8259
TOTAL(ALL INDIA),2006,FALL INTO PIT/MANHOLE,2069,452,122,574,1287,275,1562
TOTAL(ALL INDIA),2006,FACTORY/MACHINE ACCIDENTS,1237,434,19,453,742,127,869
TOTAL(ALL INDIA),2006,FIRE(FIREWORKS/CRACKERS),379,145,78,223,193,111,304
TOTAL(ALL INDIA),2006,FIRE(SHORT-CIRCUIT),1077,122,40,162,768,194,962
TOTAL(ALL INDIA),2006,GAS CYLINDER/STOVE BURST,3508,135,293,428,738,2639,3377
TOTAL(ALL INDIA),2006,OTHER FIRE ACCIDENTS,15383,908,968,1876,4473,10106,14579
TOTAL(ALL INDIA),2006,FIRE-ARMS,2882,966,183,1149,1899,262,2161
TOTAL(ALL INDIA),2006,SUDDEN DEATHS(HEART ATTACKS),13552,719,477,1196,10637,1854,12491
TOTAL(ALL INDIA),2006,EPILEPTIC FITS/GIDDINESS,3095,357,127,484,2091,534,2625
TOTAL(ALL INDIA),2006,ABORTIONS/CHILD BIRTH,774,0,4,4,0,759,759
TOTAL(ALL INDIA),2006,INFLUENCE OF ALCOHOL,3813,310,7,317,3470,105,3575
TOTAL(ALL INDIA),2006,KILLED BY ANIMALS,1068,223,78,301,679,185,864
TOTAL(ALL INDIA),2006,MINES OR QUARY DISASTER,371,13,1,14,280,129,409
TOTAL(ALL INDIA),2006,FOOD POISIONING/ACCIDENTAL INTAKE OF INSECTICIDES ETC.,11262,1888,2070,3958,5110,2933,8043
TOTAL(ALL INDIA),2006,SPURIOUS/POISIONOUS LIQUOR,679,60,22,82,507,178,685
TOTAL(ALL INDIA),2006,LEAKAGE OF POISINOUS GASES ETC.,308,18,6,24,236,90,326
TOTAL(ALL INDIA),2006,SNAKE BITE/ANIMAL BITE,10138,1532,810,2342,5013,2932,7945
TOTAL(ALL INDIA),2006,OTHER,6343,275,125,400,4170,2265,6435
TOTAL(ALL INDIA),2006,STAMPEDE,17,48,10,58,11,7,18
TOTAL(ALL INDIA),2006,SUFFOCATION,1700,27,13,40,1207,489,1696
TOTAL(ALL INDIA),2006,TRAFFIC ACCIDENTS(ROAD ACCIDENTS),394432,371783,81139,452922,89177,16548,105725
TOTAL(ALL INDIA),2006,TRAFFIC ACCIDENTS(RAIL-ROAD ACCIDENTS),2829,469,133,602,1881,472,2353
TOTAL(ALL INDIA),2006,OTHER RAILWAY ACCIDENTS,26165,3261,463,3724,20110,3464,23574
TOTAL(ALL INDIA),2006,OTHER,35030,2904,818,3722,24584,7894,32478
TOTAL(ALL INDIA),2006,CAUSES NOT KNOWN,14403,165,56,221,10970,3743,14713
TOTAL(ALL INDIA),2006,TOTAL,596656,390458,88836,479294,225113,68089,293202
TOTAL(ALL INDIA),2006,TOTAL COLLAPSE,2309,514,182,696,1665,734,2399
TOTAL(ALL INDIA),2006,TOTAL DROWNING,24892,353,114,467,19032,6539,25571
TOTAL(ALL INDIA),2006,TOTAL EXPLOSION,702,1629,283,1912,664,160,824
TOTAL(ALL INDIA),2006,TOTAL FALLS,10675,907,232,1139,8328,1493,9821
TOTAL(ALL INDIA),2006,TOTAL FIRE,20347,1310,1379,2689,6172,13050,19222
TOTAL(ALL INDIA),2006,TOTAL SUDDEN DEATHS,21234,1386,615,2001,16198,3252,19450
TOTAL(ALL INDIA),2006,TOTAL POISONING,28730,3773,3033,6806,15036,8398,23434
TOTAL(ALL INDIA),2006,TOTAL TRAFFIC ACCIDENTS,423426,375513,81735,457248,111168,20484,131652
TOTAL(ALL INDIA),2007,AIR-CRASH,6,0,0,0,11,0,11
TOTAL(ALL INDIA),2007,COLLAPSE OF STRUCTURE(HOUSE),966,162,77,239,671,340,1011
TOTAL(ALL INDIA),2007,COLLAPSE OF STRUCTURE(BUILDING),259,111,35,146,209,100,309
TOTAL(ALL INDIA),2007,COLLAPSE OF STRUCTURE(DAM),44,2,0,2,30,17,47
TOTAL(ALL INDIA),2007,COLLAPSE OF STRUCTURE(BRIDGE),40,13,4,17,122,49,171
TOTAL(ALL INDIA),2007,COLLAPSE OF STRUCTURE(OTHERS),1181,184,81,265,816,269,1085
TOTAL(ALL INDIA),2007,DROWNING(BOAT CAPSIZE),641,66,18,84,672,229,901
TOTAL(ALL INDIA),2007,DROWNING(OTHER),26182,522,174,696,19597,6566,26163
TOTAL(ALL INDIA),2007,ELECTROCUTION,8166,375,77,452,6889,1187,8076
TOTAL(ALL INDIA),2007,EXPLOSION(BOMB EXPLOSION),373,729,69,798,240,30,270
TOTAL(ALL INDIA),2007,EXPLOSION(OTHER EXPLOSION LIKE BOILERS, GAS CYLINDER ETC.),373,170,56,226,255,144,399
TOTAL(ALL INDIA),2007,FALLS(FALL FROM HEIGHT),9088,558,185,743,7406,1256,8662
TOTAL(ALL INDIA),2007,FALL INTO PIT/MANHOLE,2823,890,196,1086,1524,311,1835
TOTAL(ALL INDIA),2007,FACTORY/MACHINE ACCIDENTS,1175,425,29,454,731,105,836
TOTAL(ALL INDIA),2007,FIRE(FIREWORKS/CRACKERS),482,122,102,224,213,216,429
TOTAL(ALL INDIA),2007,FIRE(SHORT-CIRCUIT),1077,103,21,124,811,206,1017
TOTAL(ALL INDIA),2007,GAS CYLINDER/STOVE BURST,3569,75,174,249,985,2845,3830
TOTAL(ALL INDIA),2007,OTHER FIRE ACCIDENTS,16711,908,1288,2196,4875,10621,15496
TOTAL(ALL INDIA),2007,FIRE-ARMS,2390,781,176,957,1712,334,2046
TOTAL(ALL INDIA),2007,SUDDEN DEATHS(HEART ATTACKS),16486,2231,1571,3802,11204,1980,13184
TOTAL(ALL INDIA),2007,EPILEPTIC FITS/GIDDINESS,3745,336,160,496,2548,723,3271
TOTAL(ALL INDIA),2007,ABORTIONS/CHILD BIRTH,831,0,32,32,0,814,814
TOTAL(ALL INDIA),2007,INFLUENCE OF ALCOHOL,4353,357,8,365,3936,106,4042
TOTAL(ALL INDIA),2007,KILLED BY ANIMALS,1136,148,46,194,758,249,1007
TOTAL(ALL INDIA),2007,MINES OR QUARY DISASTER,424,15,5,20,313,122,435
TOTAL(ALL INDIA),2007,FOOD POISIONING/ACCIDENTAL INTAKE OF INSECTICIDES ETC.,9590,938,719,1657,5337,3088,8425
TOTAL(ALL INDIA),2007,SPURIOUS/POISIONOUS LIQUOR,1273,115,50,165,860,391,1251
TOTAL(ALL INDIA),2007,LEAKAGE OF POISINOUS GASES ETC.,175,12,2,14,153,45,198
TOTAL(ALL INDIA),2007,SNAKE BITE/ANIMAL BITE,9834,1269,683,1952,5029,2997,8026
TOTAL(ALL INDIA),2007,OTHER,7754,746,453,1199,4957,2590,7547
TOTAL(ALL INDIA),2007,STAMPEDE,64,2,48,50,49,26,75
TOTAL(ALL INDIA),2007,SUFFOCATION,1285,4,7,11,877,436,1313
TOTAL(ALL INDIA),2007,TRAFFIC ACCIDENTS(ROAD ACCIDENTS),418657,381479,83873,465352,97398,17192,114590
TOTAL(ALL INDIA),2007,TRAFFIC ACCIDENTS(RAIL-ROAD ACCIDENTS),1873,133,44,177,1933,436,2369
TOTAL(ALL INDIA),2007,OTHER RAILWAY ACCIDENTS,27705,4514,596,5110,20228,3373,23601
TOTAL(ALL INDIA),2007,OTHER,39138,2657,765,3422,27498,8494,35992
TOTAL(ALL INDIA),2007,CAUSES NOT KNOWN,16525,371,168,539,12774,4133,16907
TOTAL(ALL INDIA),2007,TOTAL,636394,401523,91992,493515,243621,72020,315641
TOTAL(ALL INDIA),2007,TOTAL COLLAPSE,2490,472,197,669,1848,775,2623
TOTAL(ALL INDIA),2007,TOTAL DROWNING,26823,588,192,780,20269,6795,27064
TOTAL(ALL INDIA),2007,TOTAL EXPLOSION,746,899,125,1024,495,174,669
TOTAL(ALL INDIA),2007,TOTAL FALLS,11911,1448,381,1829,8930,1567,10497
TOTAL(ALL INDIA),2007,TOTAL FIRE,21839,1208,1585,2793,6884,13888,20772
TOTAL(ALL INDIA),2007,TOTAL SUDDEN DEATHS,25415,2924,1771,4695,17688,3623,21311
TOTAL(ALL INDIA),2007,TOTAL POISONING,28626,3080,1907,4987,16336,9111,25447
TOTAL(ALL INDIA),2007,TOTAL TRAFFIC ACCIDENTS,448235,386126,84513,470639,119559,21001,140560
TOTAL(ALL INDIA),2008,AIR-CRASH,12,1,0,1,16,3,19
TOTAL(ALL INDIA),2008,COLLAPSE OF STRUCTURE(HOUSE),1055,167,94,261,745,428,1173
TOTAL(ALL INDIA),2008,COLLAPSE OF STRUCTURE(BUILDING),284,75,32,107,182,67,249
TOTAL(ALL INDIA),2008,COLLAPSE OF STRUCTURE(DAM),44,2,0,2,57,9,66
TOTAL(ALL INDIA),2008,COLLAPSE OF STRUCTURE(BRIDGE),52,22,0,22,56,37,93
TOTAL(ALL INDIA),2008,COLLAPSE OF STRUCTURE(OTHERS),1590,448,151,599,955,297,1252
TOTAL(ALL INDIA),2008,DROWNING(BOAT CAPSIZE),847,42,16,58,709,270,979
TOTAL(ALL INDIA),2008,DROWNING(OTHER),25240,375,149,524,19637,6590,26227
TOTAL(ALL INDIA),2008,ELECTROCUTION,8148,335,65,400,6866,1201,8067
TOTAL(ALL INDIA),2008,EXPLOSION(BOMB EXPLOSION),455,1438,150,1588,414,76,490
TOTAL(ALL INDIA),2008,EXPLOSION(OTHER EXPLOSION LIKE BOILERS, GAS CYLINDER ETC.),279,87,44,131,190,112,302
TOTAL(ALL INDIA),2008,FALLS(FALL FROM HEIGHT),9211,580,164,744,7535,1222,8757
TOTAL(ALL INDIA),2008,FALL INTO PIT/MANHOLE,2859,858,176,1034,1533,347,1880
TOTAL(ALL INDIA),2008,FACTORY/MACHINE ACCIDENTS,1228,422,39,461,764,94,858
TOTAL(ALL INDIA),2008,FIRE(FIREWORKS/CRACKERS),420,119,75,194,193,149,342
TOTAL(ALL INDIA),2008,FIRE(SHORT-CIRCUIT),1206,153,49,202,866,232,1098
TOTAL(ALL INDIA),2008,GAS CYLINDER/STOVE BURST,3557,112,204,316,790,2838,3628
TOTAL(ALL INDIA),2008,OTHER FIRE ACCIDENTS,18437,841,1434,2275,5523,11863,17386
TOTAL(ALL INDIA),2008,FIRE-ARMS,1914,627,107,734,1447,192,1639
TOTAL(ALL INDIA),2008,SUDDEN DEATHS(HEART ATTACKS),17835,2097,1430,3527,12325,2072,14397
TOTAL(ALL INDIA),2008,EPILEPTIC FITS/GIDDINESS,3535,258,120,378,2538,644,3182
TOTAL(ALL INDIA),2008,ABORTIONS/CHILD BIRTH,890,0,31,31,0,851,851
TOTAL(ALL INDIA),2008,INFLUENCE OF ALCOHOL,4598,402,2,404,4177,131,4308
TOTAL(ALL INDIA),2008,KILLED BY ANIMALS,907,99,35,134,634,193,827
TOTAL(ALL INDIA),2008,MINES OR QUARY DISASTER,392,30,15,45,249,122,371
TOTAL(ALL INDIA),2008,FOOD POISIONING/ACCIDENTAL INTAKE OF INSECTICIDES ETC.,9406,1247,851,2098,4968,2861,7829
TOTAL(ALL INDIA),2008,SPURIOUS/POISIONOUS LIQUOR,1323,146,35,181,1003,355,1358
TOTAL(ALL INDIA),2008,LEAKAGE OF POISINOUS GASES ETC.,213,6,0,6,185,62,247
TOTAL(ALL INDIA),2008,SNAKE BITE/ANIMAL BITE,9359,1094,609,1703,4955,2870,7825
TOTAL(ALL INDIA),2008,OTHER,7109,275,142,417,4885,2117,7002
TOTAL(ALL INDIA),2008,STAMPEDE,105,91,1,92,358,76,434
TOTAL(ALL INDIA),2008,SUFFOCATION,1451,10,3,13,1041,455,1496
TOTAL(ALL INDIA),2008,TRAFFIC ACCIDENTS(ROAD ACCIDENTS),415855,385732,83424,469156,100300,17939,118239
TOTAL(ALL INDIA),2008,TRAFFIC ACCIDENTS(RAIL-ROAD ACCIDENTS),2134,98,26,124,1823,399,2222
TOTAL(ALL INDIA),2008,OTHER RAILWAY ACCIDENTS,27479,3719,563,4282,20548,3578,24126
TOTAL(ALL INDIA),2008,OTHER,37908,3240,1147,4387,26523,8612,35135
TOTAL(ALL INDIA),2008,CAUSES NOT KNOWN,14765,1064,429,1493,10509,3453,13962
TOTAL(ALL INDIA),2008,TOTAL,632102,406312,91812,498124,245499,72817,318316
TOTAL(ALL INDIA),2008,TOTAL COLLAPSE,3025,714,277,991,1995,838,2833
TOTAL(ALL INDIA),2008,TOTAL DROWNING,26087,417,165,582,20346,6860,27206
TOTAL(ALL INDIA),2008,TOTAL EXPLOSION,734,1525,194,1719,604,188,792
TOTAL(ALL INDIA),2008,TOTAL FALLS,12070,1438,340,1778,9068,1569,10637
TOTAL(ALL INDIA),2008,TOTAL FIRE,23620,1225,1762,2987,7372,15082,22454
TOTAL(ALL INDIA),2008,TOTAL SUDDEN DEATHS,26858,2757,1583,4340,19040,3698,22738
TOTAL(ALL INDIA),2008,TOTAL POISONING,27410,2768,1637,4405,15996,8265,24261
TOTAL(ALL INDIA),2008,TOTAL TRAFFIC ACCIDENTS,445468,389549,84013,473562,122671,21916,144587
TOTAL(ALL INDIA),2009,AIR-CRASH,8,0,0,0,12,0,12
TOTAL(ALL INDIA),2009,COLLAPSE OF STRUCTURE(HOUSE),1033,174,68,242,719,372,1091
TOTAL(ALL INDIA),2009,COLLAPSE OF STRUCTURE(BUILDING),279,38,9,47,210,55,265
TOTAL(ALL INDIA),2009,COLLAPSE OF STRUCTURE(DAM),26,15,0,15,23,7,30
TOTAL(ALL INDIA),2009,COLLAPSE OF STRUCTURE(BRIDGE),35,30,2,32,37,7,44
TOTAL(ALL INDIA),2009,COLLAPSE OF STRUCTURE(OTHERS),1349,172,48,220,1072,345,1417
TOTAL(ALL INDIA),2009,DROWNING(BOAT CAPSIZE),791,27,6,33,710,274,984
TOTAL(ALL INDIA),2009,DROWNING(OTHER),24321,339,181,520,18724,6203,24927
TOTAL(ALL INDIA),2009,ELECTROCUTION,8683,369,84,453,7276,1263,8539
TOTAL(ALL INDIA),2009,EXPLOSION(BOMB EXPLOSION),323,401,90,491,233,28,261
TOTAL(ALL INDIA),2009,EXPLOSION(OTHER EXPLOSION LIKE BOILERS, GAS CYLINDER ETC.),375,211,33,244,273,134,407
TOTAL(ALL INDIA),2009,FALLS(FALL FROM HEIGHT),9572,737,222,959,7483,1313,8796
TOTAL(ALL INDIA),2009,FALL INTO PIT/MANHOLE,3158,1155,302,1457,1486,340,1826
TOTAL(ALL INDIA),2009,FACTORY/MACHINE ACCIDENTS,1452,489,63,552,906,138,1044
TOTAL(ALL INDIA),2009,FIRE(FIREWORKS/CRACKERS),583,158,100,258,249,298,547
TOTAL(ALL INDIA),2009,FIRE(SHORT-CIRCUIT),1410,162,45,207,1044,284,1328
TOTAL(ALL INDIA),2009,GAS CYLINDER/STOVE BURST,4104,101,140,241,1015,3112,4127
TOTAL(ALL INDIA),2009,OTHER FIRE ACCIDENTS,18787,869,1459,2328,5401,11865,17266
TOTAL(ALL INDIA),2009,FIRE-ARMS,1775,562,109,671,1269,235,1504
TOTAL(ALL INDIA),2009,SUDDEN DEATHS(HEART ATTACKS),18518,2261,1544,3805,13796,2211,16007
TOTAL(ALL INDIA),2009,EPILEPTIC FITS/GIDDINESS,4840,347,157,504,2849,686,3535
TOTAL(ALL INDIA),2009,ABORTIONS/CHILD BIRTH,1072,0,44,44,0,811,811
TOTAL(ALL INDIA),2009,INFLUENCE OF ALCOHOL,4658,488,10,498,4309,174,4483
TOTAL(ALL INDIA),2009,KILLED BY ANIMALS,1293,130,68,198,743,219,962
TOTAL(ALL INDIA),2009,MINES OR QUARY DISASTER,483,39,7,46,289,134,423
TOTAL(ALL INDIA),2009,FOOD POISIONING/ACCIDENTAL INTAKE OF INSECTICIDES ETC.,9261,884,778,1662,5080,3074,8154
TOTAL(ALL INDIA),2009,SPURIOUS/POISIONOUS LIQUOR,1192,95,14,109,1057,393,1450
TOTAL(ALL INDIA),2009,LEAKAGE OF POISINOUS GASES ETC.,540,9,1,10,195,52,247
TOTAL(ALL INDIA),2009,SNAKE BITE/ANIMAL BITE,9116,1197,703,1900,4950,3085,8035
TOTAL(ALL INDIA),2009,OTHER,8889,954,634,1588,5890,2858,8748
TOTAL(ALL INDIA),2009,STAMPEDE,1532,4,2,6,74,36,110
TOTAL(ALL INDIA),2009,SUFFOCATION,1200,16,4,20,912,345,1257
TOTAL(ALL INDIA),2009,TRAFFIC ACCIDENTS(ROAD ACCIDENTS),421628,383005,83644,466649,108409,18487,126896
TOTAL(ALL INDIA),2009,TRAFFIC ACCIDENTS(RAIL-ROAD ACCIDENTS),2080,329,148,477,1253,263,1516
TOTAL(ALL INDIA),2009,OTHER RAILWAY ACCIDENTS,27575,3280,535,3815,20635,3642,24277
TOTAL(ALL INDIA),2009,OTHER,37890,3603,897,4500,27694,8212,35906
TOTAL(ALL INDIA),2009,CAUSES NOT KNOWN,18073,1063,326,1389,13158,4376,17534
TOTAL(ALL INDIA),2009,TOTAL,647904,403713,92477,496190,259435,75331,334766
TOTAL(ALL INDIA),2009,TOTAL COLLAPSE,2722,429,127,556,2061,786,2847
TOTAL(ALL INDIA),2009,TOTAL DROWNING,25112,366,187,553,19434,6477,25911
TOTAL(ALL INDIA),2009,TOTAL EXPLOSION,698,612,123,735,506,162,668
TOTAL(ALL INDIA),2009,TOTAL FALLS,12730,1892,524,2416,8969,1653,10622
TOTAL(ALL INDIA),2009,TOTAL FIRE,24884,1290,1744,3034,7709,15559,23268
TOTAL(ALL INDIA),2009,TOTAL SUDDEN DEATHS,29088,3096,1755,4851,20954,3882,24836
TOTAL(ALL INDIA),2009,TOTAL POISONING,28998,3139,2130,5269,17172,9462,26634
TOTAL(ALL INDIA),2009,TOTAL TRAFFIC ACCIDENTS,451283,386614,84327,470941,130297,22392,152689
TOTAL(ALL INDIA),2010,AIR-CRASH,14,1,1,2,18,5,23
TOTAL(ALL INDIA),2010,COLLAPSE OF STRUCTURE(HOUSE),1003,162,75,237,642,343,985
TOTAL(ALL INDIA),2010,COLLAPSE OF STRUCTURE(BUILDING),262,155,54,209,277,100,377
TOTAL(ALL INDIA),2010,COLLAPSE OF STRUCTURE(DAM),15,0,0,0,11,4,15
TOTAL(ALL INDIA),2010,COLLAPSE OF STRUCTURE(BRIDGE),47,7,0,7,43,6,49
TOTAL(ALL INDIA),2010,COLLAPSE OF STRUCTURE(OTHERS),1350,194,67,261,970,286,1256
TOTAL(ALL INDIA),2010,DROWNING(BOAT CAPSIZE),795,83,54,137,549,211,760
TOTAL(ALL INDIA),2010,DROWNING(OTHER),26742,398,203,601,20834,6407,27241
TOTAL(ALL INDIA),2010,ELECTROCUTION,9149,368,71,439,7658,1401,9059
TOTAL(ALL INDIA),2010,EXPLOSION(BOMB EXPLOSION),159,150,50,200,98,14,112
TOTAL(ALL INDIA),2010,EXPLOSION(OTHER EXPLOSION LIKE BOILERS, GAS CYLINDER ETC.),422,96,32,128,228,153,381
TOTAL(ALL INDIA),2010,FALLS(FALL FROM HEIGHT),10825,944,340,1284,8294,1534,9828
TOTAL(ALL INDIA),2010,FALL INTO PIT/MANHOLE,2606,670,258,928,1442,301,1743
TOTAL(ALL INDIA),2010,FACTORY/MACHINE ACCIDENTS,1586,568,61,629,916,127,1043
TOTAL(ALL INDIA),2010,FIRE(FIREWORKS/CRACKERS),387,94,69,163,146,130,276
TOTAL(ALL INDIA),2010,FIRE(SHORT-CIRCUIT),1387,109,49,158,1025,287,1312
TOTAL(ALL INDIA),2010,GAS CYLINDER/STOVE BURST,4912,110,203,313,1200,3620,4820
TOTAL(ALL INDIA),2010,OTHER FIRE ACCIDENTS,19339,997,1503,2500,5786,12220,18006
TOTAL(ALL INDIA),2010,FIRE-ARMS,1812,512,91,603,1410,278,1688
TOTAL(ALL INDIA),2010,SUDDEN DEATHS(HEART ATTACKS),21451,2459,1596,4055,15144,2419,17563
TOTAL(ALL INDIA),2010,EPILEPTIC FITS/GIDDINESS,4585,315,157,472,3263,867,4130
TOTAL(ALL INDIA),2010,ABORTIONS/CHILD BIRTH,867,0,68,68,0,785,785
TOTAL(ALL INDIA),2010,INFLUENCE OF ALCOHOL,5288,509,7,516,4742,144,4886
TOTAL(ALL INDIA),2010,KILLED BY ANIMALS,1121,164,51,215,746,235,981
TOTAL(ALL INDIA),2010,MINES OR QUARY DISASTER,349,14,4,18,275,80,355
TOTAL(ALL INDIA),2010,FOOD POISIONING/ACCIDENTAL INTAKE OF INSECTICIDES ETC.,10562,915,759,1674,5789,3648,9437
TOTAL(ALL INDIA),2010,SPURIOUS/POISIONOUS LIQUOR,1227,54,17,71,881,321,1202
TOTAL(ALL INDIA),2010,LEAKAGE OF POISINOUS GASES ETC.,152,7,1,8,127,27,154
TOTAL(ALL INDIA),2010,SNAKE BITE/ANIMAL BITE,12415,2240,1730,3970,5258,3381,8639
TOTAL(ALL INDIA),2010,OTHER,9783,984,719,1703,5874,2706,8580
TOTAL(ALL INDIA),2010,STAMPEDE,107,12,6,18,86,27,113
TOTAL(ALL INDIA),2010,SUFFOCATION,1374,16,8,24,1013,387,1400
TOTAL(ALL INDIA),2010,TRAFFIC ACCIDENTS(ROAD ACCIDENTS),430654,383755,86932,470687,113935,20003,133938
TOTAL(ALL INDIA),2010,TRAFFIC ACCIDENTS(RAIL-ROAD ACCIDENTS),2843,147,44,191,2879,468,3347
TOTAL(ALL INDIA),2010,OTHER RAILWAY ACCIDENTS,28260,3530,603,4133,20843,3608,24451
TOTAL(ALL INDIA),2010,OTHER,42836,2749,1224,3973,31016,9041,40057
TOTAL(ALL INDIA),2010,CAUSES NOT KNOWN,21640,2267,1070,3337,15775,4816,20591
TOTAL(ALL INDIA),2010,TOTAL,678326,405755,98177,503932,279193,80390,359583
TOTAL(ALL INDIA),2010,TOTAL COLLAPSE,2677,518,196,714,1943,739,2682
TOTAL(ALL INDIA),2010,TOTAL DROWNING,27537,481,257,738,21383,6618,28001
TOTAL(ALL INDIA),2010,TOTAL EXPLOSION,581,246,82,328,326,167,493
TOTAL(ALL INDIA),2010,TOTAL FALLS,13431,1614,598,2212,9736,1835,11571
TOTAL(ALL INDIA),2010,TOTAL FIRE,26025,1310,1824,3134,8157,16257,24414
TOTAL(ALL INDIA),2010,TOTAL SUDDEN DEATHS,32191,3283,1828,5111,23149,4215,27364
TOTAL(ALL INDIA),2010,TOTAL POISONING,34139,4200,3226,7426,17929,10083,28012
TOTAL(ALL INDIA),2010,TOTAL TRAFFIC ACCIDENTS,461757,387432,87579,475011,137657,24079,161736
TOTAL(ALL INDIA),2011,AIR-CRASH,5,0,0,0,15,3,18
TOTAL(ALL INDIA),2011,COLLAPSE OF STRUCTURE(HOUSE),1090,221,109,330,676,374,1050
TOTAL(ALL INDIA),2011,COLLAPSE OF STRUCTURE(BUILDING),451,110,39,149,330,94,424
TOTAL(ALL INDIA),2011,COLLAPSE OF STRUCTURE(DAM),42,3,1,4,35,9,44
TOTAL(ALL INDIA),2011,COLLAPSE OF STRUCTURE(BRIDGE),102,39,19,58,76,43,119
TOTAL(ALL INDIA),2011,COLLAPSE OF STRUCTURE(OTHERS),1440,159,57,216,1139,385,1524
TOTAL(ALL INDIA),2011,DROWNING(BOAT CAPSIZE),687,35,12,47,630,219,849
TOTAL(ALL INDIA),2011,DROWNING(OTHER),28210,421,198,619,21966,6893,28859
TOTAL(ALL INDIA),2011,ELECTROCUTION,8987,339,85,424,7640,1305,8945
TOTAL(ALL INDIA),2011,EXPLOSION(BOMB EXPLOSION),159,308,31,339,135,14,149
TOTAL(ALL INDIA),2011,EXPLOSION(OTHER EXPLOSION LIKE BOILERS, GAS CYLINDER ETC.),322,56,38,94,261,122,383
TOTAL(ALL INDIA),2011,FALLS(FALL FROM HEIGHT),10483,646,194,840,8545,1475,10020
TOTAL(ALL INDIA),2011,FALL INTO PIT/MANHOLE,2638,734,154,888,1513,334,1847
TOTAL(ALL INDIA),2011,FACTORY/MACHINE ACCIDENTS,1597,605,49,654,966,125,1091
TOTAL(ALL INDIA),2011,FIRE(FIREWORKS/CRACKERS),312,92,44,136,117,120,237
TOTAL(ALL INDIA),2011,FIRE(SHORT-CIRCUIT),1626,152,52,204,1249,274,1523
TOTAL(ALL INDIA),2011,GAS CYLINDER/STOVE BURST,4096,113,168,281,879,3126,4005
TOTAL(ALL INDIA),2011,OTHER FIRE ACCIDENTS,20309,1041,1588,2629,6022,12789,18811
TOTAL(ALL INDIA),2011,FIRE-ARMS,1401,326,62,388,1008,242,1250
TOTAL(ALL INDIA),2011,SUDDEN DEATHS(HEART ATTACKS),21261,2725,1806,4531,14221,2344,16565
TOTAL(ALL INDIA),2011,EPILEPTIC FITS/GIDDINESS,4690,343,126,469,3732,924,4656
TOTAL(ALL INDIA),2011,ABORTIONS/CHILD BIRTH,938,0,58,58,0,881,881
TOTAL(ALL INDIA),2011,INFLUENCE OF ALCOHOL,5179,472,15,487,4392,155,4547
TOTAL(ALL INDIA),2011,KILLED BY ANIMALS,1058,118,78,196,985,248,1233
TOTAL(ALL INDIA),2011,MINES OR QUARY DISASTER,370,21,8,29,289,96,385
TOTAL(ALL INDIA),2011,FOOD POISIONING/ACCIDENTAL INTAKE OF INSECTICIDES ETC.,11073,1399,1158,2557,5780,3192,8972
TOTAL(ALL INDIA),2011,SPURIOUS/POISIONOUS LIQUOR,1128,34,18,52,1068,367,1435
TOTAL(ALL INDIA),2011,LEAKAGE OF POISINOUS GASES ETC.,156,241,257,498,155,26,181
TOTAL(ALL INDIA),2011,SNAKE BITE/ANIMAL BITE,13409,2638,2148,4786,5232,3358,8590
TOTAL(ALL INDIA),2011,OTHER,11379,958,728,1686,6948,3352,10300
TOTAL(ALL INDIA),2011,STAMPEDE,314,12,15,27,412,77,489
TOTAL(ALL INDIA),2011,SUFFOCATION,3209,1291,262,1553,1445,568,2013
TOTAL(ALL INDIA),2011,TRAFFIC ACCIDENTS(ROAD ACCIDENTS),440123,372447,96348,468795,116629,20205,136834
TOTAL(ALL INDIA),2011,TRAFFIC ACCIDENTS(RAIL-ROAD ACCIDENTS),2385,818,136,954,1963,403,2366
TOTAL(ALL INDIA),2011,OTHER RAILWAY ACCIDENTS,30576,3615,563,4178,22075,3797,25872
TOTAL(ALL INDIA),2011,OTHER,42930,3534,1587,5121,29882,9591,39473
TOTAL(ALL INDIA),2011,CAUSES NOT KNOWN,20255,1372,699,2071,16048,5206,21254
TOTAL(ALL INDIA),2011,TOTAL,694390,397438,108910,506348,284458,82736,367194
TOTAL(ALL INDIA),2011,TOTAL COLLAPSE,3125,532,225,757,2256,905,3161
TOTAL(ALL INDIA),2011,TOTAL DROWNING,28897,456,210,666,22596,7112,29708
TOTAL(ALL INDIA),2011,TOTAL EXPLOSION,481,364,69,433,396,136,532
TOTAL(ALL INDIA),2011,TOTAL FALLS,13121,1380,348,1728,10058,1809,11867
TOTAL(ALL INDIA),2011,TOTAL FIRE,26343,1398,1852,3250,8267,16309,24576
TOTAL(ALL INDIA),2011,TOTAL SUDDEN DEATHS,32068,3540,2005,5545,22345,4304,26649
TOTAL(ALL INDIA),2011,TOTAL POISONING,37145,5270,4309,9579,19183,10295,29478
TOTAL(ALL INDIA),2011,TOTAL TRAFFIC ACCIDENTS,473084,376880,97047,473927,140667,24405,165072
TOTAL(ALL INDIA),2012,AIR-CRASH,4,0,0,0,12,2,14
TOTAL(ALL INDIA),2012,COLLAPSE OF STRUCTURE(HOUSE),816,171,78,249,564,301,865
TOTAL(ALL INDIA),2012,COLLAPSE OF STRUCTURE(BUILDING),345,79,36,115,272,62,334
TOTAL(ALL INDIA),2012,COLLAPSE OF STRUCTURE(DAM),27,0,0,0,24,7,31
TOTAL(ALL INDIA),2012,COLLAPSE OF STRUCTURE(BRIDGE),45,24,29,53,48,16,64
TOTAL(ALL INDIA),2012,COLLAPSE OF STRUCTURE(OTHERS),1531,324,109,433,1004,384,1388
TOTAL(ALL INDIA),2012,DROWNING(BOAT CAPSIZE),599,47,11,58,525,143,668
TOTAL(ALL INDIA),2012,DROWNING(OTHER),26442,510,237,747,20486,6404,26890
TOTAL(ALL INDIA),2012,ELECTROCUTION,8839,350,101,451,7433,1317,8750
TOTAL(ALL INDIA),2012,EXPLOSION(BOMB EXPLOSION),241,156,26,182,75,12,87
TOTAL(ALL INDIA),2012,EXPLOSION(OTHER EXPLOSION LIKE BOILERS, GAS CYLINDER ETC.),314,96,39,135,197,119,316
TOTAL(ALL INDIA),2012,FALLS(FALL FROM HEIGHT),11052,590,167,757,9051,1516,10567
TOTAL(ALL INDIA),2012,FALL INTO PIT/MANHOLE,2480,610,182,792,1438,314,1752
TOTAL(ALL INDIA),2012,FACTORY/MACHINE ACCIDENTS,1528,576,49,625,920,87,1007
TOTAL(ALL INDIA),2012,FIRE(FIREWORKS/CRACKERS),468,95,80,175,200,305,505
TOTAL(ALL INDIA),2012,FIRE(SHORT-CIRCUIT),1472,131,45,176,1170,269,1439
TOTAL(ALL INDIA),2012,GAS CYLINDER/STOVE BURST,3790,129,144,273,846,2900,3746
TOTAL(ALL INDIA),2012,OTHER FIRE ACCIDENTS,19257,925,1508,2433,5617,11974,17591
TOTAL(ALL INDIA),2012,FIRE-ARMS,1432,431,79,510,1003,214,1217
TOTAL(ALL INDIA),2012,SUDDEN DEATHS(HEART ATTACKS),22810,2615,1796,4411,16088,2434,18522
TOTAL(ALL INDIA),2012,EPILEPTIC FITS/GIDDINESS,4317,203,87,290,3184,839,4023
TOTAL(ALL INDIA),2012,ABORTIONS/CHILD BIRTH,997,0,43,43,0,938,938
TOTAL(ALL INDIA),2012,INFLUENCE OF ALCOHOL,5907,491,20,511,5340,138,5478
TOTAL(ALL INDIA),2012,KILLED BY ANIMALS,1113,156,64,220,763,196,959
TOTAL(ALL INDIA),2012,MINES OR QUARY DISASTER,344,41,16,57,255,104,359
TOTAL(ALL INDIA),2012,FOOD POISIONING/ACCIDENTAL INTAKE OF INSECTICIDES ETC.,11096,1791,1384,3175,5240,3260,8500
TOTAL(ALL INDIA),2012,SPURIOUS/POISIONOUS LIQUOR,725,28,1,29,552,179,731
TOTAL(ALL INDIA),2012,LEAKAGE OF POISINOUS GASES ETC.,147,16,10,26,130,39,169
TOTAL(ALL INDIA),2012,SNAKE BITE/ANIMAL BITE,13487,2730,2224,4954,5295,3596,8891
TOTAL(ALL INDIA),2012,OTHER,12700,900,563,1463,8423,4034,12457
TOTAL(ALL INDIA),2012,STAMPEDE,62,24,25,49,54,16,70
TOTAL(ALL INDIA),2012,SUFFOCATION,2063,14,13,27,1496,579,2075
TOTAL(ALL INDIA),2012,TRAFFIC ACCIDENTS(ROAD ACCIDENTS),440042,379463,90450,469913,118533,20558,139091
TOTAL(ALL INDIA),2012,TRAFFIC ACCIDENTS(RAIL-ROAD ACCIDENTS),1762,92,30,122,1487,321,1808
TOTAL(ALL INDIA),2012,OTHER RAILWAY ACCIDENTS,31612,4146,723,4869,23534,3868,27402
TOTAL(ALL INDIA),2012,OTHER,47210,5459,2047,7506,31543,10068,41611
TOTAL(ALL INDIA),2012,CAUSES NOT KNOWN,22728,963,537,1500,16072,5635,21707
TOTAL(ALL INDIA),2012,TOTAL,699804,404376,102953,507329,288874,83148,372022
TOTAL(ALL INDIA),2012,TOTAL COLLAPSE,2764,598,252,850,1912,770,2682
TOTAL(ALL INDIA),2012,TOTAL DROWNING,27041,557,248,805,21011,6547,27558
TOTAL(ALL INDIA),2012,TOTAL EXPLOSION,555,252,65,317,272,131,403
TOTAL(ALL INDIA),2012,TOTAL FALLS,13532,1200,349,1549,10489,1830,12319
TOTAL(ALL INDIA),2012,TOTAL FIRE,24987,1280,1777,3057,7833,15448,23281
TOTAL(ALL INDIA),2012,TOTAL SUDDEN DEATHS,34031,3309,1946,5255,24612,4349,28961
TOTAL(ALL INDIA),2012,TOTAL POISONING,38155,5465,4182,9647,19640,11108,30748
TOTAL(ALL INDIA),2012,TOTAL TRAFFIC ACCIDENTS,473416,383701,91203,474904,143554,24747,168301
TOTAL(ALL INDIA),2013,AIR-CRASH,11,4,5,9,37,8,45
TOTAL(ALL INDIA),2013,COLLAPSE OF STRUCTURE(HOUSE),949,180,79,259,634,313,947
TOTAL(ALL INDIA),2013,COLLAPSE OF STRUCTURE(BUILDING),424,88,37,125,299,133,432
TOTAL(ALL INDIA),2013,COLLAPSE OF STRUCTURE(DAM),33,0,0,0,26,7,33
TOTAL(ALL INDIA),2013,COLLAPSE OF STRUCTURE(BRIDGE),45,25,0,25,46,7,53
TOTAL(ALL INDIA),2013,COLLAPSE OF STRUCTURE(OTHERS),1623,303,143,446,1038,329,1367
TOTAL(ALL INDIA),2013,DROWNING(BOAT CAPSIZE),523,80,44,124,450,135,585
TOTAL(ALL INDIA),2013,DROWNING(OTHER),28962,457,149,606,22661,6795,29456
TOTAL(ALL INDIA),2013,ELECTROCUTION,10371,394,75,469,8705,1513,10218
TOTAL(ALL INDIA),2013,EXPLOSION(BOMB EXPLOSION),176,258,35,293,79,11,90
TOTAL(ALL INDIA),2013,EXPLOSION(OTHER EXPLOSION LIKE BOILERS, GAS CYLINDER ETC.),374,69,27,96,225,134,359
TOTAL(ALL INDIA),2013,FALLS(FALL FROM HEIGHT),11360,592,161,753,9265,1557,10822
TOTAL(ALL INDIA),2013,FALL INTO PIT/MANHOLE,2134,151,40,191,1627,354,1981
TOTAL(ALL INDIA),2013,FACTORY/MACHINE ACCIDENTS,1517,562,56,618,848,107,955
TOTAL(ALL INDIA),2013,FIRE(FIREWORKS/CRACKERS),456,59,35,94,261,201,462
TOTAL(ALL INDIA),2013,FIRE(SHORT-CIRCUIT),1661,82,23,105,1382,308,1690
TOTAL(ALL INDIA),2013,GAS CYLINDER/STOVE BURST,3400,59,135,194,813,2582,3395
TOTAL(ALL INDIA),2013,OTHER FIRE ACCIDENTS,18076,709,1289,1998,5142,11488,16630
TOTAL(ALL INDIA),2013,FIRE-ARMS,1413,432,56,488,1018,185,1203
TOTAL(ALL INDIA),2013,SUDDEN DEATHS(HEART ATTACKS),24266,2665,1774,4439,17335,2595,19930
TOTAL(ALL INDIA),2013,EPILEPTIC FITS/GIDDINESS,5069,238,104,342,3750,1002,4752
TOTAL(ALL INDIA),2013,ABORTIONS/CHILD BIRTH,1151,0,71,71,0,1078,1078
TOTAL(ALL INDIA),2013,INFLUENCE OF ALCOHOL,5869,390,5,395,5389,129,5518
TOTAL(ALL INDIA),2013,KILLED BY ANIMALS,1168,143,71,214,726,272,998
TOTAL(ALL INDIA),2013,MINES OR QUARY DISASTER,372,29,17,46,304,83,387
TOTAL(ALL INDIA),2013,FOOD POISIONING/ACCIDENTAL INTAKE OF INSECTICIDES ETC.,9209,1065,877,1942,4811,2739,7550
TOTAL(ALL INDIA),2013,SPURIOUS/POISIONOUS LIQUOR,520,42,7,49,373,124,497
TOTAL(ALL INDIA),2013,LEAKAGE OF POISINOUS GASES ETC.,130,3,0,3,101,38,139
TOTAL(ALL INDIA),2013,SNAKE BITE/ANIMAL BITE,13240,2644,2125,4769,5275,3471,8746
TOTAL(ALL INDIA),2013,OTHER,12137,576,280,856,8507,3810,12317
TOTAL(ALL INDIA),2013,STAMPEDE,557,124,62,186,269,131,400
TOTAL(ALL INDIA),2013,SUFFOCATION,2126,3,3,6,1526,661,2187
TOTAL(ALL INDIA),2013,TRAFFIC ACCIDENTS(ROAD ACCIDENTS),443001,381228,88654,469882,117055,20368,137423
TOTAL(ALL INDIA),2013,TRAFFIC ACCIDENTS(RAIL-ROAD ACCIDENTS),1388,186,30,216,1103,215,1318
TOTAL(ALL INDIA),2013,OTHER RAILWAY ACCIDENTS,31236,3934,631,4565,23639,4126,27765
TOTAL(ALL INDIA),2013,OTHER,53326,6141,2412,8553,34824,11093,45917
TOTAL(ALL INDIA),2013,CAUSES NOT KNOWN,20205,1429,512,1941,15507,4606,20113
TOTAL(ALL INDIA),2013,TOTAL,708478,405344,100024,505368,295050,82708,377758
TOTAL(ALL INDIA),2013,TOTAL COLLAPSE,3074,596,259,855,2043,789,2832
TOTAL(ALL INDIA),2013,TOTAL DROWNING,29485,537,193,730,23111,6930,30041
TOTAL(ALL INDIA),2013,TOTAL EXPLOSION,550,327,62,389,304,145,449
TOTAL(ALL INDIA),2013,TOTAL FALLS,13494,743,201,944,10892,1911,12803
TOTAL(ALL INDIA),2013,TOTAL FIRE,23593,909,1482,2391,7598,14579,22177
TOTAL(ALL INDIA),2013,TOTAL SUDDEN DEATHS,36355,3293,1954,5247,26474,4804,31278
TOTAL(ALL INDIA),2013,TOTAL POISONING,35236,4330,3289,7619,19067,10182,29249
TOTAL(ALL INDIA),2013,TOTAL TRAFFIC ACCIDENTS,475625,385348,89315,474663,141797,24709,166506
TOTAL(STATES),2013,AIR-CRASH,11,4,5,9,37,8,45
TOTAL(STATES),2013,COLLAPSE OF STRUCTURE(HOUSE),924,145,73,218,617,309,926
TOTAL(STATES),2013,COLLAPSE OF STRUCTURE(BUILDING),421,87,37,124,296,133,429
TOTAL(STATES),2013,COLLAPSE OF STRUCTURE(DAM),33,0,0,0,26,7,33
TOTAL(STATES),2013,COLLAPSE OF STRUCTURE(BRIDGE),45,25,0,25,46,7,53
TOTAL(STATES),2013,COLLAPSE OF STRUCTURE(OTHERS),1558,254,124,378,1018,325,1343
TOTAL(STATES),2013,DROWNING(BOAT CAPSIZE),476,80,44,124,406,132,538
TOTAL(STATES),2013,DROWNING(OTHER),28665,455,149,604,22380,6760,29140
TOTAL(STATES),2013,ELECTROCUTION,10203,373,74,447,8564,1495,10059
TOTAL(STATES),2013,EXPLOSION(BOMB EXPLOSION),176,258,35,293,79,11,90
TOTAL(STATES),2013,EXPLOSION(OTHER EXPLOSION LIKE BOILERS, GAS CYLINDER ETC.),353,57,24,81,210,129,339
TOTAL(STATES),2013,FALLS(FALL FROM HEIGHT),10850,531,151,682,8876,1477,10353
TOTAL(STATES),2013,FALL INTO PIT/MANHOLE,2112,149,40,189,1611,349,1960
TOTAL(STATES),2013,FACTORY/MACHINE ACCIDENTS,1281,355,50,405,813,107,920
TOTAL(STATES),2013,FIRE(FIREWORKS/CRACKERS),443,57,35,92,255,196,451
TOTAL(STATES),2013,FIRE(SHORT-CIRCUIT),1613,70,19,89,1338,303,1641
TOTAL(STATES),2013,GAS CYLINDER/STOVE BURST,3325,44,129,173,797,2529,3326
TOTAL(STATES),2013,OTHER FIRE ACCIDENTS,17949,671,1286,1957,5067,11421,16488
TOTAL(STATES),2013,FIRE-ARMS,1370,407,53,460,999,183,1182
TOTAL(STATES),2013,SUDDEN DEATHS(HEART ATTACKS),23885,2664,1774,4438,17000,2549,19549
TOTAL(STATES),2013,EPILEPTIC FITS/GIDDINESS,4796,237,104,341,3519,960,4479
TOTAL(STATES),2013,ABORTIONS/CHILD BIRTH,1131,0,71,71,0,1059,1059
TOTAL(STATES),2013,INFLUENCE OF ALCOHOL,5556,390,5,395,5083,123,5206
TOTAL(STATES),2013,KILLED BY ANIMALS,1161,140,71,211,722,272,994
TOTAL(STATES),2013,MINES OR QUARY DISASTER,372,29,17,46,304,83,387
TOTAL(STATES),2013,FOOD POISIONING/ACCIDENTAL INTAKE OF INSECTICIDES ETC.,9137,1065,877,1942,4767,2709,7476
TOTAL(STATES),2013,SPURIOUS/POISIONOUS LIQUOR,509,41,7,48,366,121,487
TOTAL(STATES),2013,LEAKAGE OF POISINOUS GASES ETC.,127,0,0,0,97,38,135
TOTAL(STATES),2013,SNAKE BITE/ANIMAL BITE,13211,2639,2123,4762,5259,3464,8723
TOTAL(STATES),2013,OTHER,12060,561,280,841,8464,3790,12254
TOTAL(STATES),2013,STAMPEDE,557,124,62,186,269,131,400
TOTAL(STATES),2013,SUFFOCATION,2110,2,3,5,1512,657,2169
TOTAL(STATES),2013,TRAFFIC ACCIDENTS(ROAD ACCIDENTS),433251,373845,87188,461033,115000,20122,135122
TOTAL(STATES),2013,TRAFFIC ACCIDENTS(RAIL-ROAD ACCIDENTS),1388,186,30,216,1103,215,1318
TOTAL(STATES),2013,OTHER RAILWAY ACCIDENTS,29940,3609,597,4206,22806,4022,26828
TOTAL(STATES),2013,OTHER,51541,5922,2386,8308,33571,10760,44331
TOTAL(STATES),2013,CAUSES NOT KNOWN,19555,1421,511,1932,14965,4490,19455
TOTAL(STATES),2013,TOTAL,692095,396897,98434,495331,288242,81446,369688
TOTAL(STATES),2013,TOTAL COLLAPSE,2981,511,234,745,2003,781,2784
TOTAL(STATES),2013,TOTAL DROWNING,29141,535,193,728,22786,6892,29678
TOTAL(STATES),2013,TOTAL EXPLOSION,529,315,59,374,289,140,429
TOTAL(STATES),2013,TOTAL FALLS,12962,680,191,871,10487,1826,12313
TOTAL(STATES),2013,TOTAL FIRE,23330,842,1469,2311,7457,14449,21906
TOTAL(STATES),2013,TOTAL SUDDEN DEATHS,35368,3291,1954,5245,25602,4691,30293
TOTAL(STATES),2013,TOTAL POISONING,35044,4306,3287,7593,18953,10122,29075
TOTAL(STATES),2013,TOTAL TRAFFIC ACCIDENTS,464579,377640,87815,465455,138909,24359,163268
TOTAL(UTS),2013,AIR-CRASH,0,0,0,0,0,0,0
TOTAL(UTS),2013,COLLAPSE OF STRUCTURE(HOUSE),25,35,6,41,17,4,21
TOTAL(UTS),2013,COLLAPSE OF STRUCTURE(BUILDING),3,1,0,1,3,0,3
TOTAL(UTS),2013,COLLAPSE OF STRUCTURE(DAM),0,0,0,0,0,0,0
TOTAL(UTS),2013,COLLAPSE OF STRUCTURE(BRIDGE),0,0,0,0,0,0,0
TOTAL(UTS),2013,COLLAPSE OF STRUCTURE(OTHERS),65,49,19,68,20,4,24
TOTAL(UTS),2013,DROWNING(BOAT CAPSIZE),47,0,0,0,44,3,47
TOTAL(UTS),2013,DROWNING(OTHER),297,2,0,2,281,35,316
TOTAL(UTS),2013,ELECTROCUTION,168,21,1,22,141,18,159
TOTAL(UTS),2013,EXPLOSION(BOMB EXPLOSION),0,0,0,0,0,0,0
TOTAL(UTS),2013,EXPLOSION(OTHER EXPLOSION LIKE BOILERS, GAS CYLINDER ETC.),21,12,3,15,15,5,20
TOTAL(UTS),2013,FALLS(FALL FROM HEIGHT),510,61,10,71,389,80,469
TOTAL(UTS),2013,FALL INTO PIT/MANHOLE,22,2,0,2,16,5,21
TOTAL(UTS),2013,FACTORY/MACHINE ACCIDENTS,236,207,6,213,35,0,35
TOTAL(UTS),2013,FIRE(FIREWORKS/CRACKERS),13,2,0,2,6,5,11
TOTAL(UTS),2013,FIRE(SHORT-CIRCUIT),48,12,4,16,44,5,49
TOTAL(UTS),2013,GAS CYLINDER/STOVE BURST,75,15,6,21,16,53,69
TOTAL(UTS),2013,OTHER FIRE ACCIDENTS,127,38,3,41,75,67,142
TOTAL(UTS),2013,FIRE-ARMS,43,25,3,28,19,2,21
TOTAL(UTS),2013,SUDDEN DEATHS(HEART ATTACKS),381,1,0,1,335,46,381
TOTAL(UTS),2013,EPILEPTIC FITS/GIDDINESS,273,1,0,1,231,42,273
TOTAL(UTS),2013,ABORTIONS/CHILD BIRTH,20,0,0,0,0,19,19
TOTAL(UTS),2013,INFLUENCE OF ALCOHOL,313,0,0,0,306,6,312
TOTAL(UTS),2013,KILLED BY ANIMALS,7,3,0,3,4,0,4
TOTAL(UTS),2013,MINES OR QUARY DISASTER,0,0,0,0,0,0,0
TOTAL(UTS),2013,FOOD POISIONING/ACCIDENTAL INTAKE OF INSECTICIDES ETC.,72,0,0,0,44,30,74
TOTAL(UTS),2013,SPURIOUS/POISIONOUS LIQUOR,11,1,0,1,7,3,10
TOTAL(UTS),2013,LEAKAGE OF POISINOUS GASES ETC.,3,3,0,3,4,0,4
TOTAL(UTS),2013,SNAKE BITE/ANIMAL BITE,29,5,2,7,16,7,23
TOTAL(UTS),2013,OTHER,77,15,0,15,43,20,63
TOTAL(UTS),2013,STAMPEDE,0,0,0,0,0,0,0
TOTAL(UTS),2013,SUFFOCATION,16,1,0,1,14,4,18
TOTAL(UTS),2013,TRAFFIC ACCIDENTS(ROAD ACCIDENTS),9750,7383,1466,8849,2055,246,2301
TOTAL(UTS),2013,TRAFFIC ACCIDENTS(RAIL-ROAD ACCIDENTS),0,0,0,0,0,0,0
TOTAL(UTS),2013,OTHER RAILWAY ACCIDENTS,1296,325,34,359,833,104,937
TOTAL(UTS),2013,OTHER,1785,219,26,245,1253,333,1586
TOTAL(UTS),2013,CAUSES NOT KNOWN,650,8,1,9,542,116,658
TOTAL(UTS),2013,TOTAL,16383,8447,1590,10037,6808,1262,8070
TOTAL(UTS),2013,TOTAL COLLAPSE,93,85,25,110,40,8,48
TOTAL(UTS),2013,TOTAL DROWNING,344,2,0,2,325,38,363
TOTAL(UTS),2013,TOTAL EXPLOSION,21,12,3,15,15,5,20
TOTAL(UTS),2013,TOTAL FALLS,532,63,10,73,405,85,490
TOTAL(UTS),2013,TOTAL FIRE,263,67,13,80,141,130,271
TOTAL(UTS),2013,TOTAL SUDDEN DEATHS,987,2,0,2,872,113,985
TOTAL(UTS),2013,TOTAL POISONING,192,24,2,26,114,60,174
TOTAL(UTS),2013,TOTAL TRAFFIC ACCIDENTS,11046,7708,1500,9208,2888,350,3238
ANDHRA PRADESH,2013,AIR-CRASH,1,0,0,0,2,0,2
ANDHRA PRADESH,2013,COLLAPSE OF STRUCTURE(HOUSE),77,0,0,0,58,21,79
ANDHRA PRADESH,2013,COLLAPSE OF STRUCTURE(BUILDING),62,19,2,21,59,19,78
ANDHRA PRADESH,2013,COLLAPSE OF STRUCTURE(DAM),2,0,0,0,1,1,2
ANDHRA PRADESH,2013,COLLAPSE OF STRUCTURE(BRIDGE),5,0,0,0,4,1,5
ANDHRA PRADESH,2013,COLLAPSE OF STRUCTURE(OTHERS),157,1,0,1,128,42,170
ANDHRA PRADESH,2013,DROWNING(BOAT CAPSIZE),8,0,0,0,7,2,9
ANDHRA PRADESH,2013,DROWNING(OTHER),2609,18,2,20,2214,568,2782
ANDHRA PRADESH,2013,ELECTROCUTION,993,13,2,15,855,153,1008
ANDHRA PRADESH,2013,EXPLOSION(BOMB EXPLOSION),1,43,19,62,5,0,5
ANDHRA PRADESH,2013,EXPLOSION(OTHER EXPLOSION LIKE BOIL,39,1,0,1,25,18,43
ANDHRA PRADESH,2013,FALLS(FALL FROM HEIGHT),1320,35,6,41,1118,200,1318
ANDHRA PRADESH,2013,FALL INTO PIT/MANHOLE,145,8,2,10,110,28,138
ANDHRA PRADESH,2013,FACTORY/MACHINE ACCIDENTS,54,2,0,2,45,11,56
ANDHRA PRADESH,2013,FIRE(FIREWORKS/CRACKERS),32,2,4,6,16,11,27
ANDHRA PRADESH,2013,FIRE(SHORT-CIRCUIT),364,6,0,6,334,60,394
ANDHRA PRADESH,2013,GAS CYLINDER/STOVE BURST,401,5,4,9,93,318,411
ANDHRA PRADESH,2013,OTHER FIRE ACCIDENTS,933,11,6,17,313,625,938
ANDHRA PRADESH,2013,FIRE-ARMS,15,0,0,0,4,11,15
ANDHRA PRADESH,2013,SUDDEN DEATHS(HEART ATTACKS),334,0,0,0,305,30,335
ANDHRA PRADESH,2013,EPILEPTIC FITS/GIDDINESS,245,0,0,0,203,45,248
ANDHRA PRADESH,2013,ABORTIONS/CHILD BIRTH,14,0,0,0,0,14,14
ANDHRA PRADESH,2013,INFLUENCE OF ALCOHOL,264,0,0,0,260,5,265
ANDHRA PRADESH,2013,KILLED BY ANIMALS,38,0,0,0,28,10,38
ANDHRA PRADESH,2013,MINES OR QUARY DISASTER,15,3,1,4,12,1,13
ANDHRA PRADESH,2013,FOOD POISIONING/ACCIDENTAL INTAKE OF INSECTICIDES ETC.,186,0,0,0,146,47,193
ANDHRA PRADESH,2013,SPURIOUS/POISIONOUS LIQUOR,82,0,0,0,64,20,84
ANDHRA PRADESH,2013,LEAKAGE OF POISINOUS GASES ETC.,7,0,0,0,3,4,7
ANDHRA PRADESH,2013,SNAKE BITE/ANIMAL BITE,674,0,0,0,446,228,674
ANDHRA PRADESH,2013,OTHER,1465,4,1,5,1100,367,1467
ANDHRA PRADESH,2013,STAMPEDE,141,0,0,0,106,35,141
ANDHRA PRADESH,2013,SUFFOCATION,51,0,0,0,32,19,51
ANDHRA PRADESH,2013,TRAFFIC ACCIDENTS(ROAD ACCIDENTS),43048,43257,9265,52522,12343,2304,14647
ANDHRA PRADESH,2013,TRAFFIC ACCIDENTS(RAIL-ROAD ACCIDENTS),2,0,0,0,2,0,2
ANDHRA PRADESH,2013,OTHER RAILWAY ACCIDENTS,2742,572,84,656,2405,354,2759
ANDHRA PRADESH,2013,OTHER,1264,1,3,4,1035,242,1277
ANDHRA PRADESH,2013,CAUSES NOT KNOWN,400,4,0,4,339,59,398
ANDHRA PRADESH,2013,TOTAL,58190,44005,9401,53406,24220,5873,30093
ANDHRA PRADESH,2013,TOTAL COLLAPSE,303,20,2,22,250,84,334
ANDHRA PRADESH,2013,TOTAL DROWNING,2617,18,2,20,2221,570,2791
ANDHRA PRADESH,2013,TOTAL EXPLOSION,40,44,19,63,30,18,48
ANDHRA PRADESH,2013,TOTAL FALLS,1465,43,8,51,1228,228,1456
ANDHRA PRADESH,2013,TOTAL FIRE,1730,24,14,38,756,1014,1770
ANDHRA PRADESH,2013,TOTAL SUDDEN DEATHS,857,0,0,0,768,94,862
ANDHRA PRADESH,2013,TOTAL POISONING,2414,4,1,5,1759,666,2425
ANDHRA PRADESH,2013,TOTAL TRAFFIC ACCIDENTS,45792,43829,9349,53178,14750,2658,17408
ARUNACHAL PRADESH,2013,AIR-CRASH,0,0,0,0,0,0,0
ARUNACHAL PRADESH,2013,COLLAPSE OF STRUCTURE(HOUSE),0,0,0,0,0,0,0
ARUNACHAL PRADESH,2013,COLLAPSE OF STRUCTURE(BUILDING),0,0,0,0,0,0,0
ARUNACHAL PRADESH,2013,COLLAPSE OF STRUCTURE(DAM),0,0,0,0,0,0,0
ARUNACHAL PRADESH,2013,COLLAPSE OF STRUCTURE(BRIDGE),3,0,0,0,4,1,5
ARUNACHAL PRADESH,2013,COLLAPSE OF STRUCTURE(OTHERS),5,0,0,0,5,0,5
ARUNACHAL PRADESH,2013,DROWNING(BOAT CAPSIZE),0,0,0,0,0,0,0
ARUNACHAL PRADESH,2013,DROWNING(OTHER),46,0,0,0,38,8,46
ARUNACHAL PRADESH,2013,ELECTROCUTION,3,0,0,0,3,0,3
ARUNACHAL PRADESH,2013,EXPLOSION(BOMB EXPLOSION),0,0,0,0,0,0,0
ARUNACHAL PRADESH,2013,EXPLOSION(OTHER EXPLOSION LIKE BOIL,1,0,0,0,1,0,1
ARUNACHAL PRADESH,2013,FALLS(FALL FROM HEIGHT),24,0,0,0,23,1,24
ARUNACHAL PRADESH,2013,FALL INTO PIT/MANHOLE,0,0,0,0,0,0,0
ARUNACHAL PRADESH,2013,FACTORY/MACHINE ACCIDENTS,0,0,0,0,0,0,0
ARUNACHAL PRADESH,2013,FIRE(FIREWORKS/CRACKERS),0,0,0,0,0,0,0
ARUNACHAL PRADESH,2013,FIRE(SHORT-CIRCUIT),1,0,0,0,1,0,1
ARUNACHAL PRADESH,2013,GAS CYLINDER/STOVE BURST,0,0,0,0,0,0,0
ARUNACHAL PRADESH,2013,OTHER FIRE ACCIDENTS,6,0,0,0,3,7,10
ARUNACHAL PRADESH,2013,FIRE-ARMS,3,0,0,0,3,0,3
ARUNACHAL PRADESH,2013,SUDDEN DEATHS(HEART ATTACKS),16,0,0,0,14,2,16
ARUNACHAL PRADESH,2013,EPILEPTIC FITS/GIDDINESS,0,0,0,0,0,0,0
ARUNACHAL PRADESH,2013,ABORTIONS/CHILD BIRTH,0,0,0,0,0,0,0
ARUNACHAL PRADESH,2013,INFLUENCE OF ALCOHOL,1,0,0,0,1,0,1
ARUNACHAL PRADESH,2013,KILLED BY ANIMALS,7,0,0,0,10,4,14
ARUNACHAL PRADESH,2013,MINES OR QUARY DISASTER,0,0,0,0,0,0,0
ARUNACHAL PRADESH,2013,FOOD POISIONING/ACCIDENTAL INTAKE OF INSECTICIDES ETC.,1,0,0,0,0,1,1
ARUNACHAL PRADESH,2013,SPURIOUS/POISIONOUS LIQUOR,0,0,0,0,0,0,0
ARUNACHAL PRADESH,2013,LEAKAGE OF POISINOUS GASES ETC.,0,0,0,0,0,0,0
ARUNACHAL PRADESH,2013,SNAKE BITE/ANIMAL BITE,0,0,0,0,0,0,0
ARUNACHAL PRADESH,2013,OTHER,24,0,0,0,20,4,24
ARUNACHAL PRADESH,2013,STAMPEDE,0,0,0,0,0,0,0
ARUNACHAL PRADESH,2013,SUFFOCATION,0,0,0,0,0,0,0
ARUNACHAL PRADESH,2013,TRAFFIC ACCIDENTS(ROAD ACCIDENTS),308,227,63,290,130,25,155
ARUNACHAL PRADESH,2013,TRAFFIC ACCIDENTS(RAIL-ROAD ACCIDENTS),0,0,0,0,0,0,0
ARUNACHAL PRADESH,2013,OTHER RAILWAY ACCIDENTS,0,0,0,0,0,0,0
ARUNACHAL PRADESH,2013,OTHER,2,0,0,0,2,0,2
ARUNACHAL PRADESH,2013,CAUSES NOT KNOWN,23,0,0,0,19,2,21
ARUNACHAL PRADESH,2013,TOTAL,474,227,63,290,277,55,332
ARUNACHAL PRADESH,2013,TOTAL COLLAPSE,8,0,0,0,9,1,10
ARUNACHAL PRADESH,2013,TOTAL DROWNING,46,0,0,0,38,8,46
ARUNACHAL PRADESH,2013,TOTAL EXPLOSION,1,0,0,0,1,0,1
ARUNACHAL PRADESH,2013,TOTAL FALLS,24,0,0,0,23,1,24
ARUNACHAL PRADESH,2013,TOTAL FIRE,7,0,0,0,4,7,11
ARUNACHAL PRADESH,2013,TOTAL SUDDEN DEATHS,17,0,0,0,15,2,17
ARUNACHAL PRADESH,2013,TOTAL POISONING,25,0,0,0,20,5,25
ARUNACHAL PRADESH,2013,TOTAL TRAFFIC ACCIDENTS,308,227,63,290,130,25,155
ASSAM,2013,AIR-CRASH,0,0,0,0,0,0,0
ASSAM,2013,COLLAPSE OF STRUCTURE(HOUSE),0,0,0,0,0,0,0
ASSAM,2013,COLLAPSE OF STRUCTURE(BUILDING),7,0,0,0,7,0,7
ASSAM,2013,COLLAPSE OF STRUCTURE(DAM),0,0,0,0,0,0,0
ASSAM,2013,COLLAPSE OF STRUCTURE(BRIDGE),9,0,0,0,9,3,12
ASSAM,2013,COLLAPSE OF STRUCTURE(OTHERS),5,0,0,0,3,2,5
ASSAM,2013,DROWNING(BOAT CAPSIZE),21,0,0,0,14,10,24
ASSAM,2013,DROWNING(OTHER),428,0,0,0,347,96,443
ASSAM,2013,ELECTROCUTION,56,0,0,0,48,10,58
ASSAM,2013,EXPLOSION(BOMB EXPLOSION),3,0,0,0,3,2,5
ASSAM,2013,EXPLOSION(OTHER EXPLOSION LIKE BOIL,0,0,0,0,0,0,0
ASSAM,2013,FALLS(FALL FROM HEIGHT),24,0,0,0,23,1,24
ASSAM,2013,FALL INTO PIT/MANHOLE,3,0,0,0,3,0,3
ASSAM,2013,FACTORY/MACHINE ACCIDENTS,5,0,0,0,5,0,5
ASSAM,2013,FIRE(FIREWORKS/CRACKERS),0,0,0,0,0,0,0
ASSAM,2013,FIRE(SHORT-CIRCUIT),17,0,0,0,12,5,17
ASSAM,2013,GAS CYLINDER/STOVE BURST,14,0,0,0,2,12,14
ASSAM,2013,OTHER FIRE ACCIDENTS,105,0,0,0,25,88,113
ASSAM,2013,FIRE-ARMS,14,0,0,0,12,2,14
ASSAM,2013,SUDDEN DEATHS(HEART ATTACKS),54,0,0,0,50,4,54
ASSAM,2013,EPILEPTIC FITS/GIDDINESS,0,0,0,0,0,0,0
ASSAM,2013,ABORTIONS/CHILD BIRTH,0,0,0,0,0,0,0
ASSAM,2013,INFLUENCE OF ALCOHOL,5,1,0,1,5,0,5
ASSAM,2013,KILLED BY ANIMALS,90,0,0,0,71,19,90
ASSAM,2013,MINES OR QUARY DISASTER,0,0,0,0,0,0,0
ASSAM,2013,FOOD POISIONING/ACCIDENTAL INTAKE OF INSECTICIDES ETC.,0,0,0,0,0,0,0
ASSAM,2013,SPURIOUS/POISIONOUS LIQUOR,0,0,0,0,0,0,0
ASSAM,2013,LEAKAGE OF POISINOUS GASES ETC.,0,0,0,0,0,0,0
ASSAM,2013,SNAKE BITE/ANIMAL BITE,4,0,0,0,4,0,4
ASSAM,2013,OTHER,196,0,0,0,111,85,196
ASSAM,2013,STAMPEDE,0,0,0,0,0,0,0
ASSAM,2013,SUFFOCATION,0,0,0,0,0,0,0
ASSAM,2013,TRAFFIC ACCIDENTS(ROAD ACCIDENTS),7211,5660,949,6609,2124,317,2441
ASSAM,2013,TRAFFIC ACCIDENTS(RAIL-ROAD ACCIDENTS),14,0,0,0,13,2,15
ASSAM,2013,OTHER RAILWAY ACCIDENTS,450,0,0,0,372,78,450
ASSAM,2013,OTHER,102,0,0,0,73,29,102
ASSAM,2013,CAUSES NOT KNOWN,743,0,0,0,590,153,743
ASSAM,2013,TOTAL,9580,5661,949,6610,3926,918,4844
ASSAM,2013,TOTAL COLLAPSE,21,0,0,0,19,5,24
ASSAM,2013,TOTAL DROWNING,449,0,0,0,361,106,467
ASSAM,2013,TOTAL EXPLOSION,3,0,0,0,3,2,5
ASSAM,2013,TOTAL FALLS,27,0,0,0,26,1,27
ASSAM,2013,TOTAL FIRE,136,0,0,0,39,105,144
ASSAM,2013,TOTAL SUDDEN DEATHS,59,1,0,1,55,4,59
ASSAM,2013,TOTAL POISONING,200,0,0,0,115,85,200
ASSAM,2013,TOTAL TRAFFIC ACCIDENTS,7675,5660,949,6609,2509,397,2906
BIHAR,2013,AIR-CRASH,0,0,0,0,0,0,0
BIHAR,2013,COLLAPSE OF STRUCTURE(HOUSE),76,30,14,44,31,15,46
BIHAR,2013,COLLAPSE OF STRUCTURE(BUILDING),7,0,1,1,6,4,10
BIHAR,2013,COLLAPSE OF STRUCTURE(DAM),3,0,0,0,2,1,3
BIHAR,2013,COLLAPSE OF STRUCTURE(BRIDGE),3,0,0,0,3,0,3
BIHAR,2013,COLLAPSE OF STRUCTURE(OTHERS),112,28,16,44,48,23,71
BIHAR,2013,DROWNING(BOAT CAPSIZE),100,36,24,60,54,33,87
BIHAR,2013,DROWNING(OTHER),617,42,21,63,466,133,599
BIHAR,2013,ELECTROCUTION,224,11,3,14,187,37,224
BIHAR,2013,EXPLOSION(BOMB EXPLOSION),12,2,0,2,8,2,10
BIHAR,2013,EXPLOSION(OTHER EXPLOSION LIKE BOIL,30,3,12,15,5,11,16
BIHAR,2013,FALLS(FALL FROM HEIGHT),104,13,8,21,71,19,90
BIHAR,2013,FALL INTO PIT/MANHOLE,21,1,0,1,21,1,22
BIHAR,2013,FACTORY/MACHINE ACCIDENTS,17,2,1,3,11,3,14
BIHAR,2013,FIRE(FIREWORKS/CRACKERS),15,3,2,5,3,4,7
BIHAR,2013,FIRE(SHORT-CIRCUIT),17,3,0,3,10,6,16
BIHAR,2013,GAS CYLINDER/STOVE BURST,77,2,11,13,15,66,81
BIHAR,2013,OTHER FIRE ACCIDENTS,312,23,18,41,101,205,306
BIHAR,2013,FIRE-ARMS,64,27,4,31,43,4,47
BIHAR,2013,SUDDEN DEATHS(HEART ATTACKS),121,6,5,11,98,12,110
BIHAR,2013,EPILEPTIC FITS/GIDDINESS,62,8,4,12,42,8,50
BIHAR,2013,ABORTIONS/CHILD BIRTH,39,0,0,0,0,39,39
BIHAR,2013,INFLUENCE OF ALCOHOL,164,11,4,15,148,8,156
BIHAR,2013,KILLED BY ANIMALS,46,0,0,0,45,1,46
BIHAR,2013,MINES OR QUARY DISASTER,0,0,0,0,0,0,0
BIHAR,2013,FOOD POISIONING/ACCIDENTAL INTAKE OF INSECTICIDES ETC.,345,18,7,25,197,154,351
BIHAR,2013,SPURIOUS/POISIONOUS LIQUOR,50,20,0,20,33,6,39
BIHAR,2013,LEAKAGE OF POISINOUS GASES ETC.,1,0,0,0,1,0,1
BIHAR,2013,SNAKE BITE/ANIMAL BITE,31,1,0,1,19,11,30
BIHAR,2013,OTHER,244,24,12,36,134,74,208
BIHAR,2013,STAMPEDE,1,0,0,0,1,0,1
BIHAR,2013,SUFFOCATION,62,0,0,0,40,26,66
BIHAR,2013,TRAFFIC ACCIDENTS(ROAD ACCIDENTS),10198,5251,1691,6942,4113,876,4989
BIHAR,2013,TRAFFIC ACCIDENTS(RAIL-ROAD ACCIDENTS),17,9,2,11,12,2,14
BIHAR,2013,OTHER RAILWAY ACCIDENTS,1788,0,0,0,1472,325,1797
BIHAR,2013,OTHER,338,51,19,70,262,86,348
BIHAR,2013,CAUSES NOT KNOWN,266,94,15,109,164,87,251
BIHAR,2013,TOTAL,15584,5719,1894,7613,7866,2282,10148
BIHAR,2013,TOTAL COLLAPSE,201,58,31,89,90,43,133
BIHAR,2013,TOTAL DROWNING,717,78,45,123,520,166,686
BIHAR,2013,TOTAL EXPLOSION,42,5,12,17,13,13,26
BIHAR,2013,TOTAL FALLS,125,14,8,22,92,20,112
BIHAR,2013,TOTAL FIRE,421,31,31,62,129,281,410
BIHAR,2013,TOTAL SUDDEN DEATHS,386,25,13,38,288,67,355
BIHAR,2013,TOTAL POISONING,671,63,19,82,384,245,629
BIHAR,2013,TOTAL TRAFFIC ACCIDENTS,12003,5260,1693,6953,5597,1203,6800
CHHATTISGARH,2013,AIR-CRASH,0,0,0,0,0,0,0
CHHATTISGARH,2013,COLLAPSE OF STRUCTURE(HOUSE),34,1,0,1,22,15,37
CHHATTISGARH,2013,COLLAPSE OF STRUCTURE(BUILDING),1,0,0,0,1,0,1
CHHATTISGARH,2013,COLLAPSE OF STRUCTURE(DAM),19,0,0,0,16,3,19
CHHATTISGARH,2013,COLLAPSE OF STRUCTURE(BRIDGE),2,0,0,0,2,0,2
CHHATTISGARH,2013,COLLAPSE OF STRUCTURE(OTHERS),29,3,0,3,20,9,29
CHHATTISGARH,2013,DROWNING(BOAT CAPSIZE),34,0,0,0,23,12,35
CHHATTISGARH,2013,DROWNING(OTHER),1623,0,0,0,1228,467,1695
CHHATTISGARH,2013,ELECTROCUTION,513,0,0,0,435,78,513
CHHATTISGARH,2013,EXPLOSION(BOMB EXPLOSION),5,0,0,0,5,0,5
CHHATTISGARH,2013,EXPLOSION(OTHER EXPLOSION LIKE BOIL,5,0,0,0,5,0,5
CHHATTISGARH,2013,FALLS(FALL FROM HEIGHT),365,9,0,9,299,66,365
CHHATTISGARH,2013,FALL INTO PIT/MANHOLE,43,0,0,0,29,14,43
CHHATTISGARH,2013,FACTORY/MACHINE ACCIDENTS,40,0,0,0,34,6,40
CHHATTISGARH,2013,FIRE(FIREWORKS/CRACKERS),1,0,0,0,1,0,1
CHHATTISGARH,2013,FIRE(SHORT-CIRCUIT),6,0,0,0,3,3,6
CHHATTISGARH,2013,GAS CYLINDER/STOVE BURST,17,0,0,0,4,13,17
CHHATTISGARH,2013,OTHER FIRE ACCIDENTS,984,0,0,0,294,693,987
CHHATTISGARH,2013,FIRE-ARMS,84,0,0,0,76,8,84
CHHATTISGARH,2013,SUDDEN DEATHS(HEART ATTACKS),234,0,0,0,199,35,234
CHHATTISGARH,2013,EPILEPTIC FITS/GIDDINESS,62,0,0,0,49,13,62
CHHATTISGARH,2013,ABORTIONS/CHILD BIRTH,15,0,0,0,0,15,15
CHHATTISGARH,2013,INFLUENCE OF ALCOHOL,286,0,0,0,259,27,286
CHHATTISGARH,2013,KILLED BY ANIMALS,51,0,0,0,32,19,51
CHHATTISGARH,2013,MINES OR QUARY DISASTER,11,0,0,0,7,4,11
CHHATTISGARH,2013,FOOD POISIONING/ACCIDENTAL INTAKE OF INSECTICIDES ETC.,296,0,0,0,172,124,296
CHHATTISGARH,2013,SPURIOUS/POISIONOUS LIQUOR,2,0,0,0,2,0,2
CHHATTISGARH,2013,LEAKAGE OF POISINOUS GASES ETC.,1,0,0,0,0,1,1
CHHATTISGARH,2013,SNAKE BITE/ANIMAL BITE,780,0,0,0,429,351,780
CHHATTISGARH,2013,OTHER,445,0,0,0,295,150,445
CHHATTISGARH,2013,STAMPEDE,0,0,0,0,0,0,0
CHHATTISGARH,2013,SUFFOCATION,496,0,0,0,376,120,496
CHHATTISGARH,2013,TRAFFIC ACCIDENTS(ROAD ACCIDENTS),13657,10114,2389,12503,2980,497,3477
CHHATTISGARH,2013,TRAFFIC ACCIDENTS(RAIL-ROAD ACCIDENTS),25,0,0,0,21,4,25
CHHATTISGARH,2013,OTHER RAILWAY ACCIDENTS,595,0,0,0,489,106,595
CHHATTISGARH,2013,OTHER,2468,0,0,0,1808,664,2472
CHHATTISGARH,2013,CAUSES NOT KNOWN,2350,216,57,273,1797,541,2338
CHHATTISGARH,2013,TOTAL,25579,10343,2446,12789,11412,4058,15470
CHHATTISGARH,2013,TOTAL COLLAPSE,85,4,0,4,61,27,88
CHHATTISGARH,2013,TOTAL DROWNING,1657,0,0,0,1251,479,1730
CHHATTISGARH,2013,TOTAL EXPLOSION,10,0,0,0,10,0,10
CHHATTISGARH,2013,TOTAL FALLS,408,9,0,9,328,80,408
CHHATTISGARH,2013,TOTAL FIRE,1008,0,0,0,302,709,1011
CHHATTISGARH,2013,TOTAL SUDDEN DEATHS,597,0,0,0,507,90,597
CHHATTISGARH,2013,TOTAL POISONING,1524,0,0,0,898,626,1524
CHHATTISGARH,2013,TOTAL TRAFFIC ACCIDENTS,14277,10114,2389,12503,3490,607,4097
GOA,2013,AIR-CRASH,0,0,0,0,0,0,0
GOA,2013,COLLAPSE OF STRUCTURE(HOUSE),1,0,0,0,1,0,1
GOA,2013,COLLAPSE OF STRUCTURE(BUILDING),0,0,0,0,0,0,0
GOA,2013,COLLAPSE OF STRUCTURE(DAM),0,0,0,0,0,0,0
GOA,2013,COLLAPSE OF STRUCTURE(BRIDGE),0,0,0,0,0,0,0
GOA,2013,COLLAPSE OF STRUCTURE(OTHERS),5,0,0,0,5,1,6
GOA,2013,DROWNING(BOAT CAPSIZE),0,0,0,0,0,0,0
GOA,2013,DROWNING(OTHER),138,0,0,0,135,18,153
GOA,2013,ELECTROCUTION,16,0,0,0,13,3,16
GOA,2013,EXPLOSION(BOMB EXPLOSION),0,0,0,0,0,0,0
GOA,2013,EXPLOSION(OTHER EXPLOSION LIKE BOIL,1,0,0,0,2,0,2
GOA,2013,FALLS(FALL FROM HEIGHT),70,1,0,1,79,5,84
GOA,2013,FALL INTO PIT/MANHOLE,31,0,0,0,27,4,31
GOA,2013,FACTORY/MACHINE ACCIDENTS,1,0,0,0,1,0,1
GOA,2013,FIRE(FIREWORKS/CRACKERS),0,0,0,0,0,0,0
GOA,2013,FIRE(SHORT-CIRCUIT),0,0,0,0,0,0,0
GOA,2013,GAS CYLINDER/STOVE BURST,8,0,0,0,2,5,7
GOA,2013,OTHER FIRE ACCIDENTS,15,0,0,0,5,13,18
GOA,2013,FIRE-ARMS,0,0,0,0,0,0,0
GOA,2013,SUDDEN DEATHS(HEART ATTACKS),12,0,0,0,10,2,12
GOA,2013,EPILEPTIC FITS/GIDDINESS,5,0,0,0,4,1,5
GOA,2013,ABORTIONS/CHILD BIRTH,1,0,0,0,0,1,1
GOA,2013,INFLUENCE OF ALCOHOL,7,0,0,0,7,0,7
GOA,2013,KILLED BY ANIMALS,3,0,0,0,2,1,3
GOA,2013,MINES OR QUARY DISASTER,0,0,0,0,0,0,0
GOA,2013,FOOD POISIONING/ACCIDENTAL INTAKE OF INSECTICIDES ETC.,2,0,0,0,2,0,2
GOA,2013,SPURIOUS/POISIONOUS LIQUOR,0,0,0,0,0,0,0
GOA,2013,LEAKAGE OF POISINOUS GASES ETC.,0,0,0,0,0,0,0
GOA,2013,SNAKE BITE/ANIMAL BITE,3,0,0,0,3,0,3
GOA,2013,OTHER,1,0,0,0,1,0,1
GOA,2013,STAMPEDE,0,0,0,0,0,0,0
GOA,2013,SUFFOCATION,2,0,0,0,1,1,2
GOA,2013,TRAFFIC ACCIDENTS(ROAD ACCIDENTS),4293,1511,384,1895,243,26,269
GOA,2013,TRAFFIC ACCIDENTS(RAIL-ROAD ACCIDENTS),0,0,0,0,0,0,0
GOA,2013,OTHER RAILWAY ACCIDENTS,41,0,0,0,38,3,41
GOA,2013,OTHER,53,2,1,3,38,16,54
GOA,2013,CAUSES NOT KNOWN,27,1,0,1,16,11,27
GOA,2013,TOTAL,4736,1515,385,1900,635,111,746
GOA,2013,TOTAL COLLAPSE,6,0,0,0,6,1,7
GOA,2013,TOTAL DROWNING,138,0,0,0,135,18,153
GOA,2013,TOTAL EXPLOSION,1,0,0,0,2,0,2
GOA,2013,TOTAL FALLS,101,1,0,1,106,9,115
GOA,2013,TOTAL FIRE,23,0,0,0,7,18,25
GOA,2013,TOTAL SUDDEN DEATHS,25,0,0,0,21,4,25
GOA,2013,TOTAL POISONING,6,0,0,0,6,0,6
GOA,2013,TOTAL TRAFFIC ACCIDENTS,4334,1511,384,1895,281,29,310
GUJARAT,2013,AIR-CRASH,0,0,0,0,0,0,0
GUJARAT,2013,COLLAPSE OF STRUCTURE(HOUSE),86,15,4,19,72,31,103
GUJARAT,2013,COLLAPSE OF STRUCTURE(BUILDING),20,2,0,2,19,1,20
GUJARAT,2013,COLLAPSE OF STRUCTURE(DAM),4,0,0,0,3,1,4
GUJARAT,2013,COLLAPSE OF STRUCTURE(BRIDGE),9,1,0,1,7,1,8
GUJARAT,2013,COLLAPSE OF STRUCTURE(OTHERS),85,8,4,12,83,14,97
GUJARAT,2013,DROWNING(BOAT CAPSIZE),13,0,0,0,15,1,16
GUJARAT,2013,DROWNING(OTHER),1951,2,1,3,1681,312,1993
GUJARAT,2013,ELECTROCUTION,615,6,3,9,522,102,624
GUJARAT,2013,EXPLOSION(BOMB EXPLOSION),0,0,0,0,0,0,0
GUJARAT,2013,EXPLOSION(OTHER EXPLOSION LIKE BOIL,29,0,0,0,19,10,29
GUJARAT,2013,FALLS(FALL FROM HEIGHT),1195,16,4,20,1000,182,1182
GUJARAT,2013,FALL INTO PIT/MANHOLE,315,16,6,22,259,48,307
GUJARAT,2013,FACTORY/MACHINE ACCIDENTS,145,0,0,0,141,8,149
GUJARAT,2013,FIRE(FIREWORKS/CRACKERS),66,0,0,0,14,52,66
GUJARAT,2013,FIRE(SHORT-CIRCUIT),337,0,0,0,290,49,339
GUJARAT,2013,GAS CYLINDER/STOVE BURST,570,0,0,0,115,453,568
GUJARAT,2013,OTHER FIRE ACCIDENTS,1269,23,47,70,356,883,1239
GUJARAT,2013,FIRE-ARMS,9,0,0,0,4,5,9
GUJARAT,2013,SUDDEN DEATHS(HEART ATTACKS),2898,2,0,2,2572,324,2896
GUJARAT,2013,EPILEPTIC FITS/GIDDINESS,682,1,0,1,548,136,684
GUJARAT,2013,ABORTIONS/CHILD BIRTH,54,0,0,0,0,54,54
GUJARAT,2013,INFLUENCE OF ALCOHOL,25,1,0,1,23,1,24
GUJARAT,2013,KILLED BY ANIMALS,58,0,0,0,32,26,58
GUJARAT,2013,MINES OR QUARY DISASTER,10,1,0,1,7,3,10
GUJARAT,2013,FOOD POISIONING/ACCIDENTAL INTAKE OF INSECTICIDES ETC.,431,10,4,14,277,146,423
GUJARAT,2013,SPURIOUS/POISIONOUS LIQUOR,29,0,0,0,19,10,29
GUJARAT,2013,LEAKAGE OF POISINOUS GASES ETC.,17,0,0,0,15,4,19
GUJARAT,2013,SNAKE BITE/ANIMAL BITE,487,19,16,35,273,182,455
GUJARAT,2013,OTHER,581,0,3,3,427,152,579
GUJARAT,2013,STAMPEDE,3,0,0,0,3,0,3
GUJARAT,2013,SUFFOCATION,58,0,0,0,48,10,58
GUJARAT,2013,TRAFFIC ACCIDENTS(ROAD ACCIDENTS),25035,19660,4550,24210,6333,1125,7458
GUJARAT,2013,TRAFFIC ACCIDENTS(RAIL-ROAD ACCIDENTS),73,0,0,0,63,10,73
GUJARAT,2013,OTHER RAILWAY ACCIDENTS,1212,0,0,0,1053,168,1221
GUJARAT,2013,OTHER,2655,41,10,51,2046,583,2629
GUJARAT,2013,CAUSES NOT KNOWN,1051,5,0,5,803,247,1050
GUJARAT,2013,TOTAL,42077,19829,4652,24481,19142,5334,24476
GUJARAT,2013,TOTAL COLLAPSE,204,26,8,34,184,48,232
GUJARAT,2013,TOTAL DROWNING,1964,2,1,3,1696,313,2009
GUJARAT,2013,TOTAL EXPLOSION,29,0,0,0,19,10,29
GUJARAT,2013,TOTAL FALLS,1510,32,10,42,1259,230,1489
GUJARAT,2013,TOTAL FIRE,2242,23,47,70,775,1437,2212
GUJARAT,2013,TOTAL SUDDEN DEATHS,3659,4,0,4,3143,515,3658
GUJARAT,2013,TOTAL POISONING,1545,29,23,52,1011,494,1505
GUJARAT,2013,TOTAL TRAFFIC ACCIDENTS,26320,19660,4550,24210,7449,1303,8752
HARYANA,2013,AIR-CRASH,0,0,0,0,0,0,0
HARYANA,2013,COLLAPSE OF STRUCTURE(HOUSE),14,0,0,0,13,1,14
HARYANA,2013,COLLAPSE OF STRUCTURE(BUILDING),4,0,0,0,2,2,4
HARYANA,2013,COLLAPSE OF STRUCTURE(DAM),0,0,0,0,0,0,0
HARYANA,2013,COLLAPSE OF STRUCTURE(BRIDGE),0,0,0,0,0,0,0
HARYANA,2013,COLLAPSE OF STRUCTURE(OTHERS),19,0,0,0,16,4,20
HARYANA,2013,DROWNING(BOAT CAPSIZE),0,0,0,0,0,0,0
HARYANA,2013,DROWNING(OTHER),588,0,0,0,498,91,589
HARYANA,2013,ELECTROCUTION,426,0,0,0,395,31,426
HARYANA,2013,EXPLOSION(BOMB EXPLOSION),0,0,0,0,0,0,0
HARYANA,2013,EXPLOSION(OTHER EXPLOSION LIKE BOIL,11,0,0,0,6,5,11
HARYANA,2013,FALLS(FALL FROM HEIGHT),282,0,0,0,246,36,282
HARYANA,2013,FALL INTO PIT/MANHOLE,47,0,0,0,41,6,47
HARYANA,2013,FACTORY/MACHINE ACCIDENTS,59,0,0,0,57,2,59
HARYANA,2013,FIRE(FIREWORKS/CRACKERS),0,0,0,0,0,0,0
HARYANA,2013,FIRE(SHORT-CIRCUIT),27,0,0,0,25,2,27
HARYANA,2013,GAS CYLINDER/STOVE BURST,108,0,0,0,31,77,108
HARYANA,2013,OTHER FIRE ACCIDENTS,190,0,0,0,107,83,190
HARYANA,2013,FIRE-ARMS,12,0,0,0,10,2,12
HARYANA,2013,SUDDEN DEATHS(HEART ATTACKS),650,0,0,0,594,56,650
HARYANA,2013,EPILEPTIC FITS/GIDDINESS,55,0,0,0,48,7,55
HARYANA,2013,ABORTIONS/CHILD BIRTH,23,0,2,2,0,23,23
HARYANA,2013,INFLUENCE OF ALCOHOL,320,0,0,0,320,0,320
HARYANA,2013,KILLED BY ANIMALS,15,0,0,0,12,3,15
HARYANA,2013,MINES OR QUARY DISASTER,3,0,0,0,0,3,3
HARYANA,2013,FOOD POISIONING/ACCIDENTAL INTAKE OF INSECTICIDES ETC.,404,0,0,0,305,99,404
HARYANA,2013,SPURIOUS/POISIONOUS LIQUOR,3,0,0,0,1,2,3
HARYANA,2013,LEAKAGE OF POISINOUS GASES ETC.,1,0,0,0,1,0,1
HARYANA,2013,SNAKE BITE/ANIMAL BITE,61,0,0,0,48,13,61
HARYANA,2013,OTHER,264,0,0,0,176,88,264
HARYANA,2013,STAMPEDE,53,0,0,0,49,4,53
HARYANA,2013,SUFFOCATION,42,0,0,0,25,17,42
HARYANA,2013,TRAFFIC ACCIDENTS(ROAD ACCIDENTS),10473,8207,1360,9567,3926,621,4547
HARYANA,2013,TRAFFIC ACCIDENTS(RAIL-ROAD ACCIDENTS),11,5,0,5,6,1,7
HARYANA,2013,OTHER RAILWAY ACCIDENTS,1331,0,0,0,1189,142,1331
HARYANA,2013,OTHER,1254,0,0,0,1046,201,1247
HARYANA,2013,CAUSES NOT KNOWN,330,0,0,0,233,56,289
HARYANA,2013,TOTAL,17080,8212,1362,9574,9426,1678,11104
HARYANA,2013,TOTAL COLLAPSE,37,0,0,0,31,7,38
HARYANA,2013,TOTAL DROWNING,588,0,0,0,498,91,589
HARYANA,2013,TOTAL EXPLOSION,11,0,0,0,6,5,11
HARYANA,2013,TOTAL FALLS,329,0,0,0,287,42,329
HARYANA,2013,TOTAL FIRE,325,0,0,0,163,162,325
HARYANA,2013,TOTAL SUDDEN DEATHS,1048,0,2,2,962,86,1048
HARYANA,2013,TOTAL POISONING,733,0,0,0,531,202,733
HARYANA,2013,TOTAL TRAFFIC ACCIDENTS,11815,8212,1360,9572,5121,764,5885
HIMACHAL PRADESH,2013,AIR-CRASH,0,0,0,0,0,0,0
HIMACHAL PRADESH,2013,COLLAPSE OF STRUCTURE(HOUSE),0,0,0,0,0,0,0
HIMACHAL PRADESH,2013,COLLAPSE OF STRUCTURE(BUILDING),6,0,0,0,5,1,6
HIMACHAL PRADESH,2013,COLLAPSE OF STRUCTURE(DAM),0,0,0,0,0,0,0
HIMACHAL PRADESH,2013,COLLAPSE OF STRUCTURE(BRIDGE),1,0,0,0,1,0,1
HIMACHAL PRADESH,2013,COLLAPSE OF STRUCTURE(OTHERS),6,0,0,0,5,1,6
HIMACHAL PRADESH,2013,DROWNING(BOAT CAPSIZE),0,0,0,0,0,0,0
HIMACHAL PRADESH,2013,DROWNING(OTHER),190,0,0,0,167,24,191
HIMACHAL PRADESH,2013,ELECTROCUTION,17,0,0,0,13,4,17
HIMACHAL PRADESH,2013,EXPLOSION(BOMB EXPLOSION),1,0,0,0,1,0,1
HIMACHAL PRADESH,2013,EXPLOSION(OTHER EXPLOSION LIKE BOIL,3,0,0,0,4,0,4
HIMACHAL PRADESH,2013,FALLS(FALL FROM HEIGHT),345,0,0,0,288,57,345
HIMACHAL PRADESH,2013,FALL INTO PIT/MANHOLE,5,0,0,0,2,3,5
HIMACHAL PRADESH,2013,FACTORY/MACHINE ACCIDENTS,7,0,0,0,5,2,7
HIMACHAL PRADESH,2013,FIRE(FIREWORKS/CRACKERS),7,0,0,0,5,2,7
HIMACHAL PRADESH,2013,FIRE(SHORT-CIRCUIT),22,0,0,0,21,1,22
HIMACHAL PRADESH,2013,GAS CYLINDER/STOVE BURST,8,0,0,0,7,1,8
HIMACHAL PRADESH,2013,OTHER FIRE ACCIDENTS,56,0,0,0,19,38,57
HIMACHAL PRADESH,2013,FIRE-ARMS,2,0,0,0,2,0,2
HIMACHAL PRADESH,2013,SUDDEN DEATHS(HEART ATTACKS),194,0,0,0,183,11,194
HIMACHAL PRADESH,2013,EPILEPTIC FITS/GIDDINESS,4,0,0,0,4,0,4
HIMACHAL PRADESH,2013,ABORTIONS/CHILD BIRTH,5,0,0,0,0,5,5
HIMACHAL PRADESH,2013,INFLUENCE OF ALCOHOL,65,0,0,0,64,1,65
HIMACHAL PRADESH,2013,KILLED BY ANIMALS,11,0,0,0,6,5,11
HIMACHAL PRADESH,2013,MINES OR QUARY DISASTER,0,0,0,0,0,0,0
HIMACHAL PRADESH,2013,FOOD POISIONING/ACCIDENTAL INTAKE OF INSECTICIDES ETC.,156,0,0,0,101,55,156
HIMACHAL PRADESH,2013,SPURIOUS/POISIONOUS LIQUOR,1,0,0,0,0,1,1
HIMACHAL PRADESH,2013,LEAKAGE OF POISINOUS GASES ETC.,1,0,0,0,0,1,1
HIMACHAL PRADESH,2013,SNAKE BITE/ANIMAL BITE,33,0,0,0,21,12,33
HIMACHAL PRADESH,2013,OTHER,102,0,0,0,63,39,102
HIMACHAL PRADESH,2013,STAMPEDE,0,0,0,0,0,0,0
HIMACHAL PRADESH,2013,SUFFOCATION,6,0,0,0,7,1,8
HIMACHAL PRADESH,2013,TRAFFIC ACCIDENTS(ROAD ACCIDENTS),2981,4200,1032,5232,864,192,1056
HIMACHAL PRADESH,2013,TRAFFIC ACCIDENTS(RAIL-ROAD ACCIDENTS),0,0,0,0,0,0,0
HIMACHAL PRADESH,2013,OTHER RAILWAY ACCIDENTS,20,0,0,0,18,5,23
HIMACHAL PRADESH,2013,OTHER,275,31,14,45,228,49,277
HIMACHAL PRADESH,2013,CAUSES NOT KNOWN,77,0,0,0,62,21,83
HIMACHAL PRADESH,2013,TOTAL,4607,4231,1046,5277,2166,532,2698
HIMACHAL PRADESH,2013,TOTAL COLLAPSE,13,0,0,0,11,2,13
HIMACHAL PRADESH,2013,TOTAL DROWNING,190,0,0,0,167,24,191
HIMACHAL PRADESH,2013,TOTAL EXPLOSION,4,0,0,0,5,0,5
HIMACHAL PRADESH,2013,TOTAL FALLS,350,0,0,0,290,60,350
HIMACHAL PRADESH,2013,TOTAL FIRE,93,0,0,0,52,42,94
HIMACHAL PRADESH,2013,TOTAL SUDDEN DEATHS,268,0,0,0,251,17,268
HIMACHAL PRADESH,2013,TOTAL POISONING,293,0,0,0,185,108,293
HIMACHAL PRADESH,2013,TOTAL TRAFFIC ACCIDENTS,3001,4200,1032,5232,882,197,1079
JAMMU & KASHMIR,2013,AIR-CRASH,0,0,0,0,0,0,0
JAMMU & KASHMIR,2013,COLLAPSE OF STRUCTURE(HOUSE),5,2,0,2,5,3,8
JAMMU & KASHMIR,2013,COLLAPSE OF STRUCTURE(BUILDING),0,0,0,0,0,0,0
JAMMU & KASHMIR,2013,COLLAPSE OF STRUCTURE(DAM),0,0,0,0,0,0,0
JAMMU & KASHMIR,2013,COLLAPSE OF STRUCTURE(BRIDGE),1,0,0,0,1,0,1
JAMMU & KASHMIR,2013,COLLAPSE OF STRUCTURE(OTHERS),0,0,0,0,0,0,0
JAMMU & KASHMIR,2013,DROWNING(BOAT CAPSIZE),0,0,0,0,0,0,0
JAMMU & KASHMIR,2013,DROWNING(OTHER),57,1,0,1,41,15,56
JAMMU & KASHMIR,2013,ELECTROCUTION,25,1,0,1,24,0,24
JAMMU & KASHMIR,2013,EXPLOSION(BOMB EXPLOSION),5,15,0,15,5,0,5
JAMMU & KASHMIR,2013,EXPLOSION(OTHER EXPLOSION LIKE BOIL,10,19,1,20,5,1,6
JAMMU & KASHMIR,2013,FALLS(FALL FROM HEIGHT),42,0,0,0,40,2,42
JAMMU & KASHMIR,2013,FALL INTO PIT/MANHOLE,1,0,0,0,1,0,1
JAMMU & KASHMIR,2013,FACTORY/MACHINE ACCIDENTS,1,0,0,0,1,0,1
JAMMU & KASHMIR,2013,FIRE(FIREWORKS/CRACKERS),0,1,0,1,0,0,0
JAMMU & KASHMIR,2013,FIRE(SHORT-CIRCUIT),13,0,0,0,10,6,16
JAMMU & KASHMIR,2013,GAS CYLINDER/STOVE BURST,2,2,0,2,1,5,6
JAMMU & KASHMIR,2013,OTHER FIRE ACCIDENTS,5,0,0,0,4,1,5
JAMMU & KASHMIR,2013,FIRE-ARMS,17,35,0,35,23,1,24
JAMMU & KASHMIR,2013,SUDDEN DEATHS(HEART ATTACKS),57,0,0,0,55,2,57
JAMMU & KASHMIR,2013,EPILEPTIC FITS/GIDDINESS,0,0,0,0,0,0,0
JAMMU & KASHMIR,2013,ABORTIONS/CHILD BIRTH,0,0,0,0,0,0,0
JAMMU & KASHMIR,2013,INFLUENCE OF ALCOHOL,7,0,0,0,7,0,7
JAMMU & KASHMIR,2013,KILLED BY ANIMALS,2,2,0,2,1,0,1
JAMMU & KASHMIR,2013,MINES OR QUARY DISASTER,0,0,0,0,0,0,0
JAMMU & KASHMIR,2013,FOOD POISIONING/ACCIDENTAL INTAKE OF INSECTICIDES ETC.,19,2,0,2,9,9,18
JAMMU & KASHMIR,2013,SPURIOUS/POISIONOUS LIQUOR,0,0,0,0,0,0,0
JAMMU & KASHMIR,2013,LEAKAGE OF POISINOUS GASES ETC.,0,0,0,0,0,0,0
JAMMU & KASHMIR,2013,SNAKE BITE/ANIMAL BITE,0,0,0,0,0,0,0
JAMMU & KASHMIR,2013,OTHER,96,8,28,36,14,19,33
JAMMU & KASHMIR,2013,STAMPEDE,0,0,0,0,0,0,0
JAMMU & KASHMIR,2013,SUFFOCATION,1,0,0,0,1,0,1
JAMMU & KASHMIR,2013,TRAFFIC ACCIDENTS(ROAD ACCIDENTS),6455,6940,1654,8594,819,173,992
JAMMU & KASHMIR,2013,TRAFFIC ACCIDENTS(RAIL-ROAD ACCIDENTS),51,0,0,0,42,9,51
JAMMU & KASHMIR,2013,OTHER RAILWAY ACCIDENTS,7,0,0,0,7,0,7
JAMMU & KASHMIR,2013,OTHER,127,0,0,0,112,12,124
JAMMU & KASHMIR,2013,CAUSES NOT KNOWN,75,4,0,4,61,14,75
JAMMU & KASHMIR,2013,TOTAL,7081,7032,1683,8715,1289,272,1561
JAMMU & KASHMIR,2013,TOTAL COLLAPSE,6,2,0,2,6,3,9
JAMMU & KASHMIR,2013,TOTAL DROWNING,57,1,0,1,41,15,56
JAMMU & KASHMIR,2013,TOTAL EXPLOSION,15,34,1,35,10,1,11
JAMMU & KASHMIR,2013,TOTAL FALLS,43,0,0,0,41,2,43
JAMMU & KASHMIR,2013,TOTAL FIRE,20,3,0,3,15,12,27
JAMMU & KASHMIR,2013,TOTAL SUDDEN DEATHS,64,0,0,0,62,2,64
JAMMU & KASHMIR,2013,TOTAL POISONING,115,10,28,38,23,28,51
JAMMU & KASHMIR,2013,TOTAL TRAFFIC ACCIDENTS,6513,6940,1654,8594,868,182,1050
JHARKHAND,2013,AIR-CRASH,0,0,0,0,0,0,0
JHARKHAND,2013,COLLAPSE OF STRUCTURE(HOUSE),18,5,3,8,11,5,16
JHARKHAND,2013,COLLAPSE OF STRUCTURE(BUILDING),10,1,0,1,8,2,10
JHARKHAND,2013,COLLAPSE OF STRUCTURE(DAM),3,0,0,0,3,0,3
JHARKHAND,2013,COLLAPSE OF STRUCTURE(BRIDGE),0,0,0,0,0,0,0
JHARKHAND,2013,COLLAPSE OF STRUCTURE(OTHERS),60,6,6,12,44,22,66
JHARKHAND,2013,DROWNING(BOAT CAPSIZE),13,0,0,0,11,3,14
JHARKHAND,2013,DROWNING(OTHER),399,54,6,60,260,95,355
JHARKHAND,2013,ELECTROCUTION,113,3,2,5,104,28,132
JHARKHAND,2013,EXPLOSION(BOMB EXPLOSION),0,0,0,0,0,0,0
JHARKHAND,2013,EXPLOSION(OTHER EXPLOSION LIKE BOIL,8,0,2,2,4,4,8
JHARKHAND,2013,FALLS(FALL FROM HEIGHT),102,3,0,3,88,18,106
JHARKHAND,2013,FALL INTO PIT/MANHOLE,106,1,1,2,90,18,108
JHARKHAND,2013,FACTORY/MACHINE ACCIDENTS,31,5,0,5,28,2,30
JHARKHAND,2013,FIRE(FIREWORKS/CRACKERS),16,0,0,0,7,9,16
JHARKHAND,2013,FIRE(SHORT-CIRCUIT),25,1,0,1,23,4,27
JHARKHAND,2013,GAS CYLINDER/STOVE BURST,46,0,7,7,13,34,47
JHARKHAND,2013,OTHER FIRE ACCIDENTS,278,0,0,0,75,208,283
JHARKHAND,2013,FIRE-ARMS,2,0,0,0,2,0,2
JHARKHAND,2013,SUDDEN DEATHS(HEART ATTACKS),114,0,0,0,94,22,116
JHARKHAND,2013,EPILEPTIC FITS/GIDDINESS,32,0,0,0,26,6,32
JHARKHAND,2013,ABORTIONS/CHILD BIRTH,21,0,0,0,0,21,21
JHARKHAND,2013,INFLUENCE OF ALCOHOL,150,0,0,0,143,10,153
JHARKHAND,2013,KILLED BY ANIMALS,49,0,1,1,33,16,49
JHARKHAND,2013,MINES OR QUARY DISASTER,23,6,3,9,9,7,16
JHARKHAND,2013,FOOD POISIONING/ACCIDENTAL INTAKE OF INSECTICIDES ETC.,173,11,8,19,86,70,156
JHARKHAND,2013,SPURIOUS/POISIONOUS LIQUOR,35,2,0,2,21,8,29
JHARKHAND,2013,LEAKAGE OF POISINOUS GASES ETC.,2,0,0,0,3,0,3
JHARKHAND,2013,SNAKE BITE/ANIMAL BITE,45,1,1,2,27,21,48
JHARKHAND,2013,OTHER,88,21,0,21,56,32,88
JHARKHAND,2013,STAMPEDE,0,0,0,0,0,0,0
JHARKHAND,2013,SUFFOCATION,29,0,0,0,22,9,31
JHARKHAND,2013,TRAFFIC ACCIDENTS(ROAD ACCIDENTS),5161,3416,736,4152,2320,326,2646
JHARKHAND,2013,TRAFFIC ACCIDENTS(RAIL-ROAD ACCIDENTS),7,0,0,0,6,1,7
JHARKHAND,2013,OTHER RAILWAY ACCIDENTS,493,0,0,0,424,69,493
JHARKHAND,2013,OTHER,439,12,5,17,364,86,450
JHARKHAND,2013,CAUSES NOT KNOWN,40,0,0,0,30,10,40
JHARKHAND,2013,TOTAL,8131,3548,781,4329,4435,1166,5601
JHARKHAND,2013,TOTAL COLLAPSE,91,12,9,21,66,29,95
JHARKHAND,2013,TOTAL DROWNING,412,54,6,60,271,98,369
JHARKHAND,2013,TOTAL EXPLOSION,8,0,2,2,4,4,8
JHARKHAND,2013,TOTAL FALLS,208,4,1,5,178,36,214
JHARKHAND,2013,TOTAL FIRE,365,1,7,8,118,255,373
JHARKHAND,2013,TOTAL SUDDEN DEATHS,317,0,0,0,263,59,322
JHARKHAND,2013,TOTAL POISONING,343,35,9,44,193,131,324
JHARKHAND,2013,TOTAL TRAFFIC ACCIDENTS,5661,3416,736,4152,2750,396,3146
KARNATAKA,2013,AIR-CRASH,0,0,0,0,0,0,0
KARNATAKA,2013,COLLAPSE OF STRUCTURE(HOUSE),23,4,0,4,20,7,27
KARNATAKA,2013,COLLAPSE OF STRUCTURE(BUILDING),8,0,0,0,7,1,8
KARNATAKA,2013,COLLAPSE OF STRUCTURE(DAM),0,0,0,0,0,0,0
KARNATAKA,2013,COLLAPSE OF STRUCTURE(BRIDGE),0,0,0,0,0,0,0
KARNATAKA,2013,COLLAPSE OF STRUCTURE(OTHERS),62,2,0,2,53,9,62
KARNATAKA,2013,DROWNING(BOAT CAPSIZE),5,0,0,0,10,0,10
KARNATAKA,2013,DROWNING(OTHER),1929,0,0,0,1481,505,1986
KARNATAKA,2013,ELECTROCUTION,436,3,1,4,365,75,440
KARNATAKA,2013,EXPLOSION(BOMB EXPLOSION),0,0,0,0,0,0,0
KARNATAKA,2013,EXPLOSION(OTHER EXPLOSION LIKE BOIL,7,0,0,0,5,2,7
KARNATAKA,2013,FALLS(FALL FROM HEIGHT),459,1,0,1,402,56,458
KARNATAKA,2013,FALL INTO PIT/MANHOLE,10,0,0,0,9,1,10
KARNATAKA,2013,FACTORY/MACHINE ACCIDENTS,30,0,0,0,30,1,31
KARNATAKA,2013,FIRE(FIREWORKS/CRACKERS),1,0,0,0,1,0,1
KARNATAKA,2013,FIRE(SHORT-CIRCUIT),32,0,0,0,25,7,32
KARNATAKA,2013,GAS CYLINDER/STOVE BURST,260,0,0,0,80,185,265
KARNATAKA,2013,OTHER FIRE ACCIDENTS,1017,0,0,0,344,679,1023
KARNATAKA,2013,FIRE-ARMS,14,0,0,0,11,3,14
KARNATAKA,2013,SUDDEN DEATHS(HEART ATTACKS),641,0,0,0,571,72,643
KARNATAKA,2013,EPILEPTIC FITS/GIDDINESS,152,0,0,0,131,22,153
KARNATAKA,2013,ABORTIONS/CHILD BIRTH,21,0,0,0,0,21,21
KARNATAKA,2013,INFLUENCE OF ALCOHOL,408,0,0,0,402,15,417
KARNATAKA,2013,KILLED BY ANIMALS,51,0,0,0,41,10,51
KARNATAKA,2013,MINES OR QUARY DISASTER,20,0,0,0,19,1,20
KARNATAKA,2013,FOOD POISIONING/ACCIDENTAL INTAKE OF INSECTICIDES ETC.,119,0,0,0,85,34,119
KARNATAKA,2013,SPURIOUS/POISIONOUS LIQUOR,72,0,0,0,47,26,73
KARNATAKA,2013,LEAKAGE OF POISINOUS GASES ETC.,5,0,0,0,3,2,5
KARNATAKA,2013,SNAKE BITE/ANIMAL BITE,541,0,0,0,340,202,542
KARNATAKA,2013,OTHER,1076,2,2,4,806,284,1090
KARNATAKA,2013,STAMPEDE,8,0,0,0,6,2,8
KARNATAKA,2013,SUFFOCATION,33,0,0,0,27,6,33
KARNATAKA,2013,TRAFFIC ACCIDENTS(ROAD ACCIDENTS),39591,43387,9406,52793,7713,1331,9044
KARNATAKA,2013,TRAFFIC ACCIDENTS(RAIL-ROAD ACCIDENTS),23,39,0,39,13,0,13
KARNATAKA,2013,OTHER RAILWAY ACCIDENTS,1261,0,0,0,915,346,1261
KARNATAKA,2013,OTHER,1647,0,0,0,1277,341,1618
KARNATAKA,2013,CAUSES NOT KNOWN,1836,0,0,0,1469,380,1849
KARNATAKA,2013,TOTAL,51798,43438,9409,52847,16708,4626,21334
KARNATAKA,2013,TOTAL COLLAPSE,93,6,0,6,80,17,97
KARNATAKA,2013,TOTAL DROWNING,1934,0,0,0,1491,505,1996
KARNATAKA,2013,TOTAL EXPLOSION,7,0,0,0,5,2,7
KARNATAKA,2013,TOTAL FALLS,469,1,0,1,411,57,468
KARNATAKA,2013,TOTAL FIRE,1310,0,0,0,450,871,1321
KARNATAKA,2013,TOTAL SUDDEN DEATHS,1222,0,0,0,1104,130,1234
KARNATAKA,2013,TOTAL POISONING,1813,2,2,4,1281,548,1829
KARNATAKA,2013,TOTAL TRAFFIC ACCIDENTS,40875,43426,9406,52832,8641,1677,10318
KERALA,2013,AIR-CRASH,1,0,0,0,1,0,1
KERALA,2013,COLLAPSE OF STRUCTURE(HOUSE),8,2,0,2,7,2,9
KERALA,2013,COLLAPSE OF STRUCTURE(BUILDING),18,6,2,8,11,3,14
KERALA,2013,COLLAPSE OF STRUCTURE(DAM),0,0,0,0,0,0,0
KERALA,2013,COLLAPSE OF STRUCTURE(BRIDGE),0,0,0,0,0,0,0
KERALA,2013,COLLAPSE OF STRUCTURE(OTHERS),52,2,3,5,41,6,47
KERALA,2013,DROWNING(BOAT CAPSIZE),17,2,0,2,15,1,16
KERALA,2013,DROWNING(OTHER),1592,0,0,0,1301,336,1637
KERALA,2013,ELECTROCUTION,225,4,0,4,202,22,224
KERALA,2013,EXPLOSION(BOMB EXPLOSION),0,0,0,0,0,0,0
KERALA,2013,EXPLOSION(OTHER EXPLOSION LIKE BOIL,2,0,0,0,2,0,2
KERALA,2013,FALLS(FALL FROM HEIGHT),793,10,10,20,711,73,784
KERALA,2013,FALL INTO PIT/MANHOLE,69,0,0,0,56,16,72
KERALA,2013,FACTORY/MACHINE ACCIDENTS,24,3,0,3,16,5,21
KERALA,2013,FIRE(FIREWORKS/CRACKERS),14,3,3,6,15,2,17
KERALA,2013,FIRE(SHORT-CIRCUIT),24,1,1,2,19,3,22
KERALA,2013,GAS CYLINDER/STOVE BURST,18,0,0,0,4,15,19
KERALA,2013,OTHER FIRE ACCIDENTS,269,5,2,7,90,180,270
KERALA,2013,FIRE-ARMS,2,1,0,1,1,0,1
KERALA,2013,SUDDEN DEATHS(HEART ATTACKS),1983,0,0,0,1737,246,1983
KERALA,2013,EPILEPTIC FITS/GIDDINESS,176,0,0,0,137,39,176
KERALA,2013,ABORTIONS/CHILD BIRTH,8,0,0,0,0,8,8
KERALA,2013,INFLUENCE OF ALCOHOL,193,0,0,0,192,2,194
KERALA,2013,KILLED BY ANIMALS,36,4,9,13,26,12,38
KERALA,2013,MINES OR QUARY DISASTER,5,1,0,1,5,0,5
KERALA,2013,FOOD POISIONING/ACCIDENTAL INTAKE OF INSECTICIDES ETC.,21,0,0,0,13,8,21
KERALA,2013,SPURIOUS/POISIONOUS LIQUOR,0,0,0,0,0,0,0
KERALA,2013,LEAKAGE OF POISINOUS GASES ETC.,0,0,0,0,0,0,0
KERALA,2013,SNAKE BITE/ANIMAL BITE,74,0,0,0,47,27,74
KERALA,2013,OTHER,126,0,0,0,85,41,126
KERALA,2013,STAMPEDE,0,0,0,0,0,0,0
KERALA,2013,SUFFOCATION,8,0,0,0,9,1,10
KERALA,2013,TRAFFIC ACCIDENTS(ROAD ACCIDENTS),35215,30895,9451,40346,3527,731,4258
KERALA,2013,TRAFFIC ACCIDENTS(RAIL-ROAD ACCIDENTS),47,0,0,0,34,14,48
KERALA,2013,OTHER RAILWAY ACCIDENTS,427,0,0,0,373,55,428
KERALA,2013,OTHER,623,0,0,0,488,135,623
KERALA,2013,CAUSES NOT KNOWN,325,0,0,0,274,51,325
KERALA,2013,TOTAL,42395,30939,9481,40420,9439,2034,11473
KERALA,2013,TOTAL COLLAPSE,78,10,5,15,59,11,70
KERALA,2013,TOTAL DROWNING,1609,2,0,2,1316,337,1653
KERALA,2013,TOTAL EXPLOSION,2,0,0,0,2,0,2
KERALA,2013,TOTAL FALLS,862,10,10,20,767,89,856
KERALA,2013,TOTAL FIRE,325,9,6,15,128,200,328
KERALA,2013,TOTAL SUDDEN DEATHS,2360,0,0,0,2066,295,2361
KERALA,2013,TOTAL POISONING,221,0,0,0,145,76,221
KERALA,2013,TOTAL TRAFFIC ACCIDENTS,35689,30895,9451,40346,3934,800,4734
MADHYA PRADESH,2013,AIR-CRASH,1,0,0,0,1,0,1
MADHYA PRADESH,2013,COLLAPSE OF STRUCTURE(HOUSE),153,4,3,7,99,54,153
MADHYA PRADESH,2013,COLLAPSE OF STRUCTURE(BUILDING),10,0,0,0,9,1,10
MADHYA PRADESH,2013,COLLAPSE OF STRUCTURE(DAM),0,0,0,0,0,0,0
MADHYA PRADESH,2013,COLLAPSE OF STRUCTURE(BRIDGE),3,0,0,0,3,0,3
MADHYA PRADESH,2013,COLLAPSE OF STRUCTURE(OTHERS),80,0,0,0,62,25,87
MADHYA PRADESH,2013,DROWNING(BOAT CAPSIZE),46,0,0,0,39,12,51
MADHYA PRADESH,2013,DROWNING(OTHER),4875,14,11,25,3411,1479,4890
MADHYA PRADESH,2013,ELECTROCUTION,2030,12,4,16,1675,359,2034
MADHYA PRADESH,2013,EXPLOSION(BOMB EXPLOSION),3,0,0,0,2,1,3
MADHYA PRADESH,2013,EXPLOSION(OTHER EXPLOSION LIKE BOIL,34,0,0,0,25,14,39
MADHYA PRADESH,2013,FALLS(FALL FROM HEIGHT),810,5,1,6,676,136,812
MADHYA PRADESH,2013,FALL INTO PIT/MANHOLE,233,0,0,0,178,55,233
MADHYA PRADESH,2013,FACTORY/MACHINE ACCIDENTS,107,3,0,3,89,16,105
MADHYA PRADESH,2013,FIRE(FIREWORKS/CRACKERS),92,2,1,3,57,35,92
MADHYA PRADESH,2013,FIRE(SHORT-CIRCUIT),48,3,1,4,31,13,44
MADHYA PRADESH,2013,GAS CYLINDER/STOVE BURST,172,2,0,2,30,144,174
MADHYA PRADESH,2013,OTHER FIRE ACCIDENTS,2818,2,5,7,780,2044,2824
MADHYA PRADESH,2013,FIRE-ARMS,179,51,4,55,121,14,135
MADHYA PRADESH,2013,SUDDEN DEATHS(HEART ATTACKS),912,2,0,2,759,160,919
MADHYA PRADESH,2013,EPILEPTIC FITS/GIDDINESS,169,0,0,0,122,49,171
MADHYA PRADESH,2013,ABORTIONS/CHILD BIRTH,186,0,0,0,0,186,186
MADHYA PRADESH,2013,INFLUENCE OF ALCOHOL,518,0,0,0,505,17,522
MADHYA PRADESH,2013,KILLED BY ANIMALS,45,0,0,0,28,17,45
MADHYA PRADESH,2013,MINES OR QUARY DISASTER,119,0,4,4,84,38,122
MADHYA PRADESH,2013,FOOD POISIONING/ACCIDENTAL INTAKE OF INSECTICIDES ETC.,2007,14,7,21,1177,837,2014
MADHYA PRADESH,2013,SPURIOUS/POISIONOUS LIQUOR,26,3,0,3,23,3,26
MADHYA PRADESH,2013,LEAKAGE OF POISINOUS GASES ETC.,16,0,0,0,15,1,16
MADHYA PRADESH,2013,SNAKE BITE/ANIMAL BITE,2385,4,6,10,1336,1054,2390
MADHYA PRADESH,2013,OTHER,232,5,12,17,133,98,231
MADHYA PRADESH,2013,STAMPEDE,279,99,58,157,44,78,122
MADHYA PRADESH,2013,SUFFOCATION,730,0,0,0,527,204,731
MADHYA PRADESH,2013,TRAFFIC ACCIDENTS(ROAD ACCIDENTS),34034,27733,5156,32889,7585,1392,8977
MADHYA PRADESH,2013,TRAFFIC ACCIDENTS(RAIL-ROAD ACCIDENTS),123,3,0,3,104,19,123
MADHYA PRADESH,2013,OTHER RAILWAY ACCIDENTS,1721,1,1,2,1435,286,1721
MADHYA PRADESH,2013,OTHER,4045,187,17,204,3010,1071,4081
MADHYA PRADESH,2013,CAUSES NOT KNOWN,2464,0,0,0,1922,529,2451
MADHYA PRADESH,2013,TOTAL,61705,28149,5291,33440,26097,10441,36538
MADHYA PRADESH,2013,TOTAL COLLAPSE,246,4,3,7,173,80,253
MADHYA PRADESH,2013,TOTAL DROWNING,4921,14,11,25,3450,1491,4941
MADHYA PRADESH,2013,TOTAL EXPLOSION,37,0,0,0,27,15,42
MADHYA PRADESH,2013,TOTAL FALLS,1043,5,1,6,854,191,1045
MADHYA PRADESH,2013,TOTAL FIRE,3130,9,7,16,898,2236,3134
MADHYA PRADESH,2013,TOTAL SUDDEN DEATHS,1785,2,0,2,1386,412,1798
MADHYA PRADESH,2013,TOTAL POISONING,4666,26,25,51,2684,1993,4677
MADHYA PRADESH,2013,TOTAL TRAFFIC ACCIDENTS,35878,27737,5157,32894,9124,1697,10821
MAHARASHTRA,2013,AIR-CRASH,1,0,0,0,5,0,5
MAHARASHTRA,2013,COLLAPSE OF STRUCTURE(HOUSE),87,14,8,22,50,29,79
MAHARASHTRA,2013,COLLAPSE OF STRUCTURE(BUILDING),149,32,22,54,70,53,123
MAHARASHTRA,2013,COLLAPSE OF STRUCTURE(DAM),0,0,0,0,0,0,0
MAHARASHTRA,2013,COLLAPSE OF STRUCTURE(BRIDGE),3,0,0,0,3,0,3
MAHARASHTRA,2013,COLLAPSE OF STRUCTURE(OTHERS),372,128,72,200,152,41,193
MAHARASHTRA,2013,DROWNING(BOAT CAPSIZE),12,0,0,0,16,10,26
MAHARASHTRA,2013,DROWNING(OTHER),4862,132,57,189,3658,1145,4803
MAHARASHTRA,2013,ELECTROCUTION,1754,214,45,259,1312,215,1527
MAHARASHTRA,2013,EXPLOSION(BOMB EXPLOSION),0,0,0,0,0,0,0
MAHARASHTRA,2013,EXPLOSION(OTHER EXPLOSION LIKE BOIL,58,4,0,4,36,23,59
MAHARASHTRA,2013,FALLS(FALL FROM HEIGHT),2101,358,104,462,1425,223,1648
MAHARASHTRA,2013,FALL INTO PIT/MANHOLE,550,102,23,125,345,82,427
MAHARASHTRA,2013,FACTORY/MACHINE ACCIDENTS,420,293,39,332,80,12,92
MAHARASHTRA,2013,FIRE(FIREWORKS/CRACKERS),8,4,0,4,8,4,12
MAHARASHTRA,2013,FIRE(SHORT-CIRCUIT),167,11,2,13,125,29,154
MAHARASHTRA,2013,GAS CYLINDER/STOVE BURST,457,8,31,39,115,318,433
MAHARASHTRA,2013,OTHER FIRE ACCIDENTS,5262,493,1107,1600,971,2748,3719
MAHARASHTRA,2013,FIRE-ARMS,9,2,0,2,6,1,7
MAHARASHTRA,2013,SUDDEN DEATHS(HEART ATTACKS),11584,2549,1732,4281,6282,1001,7283
MAHARASHTRA,2013,EPILEPTIC FITS/GIDDINESS,1993,217,99,316,1299,379,1678
MAHARASHTRA,2013,ABORTIONS/CHILD BIRTH,546,0,51,51,0,502,502
MAHARASHTRA,2013,INFLUENCE OF ALCOHOL,1847,352,1,353,1478,16,1494
MAHARASHTRA,2013,KILLED BY ANIMALS,306,123,54,177,94,35,129
MAHARASHTRA,2013,MINES OR QUARY DISASTER,15,2,0,2,14,0,14
MAHARASHTRA,2013,FOOD POISIONING/ACCIDENTAL INTAKE OF INSECTICIDES ETC.,2658,952,807,1759,684,266,950
MAHARASHTRA,2013,SPURIOUS/POISIONOUS LIQUOR,27,7,0,7,12,8,20
MAHARASHTRA,2013,LEAKAGE OF POISINOUS GASES ETC.,38,0,0,0,19,20,39
MAHARASHTRA,2013,SNAKE BITE/ANIMAL BITE,5620,2570,2071,4641,613,370,983
MAHARASHTRA,2013,OTHER,707,263,160,423,205,86,291
MAHARASHTRA,2013,STAMPEDE,1,18,0,18,2,0,2
MAHARASHTRA,2013,SUFFOCATION,107,0,1,1,74,34,108
MAHARASHTRA,2013,TRAFFIC ACCIDENTS(ROAD ACCIDENTS),43863,36037,8995,45032,11513,1732,13245
MAHARASHTRA,2013,TRAFFIC ACCIDENTS(RAIL-ROAD ACCIDENTS),39,3,0,3,37,2,39
MAHARASHTRA,2013,OTHER RAILWAY ACCIDENTS,8165,2734,451,3185,4477,509,4986
MAHARASHTRA,2013,OTHER,23828,5294,2200,7494,12745,3799,16544
MAHARASHTRA,2013,CAUSES NOT KNOWN,620,70,8,78,428,115,543
MAHARASHTRA,2013,TOTAL,118236,52986,18140,71126,48353,13807,62160
MAHARASHTRA,2013,TOTAL COLLAPSE,611,174,102,276,275,123,398
MAHARASHTRA,2013,TOTAL DROWNING,4874,132,57,189,3674,1155,4829
MAHARASHTRA,2013,TOTAL EXPLOSION,58,4,0,4,36,23,59
MAHARASHTRA,2013,TOTAL FALLS,2651,460,127,587,1770,305,2075
MAHARASHTRA,2013,TOTAL FIRE,5894,516,1140,1656,1219,3099,4318
MAHARASHTRA,2013,TOTAL SUDDEN DEATHS,15970,3118,1883,5001,9059,1898,10957
MAHARASHTRA,2013,TOTAL POISONING,9050,3792,3038,6830,1533,750,2283
MAHARASHTRA,2013,TOTAL TRAFFIC ACCIDENTS,52067,38774,9446,48220,16027,2243,18270
MANIPUR,2013,AIR-CRASH,0,0,0,0,0,0,0
MANIPUR,2013,COLLAPSE OF STRUCTURE(HOUSE),0,0,0,0,0,0,0
MANIPUR,2013,COLLAPSE OF STRUCTURE(BUILDING),0,0,0,0,0,0,0
MANIPUR,2013,COLLAPSE OF STRUCTURE(DAM),0,0,0,0,0,0,0
MANIPUR,2013,COLLAPSE OF STRUCTURE(BRIDGE),0,0,0,0,0,0,0
MANIPUR,2013,COLLAPSE OF STRUCTURE(OTHERS),12,0,0,0,11,1,12
MANIPUR,2013,DROWNING(BOAT CAPSIZE),0,0,0,0,0,0,0
MANIPUR,2013,DROWNING(OTHER),12,0,0,0,10,2,12
MANIPUR,2013,ELECTROCUTION,13,0,0,0,12,1,13
MANIPUR,2013,EXPLOSION(BOMB EXPLOSION),73,114,6,120,14,0,14
MANIPUR,2013,EXPLOSION(OTHER EXPLOSION LIKE BOIL,0,0,0,0,0,0,0
MANIPUR,2013,FALLS(FALL FROM HEIGHT),11,0,0,0,12,0,12
MANIPUR,2013,FALL INTO PIT/MANHOLE,0,0,0,0,0,0,0
MANIPUR,2013,FACTORY/MACHINE ACCIDENTS,2,0,0,0,2,0,2
MANIPUR,2013,FIRE(FIREWORKS/CRACKERS),0,0,0,0,0,0,0
MANIPUR,2013,FIRE(SHORT-CIRCUIT),0,0,0,0,0,0,0
MANIPUR,2013,GAS CYLINDER/STOVE BURST,0,0,0,0,0,0,0
MANIPUR,2013,OTHER FIRE ACCIDENTS,2,0,0,0,0,2,2
MANIPUR,2013,FIRE-ARMS,6,0,0,0,5,1,6
MANIPUR,2013,SUDDEN DEATHS(HEART ATTACKS),5,0,0,0,4,1,5
MANIPUR,2013,EPILEPTIC FITS/GIDDINESS,0,0,0,0,0,0,0
MANIPUR,2013,ABORTIONS/CHILD BIRTH,2,0,0,0,0,2,2
MANIPUR,2013,INFLUENCE OF ALCOHOL,0,0,0,0,0,0,0
MANIPUR,2013,KILLED BY ANIMALS,0,0,0,0,0,0,0
MANIPUR,2013,MINES OR QUARY DISASTER,0,0,0,0,0,0,0
MANIPUR,2013,FOOD POISIONING/ACCIDENTAL INTAKE OF INSECTICIDES ETC.,2,0,0,0,0,2,2
MANIPUR,2013,SPURIOUS/POISIONOUS LIQUOR,0,0,0,0,0,0,0
MANIPUR,2013,LEAKAGE OF POISINOUS GASES ETC.,0,0,0,0,0,0,0
MANIPUR,2013,SNAKE BITE/ANIMAL BITE,0,0,0,0,0,0,0
MANIPUR,2013,OTHER,4,0,0,0,1,3,4
MANIPUR,2013,STAMPEDE,0,0,0,0,0,0,0
MANIPUR,2013,SUFFOCATION,2,0,0,0,5,0,5
MANIPUR,2013,TRAFFIC ACCIDENTS(ROAD ACCIDENTS),671,1024,151,1175,141,24,165
MANIPUR,2013,TRAFFIC ACCIDENTS(RAIL-ROAD ACCIDENTS),0,0,0,0,0,0,0
MANIPUR,2013,OTHER RAILWAY ACCIDENTS,0,0,0,0,0,0,0
MANIPUR,2013,OTHER,33,0,0,0,25,8,33
MANIPUR,2013,CAUSES NOT KNOWN,58,0,0,0,50,8,58
MANIPUR,2013,TOTAL,908,1138,157,1295,292,55,347
MANIPUR,2013,TOTAL COLLAPSE,12,0,0,0,11,1,12
MANIPUR,2013,TOTAL DROWNING,12,0,0,0,10,2,12
MANIPUR,2013,TOTAL EXPLOSION,73,114,6,120,14,0,14
MANIPUR,2013,TOTAL FALLS,11,0,0,0,12,0,12
MANIPUR,2013,TOTAL FIRE,2,0,0,0,0,2,2
MANIPUR,2013,TOTAL SUDDEN DEATHS,7,0,0,0,4,3,7
MANIPUR,2013,TOTAL POISONING,6,0,0,0,1,5,6
MANIPUR,2013,TOTAL TRAFFIC ACCIDENTS,671,1024,151,1175,141,24,165
MEGHALAYA,2013,AIR-CRASH,0,0,0,0,0,0,0
MEGHALAYA,2013,COLLAPSE OF STRUCTURE(HOUSE),1,0,0,0,1,0,1
MEGHALAYA,2013,COLLAPSE OF STRUCTURE(BUILDING),0,0,0,0,0,0,0
MEGHALAYA,2013,COLLAPSE OF STRUCTURE(DAM),0,0,0,0,0,0,0
MEGHALAYA,2013,COLLAPSE OF STRUCTURE(BRIDGE),1,3,0,3,1,0,1
MEGHALAYA,2013,COLLAPSE OF STRUCTURE(OTHERS),1,0,0,0,1,0,1
MEGHALAYA,2013,DROWNING(BOAT CAPSIZE),1,0,0,0,1,0,1
MEGHALAYA,2013,DROWNING(OTHER),46,3,0,3,36,7,43
MEGHALAYA,2013,ELECTROCUTION,11,0,0,0,11,6,17
MEGHALAYA,2013,EXPLOSION(BOMB EXPLOSION),0,0,0,0,0,0,0
MEGHALAYA,2013,EXPLOSION(OTHER EXPLOSION LIKE BOIL,0,0,0,0,0,0,0
MEGHALAYA,2013,FALLS(FALL FROM HEIGHT),16,0,0,0,14,2,16
MEGHALAYA,2013,FALL INTO PIT/MANHOLE,2,0,0,0,1,1,2
MEGHALAYA,2013,FACTORY/MACHINE ACCIDENTS,0,0,0,0,0,0,0
MEGHALAYA,2013,FIRE(FIREWORKS/CRACKERS),1,0,0,0,1,0,1
MEGHALAYA,2013,FIRE(SHORT-CIRCUIT),0,0,0,0,0,0,0
MEGHALAYA,2013,GAS CYLINDER/STOVE BURST,4,0,0,0,0,4,4
MEGHALAYA,2013,OTHER FIRE ACCIDENTS,11,0,0,0,9,2,11
MEGHALAYA,2013,FIRE-ARMS,1,0,0,0,1,0,1
MEGHALAYA,2013,SUDDEN DEATHS(HEART ATTACKS),22,0,0,0,17,5,22
MEGHALAYA,2013,EPILEPTIC FITS/GIDDINESS,2,0,0,0,2,0,2
MEGHALAYA,2013,ABORTIONS/CHILD BIRTH,4,0,0,0,0,4,4
MEGHALAYA,2013,INFLUENCE OF ALCOHOL,6,0,0,0,6,0,6
MEGHALAYA,2013,KILLED BY ANIMALS,3,0,0,0,2,1,3
MEGHALAYA,2013,MINES OR QUARY DISASTER,47,5,0,5,61,0,61
MEGHALAYA,2013,FOOD POISIONING/ACCIDENTAL INTAKE OF INSECTICIDES ETC.,0,0,0,0,0,0,0
MEGHALAYA,2013,SPURIOUS/POISIONOUS LIQUOR,0,0,0,0,0,0,0
MEGHALAYA,2013,LEAKAGE OF POISINOUS GASES ETC.,1,0,0,0,4,0,4
MEGHALAYA,2013,SNAKE BITE/ANIMAL BITE,0,0,0,0,0,0,0
MEGHALAYA,2013,OTHER,0,0,0,0,0,0,0
MEGHALAYA,2013,STAMPEDE,0,0,0,0,0,0,0
MEGHALAYA,2013,SUFFOCATION,1,0,0,0,1,0,1
MEGHALAYA,2013,TRAFFIC ACCIDENTS(ROAD ACCIDENTS),194,116,34,150,149,21,170
MEGHALAYA,2013,TRAFFIC ACCIDENTS(RAIL-ROAD ACCIDENTS),0,0,0,0,0,0,0
MEGHALAYA,2013,OTHER RAILWAY ACCIDENTS,0,0,0,0,0,0,0
MEGHALAYA,2013,OTHER,30,0,0,0,28,11,39
MEGHALAYA,2013,CAUSES NOT KNOWN,77,0,0,0,60,13,73
MEGHALAYA,2013,TOTAL,483,127,34,161,407,77,484
MEGHALAYA,2013,TOTAL COLLAPSE,3,3,0,3,3,0,3
MEGHALAYA,2013,TOTAL DROWNING,47,3,0,3,37,7,44
MEGHALAYA,2013,TOTAL EXPLOSION,0,0,0,0,0,0,0
MEGHALAYA,2013,TOTAL FALLS,18,0,0,0,15,3,18
MEGHALAYA,2013,TOTAL FIRE,16,0,0,0,10,6,16
MEGHALAYA,2013,TOTAL SUDDEN DEATHS,34,0,0,0,25,9,34
MEGHALAYA,2013,TOTAL POISONING,1,0,0,0,4,0,4
MEGHALAYA,2013,TOTAL TRAFFIC ACCIDENTS,194,116,34,150,149,21,170
MIZORAM,2013,AIR-CRASH,0,0,0,0,0,0,0
MIZORAM,2013,COLLAPSE OF STRUCTURE(HOUSE),0,0,0,0,0,0,0
MIZORAM,2013,COLLAPSE OF STRUCTURE(BUILDING),1,3,6,9,10,7,17
MIZORAM,2013,COLLAPSE OF STRUCTURE(DAM),0,0,0,0,0,0,0
MIZORAM,2013,COLLAPSE OF STRUCTURE(BRIDGE),0,0,0,0,0,0,0
MIZORAM,2013,COLLAPSE OF STRUCTURE(OTHERS),2,0,0,0,2,0,2
MIZORAM,2013,DROWNING(BOAT CAPSIZE),19,0,0,0,18,1,19
MIZORAM,2013,DROWNING(OTHER),16,0,0,0,16,2,18
MIZORAM,2013,ELECTROCUTION,5,0,0,0,5,0,5
MIZORAM,2013,EXPLOSION(BOMB EXPLOSION),0,0,0,0,0,0,0
MIZORAM,2013,EXPLOSION(OTHER EXPLOSION LIKE BOIL,0,0,0,0,0,0,0
MIZORAM,2013,FALLS(FALL FROM HEIGHT),16,0,0,0,15,1,16
MIZORAM,2013,FALL INTO PIT/MANHOLE,0,0,0,0,0,0,0
MIZORAM,2013,FACTORY/MACHINE ACCIDENTS,0,0,0,0,0,0,0
MIZORAM,2013,FIRE(FIREWORKS/CRACKERS),0,0,0,0,0,0,0
MIZORAM,2013,FIRE(SHORT-CIRCUIT),0,0,0,0,0,0,0
MIZORAM,2013,GAS CYLINDER/STOVE BURST,0,0,0,0,0,0,0
MIZORAM,2013,OTHER FIRE ACCIDENTS,2,0,0,0,1,1,2
MIZORAM,2013,FIRE-ARMS,2,0,0,0,2,0,2
MIZORAM,2013,SUDDEN DEATHS(HEART ATTACKS),5,0,0,0,5,0,5
MIZORAM,2013,EPILEPTIC FITS/GIDDINESS,0,0,0,0,0,0,0
MIZORAM,2013,ABORTIONS/CHILD BIRTH,0,0,0,0,0,0,0
MIZORAM,2013,INFLUENCE OF ALCOHOL,2,0,0,0,2,0,2
MIZORAM,2013,KILLED BY ANIMALS,0,0,0,0,0,0,0
MIZORAM,2013,MINES OR QUARY DISASTER,4,0,0,0,3,1,4
MIZORAM,2013,FOOD POISIONING/ACCIDENTAL INTAKE OF INSECTICIDES ETC.,1,0,0,0,1,0,1
MIZORAM,2013,SPURIOUS/POISIONOUS LIQUOR,0,0,0,0,0,0,0
MIZORAM,2013,LEAKAGE OF POISINOUS GASES ETC.,0,0,0,0,0,0,0
MIZORAM,2013,SNAKE BITE/ANIMAL BITE,0,0,0,0,0,0,0
MIZORAM,2013,OTHER,0,0,0,0,0,0,0
MIZORAM,2013,STAMPEDE,0,0,0,0,0,0,0
MIZORAM,2013,SUFFOCATION,0,0,0,0,0,0,0
MIZORAM,2013,TRAFFIC ACCIDENTS(ROAD ACCIDENTS),114,166,98,264,78,19,97
MIZORAM,2013,TRAFFIC ACCIDENTS(RAIL-ROAD ACCIDENTS),0,0,0,0,0,0,0
MIZORAM,2013,OTHER RAILWAY ACCIDENTS,0,0,0,0,0,0,0
MIZORAM,2013,OTHER,24,0,0,0,21,6,27
MIZORAM,2013,CAUSES NOT KNOWN,21,0,0,0,19,2,21
MIZORAM,2013,TOTAL,234,169,104,273,198,40,238
MIZORAM,2013,TOTAL COLLAPSE,3,3,6,9,12,7,19
MIZORAM,2013,TOTAL DROWNING,35,0,0,0,34,3,37
MIZORAM,2013,TOTAL EXPLOSION,0,0,0,0,0,0,0
MIZORAM,2013,TOTAL FALLS,16,0,0,0,15,1,16
MIZORAM,2013,TOTAL FIRE,2,0,0,0,1,1,2
MIZORAM,2013,TOTAL SUDDEN DEATHS,7,0,0,0,7,0,7
MIZORAM,2013,TOTAL POISONING,1,0,0,0,1,0,1
MIZORAM,2013,TOTAL TRAFFIC ACCIDENTS,114,166,98,264,78,19,97
NAGALAND,2013,AIR-CRASH,0,0,0,0,0,0,0
NAGALAND,2013,COLLAPSE OF STRUCTURE(HOUSE),0,0,0,0,0,0,0
NAGALAND,2013,COLLAPSE OF STRUCTURE(BUILDING),0,0,0,0,0,0,0
NAGALAND,2013,COLLAPSE OF STRUCTURE(DAM),0,0,0,0,0,0,0
NAGALAND,2013,COLLAPSE OF STRUCTURE(BRIDGE),0,0,0,0,0,0,0
NAGALAND,2013,COLLAPSE OF STRUCTURE(OTHERS),0,0,0,0,0,0,0
NAGALAND,2013,DROWNING(BOAT CAPSIZE),0,0,0,0,0,0,0
NAGALAND,2013,DROWNING(OTHER),5,0,0,0,5,1,6
NAGALAND,2013,ELECTROCUTION,2,0,0,0,3,0,3
NAGALAND,2013,EXPLOSION(BOMB EXPLOSION),0,0,0,0,0,0,0
NAGALAND,2013,EXPLOSION(OTHER EXPLOSION LIKE BOIL,0,0,0,0,0,0,0
NAGALAND,2013,FALLS(FALL FROM HEIGHT),3,0,0,0,3,0,3
NAGALAND,2013,FALL INTO PIT/MANHOLE,0,0,0,0,0,0,0
NAGALAND,2013,FACTORY/MACHINE ACCIDENTS,0,0,0,0,0,0,0
NAGALAND,2013,FIRE(FIREWORKS/CRACKERS),0,0,0,0,0,0,0
NAGALAND,2013,FIRE(SHORT-CIRCUIT),0,0,0,0,0,0,0
NAGALAND,2013,GAS CYLINDER/STOVE BURST,0,0,0,0,0,0,0
NAGALAND,2013,OTHER FIRE ACCIDENTS,0,0,0,0,0,0,0
NAGALAND,2013,FIRE-ARMS,1,0,0,0,1,0,1
NAGALAND,2013,SUDDEN DEATHS(HEART ATTACKS),1,0,0,0,1,0,1
NAGALAND,2013,EPILEPTIC FITS/GIDDINESS,0,0,0,0,0,0,0
NAGALAND,2013,ABORTIONS/CHILD BIRTH,0,0,0,0,0,0,0
NAGALAND,2013,INFLUENCE OF ALCOHOL,0,0,0,0,0,0,0
NAGALAND,2013,KILLED BY ANIMALS,1,0,0,0,1,0,1
NAGALAND,2013,MINES OR QUARY DISASTER,0,0,0,0,0,0,0
NAGALAND,2013,FOOD POISIONING/ACCIDENTAL INTAKE OF INSECTICIDES ETC.,0,0,0,0,0,0,0
NAGALAND,2013,SPURIOUS/POISIONOUS LIQUOR,0,0,0,0,0,0,0
NAGALAND,2013,LEAKAGE OF POISINOUS GASES ETC.,0,0,0,0,0,0,0
NAGALAND,2013,SNAKE BITE/ANIMAL BITE,0,0,0,0,0,0,0
NAGALAND,2013,OTHER,0,0,0,0,0,0,0
NAGALAND,2013,STAMPEDE,0,0,0,0,0,0,0
NAGALAND,2013,SUFFOCATION,0,0,0,0,0,0,0
NAGALAND,2013,TRAFFIC ACCIDENTS(ROAD ACCIDENTS),39,56,17,73,31,4,35
NAGALAND,2013,TRAFFIC ACCIDENTS(RAIL-ROAD ACCIDENTS),0,0,0,0,0,0,0
NAGALAND,2013,OTHER RAILWAY ACCIDENTS,5,0,0,0,5,0,5
NAGALAND,2013,OTHER,0,0,0,0,0,0,0
NAGALAND,2013,CAUSES NOT KNOWN,12,0,0,0,8,4,12
NAGALAND,2013,TOTAL,69,56,17,73,58,9,67
NAGALAND,2013,TOTAL COLLAPSE,0,0,0,0,0,0,0
NAGALAND,2013,TOTAL DROWNING,5,0,0,0,5,1,6
NAGALAND,2013,TOTAL EXPLOSION,0,0,0,0,0,0,0
NAGALAND,2013,TOTAL FALLS,3,0,0,0,3,0,3
NAGALAND,2013,TOTAL FIRE,0,0,0,0,0,0,0
NAGALAND,2013,TOTAL SUDDEN DEATHS,1,0,0,0,1,0,1
NAGALAND,2013,TOTAL POISONING,0,0,0,0,0,0,0
NAGALAND,2013,TOTAL TRAFFIC ACCIDENTS,44,56,17,73,36,4,40
ODISHA,2013,AIR-CRASH,0,0,0,0,0,0,0
ODISHA,2013,COLLAPSE OF STRUCTURE(HOUSE),16,3,2,5,8,10,18
ODISHA,2013,COLLAPSE OF STRUCTURE(BUILDING),2,0,0,0,2,0,2
ODISHA,2013,COLLAPSE OF STRUCTURE(DAM),0,0,0,0,0,0,0
ODISHA,2013,COLLAPSE OF STRUCTURE(BRIDGE),0,0,0,0,0,0,0
ODISHA,2013,COLLAPSE OF STRUCTURE(OTHERS),39,0,0,0,24,16,40
ODISHA,2013,DROWNING(BOAT CAPSIZE),38,10,6,16,29,13,42
ODISHA,2013,DROWNING(OTHER),663,14,5,19,491,184,675
ODISHA,2013,ELECTROCUTION,180,0,0,0,156,25,181
ODISHA,2013,EXPLOSION(BOMB EXPLOSION),0,0,0,0,0,0,0
ODISHA,2013,EXPLOSION(OTHER EXPLOSION LIKE BOIL,0,0,0,0,0,0,0
ODISHA,2013,FALLS(FALL FROM HEIGHT),460,1,1,2,369,92,461
ODISHA,2013,FALL INTO PIT/MANHOLE,64,0,0,0,54,10,64
ODISHA,2013,FACTORY/MACHINE ACCIDENTS,37,15,0,15,28,3,31
ODISHA,2013,FIRE(FIREWORKS/CRACKERS),35,1,0,1,27,9,36
ODISHA,2013,FIRE(SHORT-CIRCUIT),120,0,0,0,96,24,120
ODISHA,2013,GAS CYLINDER/STOVE BURST,26,0,0,0,11,17,28
ODISHA,2013,OTHER FIRE ACCIDENTS,388,0,0,0,173,218,391
ODISHA,2013,FIRE-ARMS,0,0,0,0,0,0,0
ODISHA,2013,SUDDEN DEATHS(HEART ATTACKS),147,0,0,0,122,28,150
ODISHA,2013,EPILEPTIC FITS/GIDDINESS,79,0,0,0,49,30,79
ODISHA,2013,ABORTIONS/CHILD BIRTH,8,0,0,0,0,8,8
ODISHA,2013,INFLUENCE OF ALCOHOL,20,0,0,0,20,0,20
ODISHA,2013,KILLED BY ANIMALS,105,0,0,0,88,21,109
ODISHA,2013,MINES OR QUARY DISASTER,0,0,0,0,0,0,0
ODISHA,2013,FOOD POISIONING/ACCIDENTAL INTAKE OF INSECTICIDES ETC.,139,5,2,7,91,50,141
ODISHA,2013,SPURIOUS/POISIONOUS LIQUOR,10,0,0,0,10,0,10
ODISHA,2013,LEAKAGE OF POISINOUS GASES ETC.,8,0,0,0,5,3,8
ODISHA,2013,SNAKE BITE/ANIMAL BITE,516,3,4,7,329,189,518
ODISHA,2013,OTHER,1068,0,0,0,708,360,1068
ODISHA,2013,STAMPEDE,0,0,0,0,0,0,0
ODISHA,2013,SUFFOCATION,4,0,0,0,5,2,7
ODISHA,2013,TRAFFIC ACCIDENTS(ROAD ACCIDENTS),9680,9305,1949,11254,3472,590,4062
ODISHA,2013,TRAFFIC ACCIDENTS(RAIL-ROAD ACCIDENTS),187,0,0,0,165,24,189
ODISHA,2013,OTHER RAILWAY ACCIDENTS,245,0,0,0,209,49,258
ODISHA,2013,OTHER,966,0,0,0,657,310,967
ODISHA,2013,CAUSES NOT KNOWN,1903,0,0,0,1414,489,1903
ODISHA,2013,TOTAL,17153,9357,1969,11326,8812,2774,11586
ODISHA,2013,TOTAL COLLAPSE,57,3,2,5,34,26,60
ODISHA,2013,TOTAL DROWNING,701,24,11,35,520,197,717
ODISHA,2013,TOTAL EXPLOSION,0,0,0,0,0,0,0
ODISHA,2013,TOTAL FALLS,524,1,1,2,423,102,525
ODISHA,2013,TOTAL FIRE,569,1,0,1,307,268,575
ODISHA,2013,TOTAL SUDDEN DEATHS,254,0,0,0,191,66,257
ODISHA,2013,TOTAL POISONING,1741,8,6,14,1143,602,1745
ODISHA,2013,TOTAL TRAFFIC ACCIDENTS,10112,9305,1949,11254,3846,663,4509
PUNJAB,2013,AIR-CRASH,0,0,0,0,0,0,0
PUNJAB,2013,COLLAPSE OF STRUCTURE(HOUSE),16,1,2,3,14,4,18
PUNJAB,2013,COLLAPSE OF STRUCTURE(BUILDING),3,0,0,0,2,1,3
PUNJAB,2013,COLLAPSE OF STRUCTURE(DAM),0,0,0,0,0,0,0
PUNJAB,2013,COLLAPSE OF STRUCTURE(BRIDGE),1,0,0,0,1,0,1
PUNJAB,2013,COLLAPSE OF STRUCTURE(OTHERS),47,0,0,0,39,8,47
PUNJAB,2013,DROWNING(BOAT CAPSIZE),3,0,0,0,3,0,3
PUNJAB,2013,DROWNING(OTHER),556,4,0,4,481,75,556
PUNJAB,2013,ELECTROCUTION,265,6,0,6,248,20,268
PUNJAB,2013,EXPLOSION(BOMB EXPLOSION),1,0,0,0,1,0,1
PUNJAB,2013,EXPLOSION(OTHER EXPLOSION LIKE BOIL,20,8,3,11,6,4,10
PUNJAB,2013,FALLS(FALL FROM HEIGHT),193,1,0,1,174,18,192
PUNJAB,2013,FALL INTO PIT/MANHOLE,40,2,0,2,36,4,40
PUNJAB,2013,FACTORY/MACHINE ACCIDENTS,43,3,1,4,38,5,43
PUNJAB,2013,FIRE(FIREWORKS/CRACKERS),13,0,0,0,7,6,13
PUNJAB,2013,FIRE(SHORT-CIRCUIT),64,5,0,5,60,7,67
PUNJAB,2013,GAS CYLINDER/STOVE BURST,129,4,6,10,33,104,137
PUNJAB,2013,OTHER FIRE ACCIDENTS,141,8,1,9,70,79,149
PUNJAB,2013,FIRE-ARMS,30,4,0,4,26,4,30
PUNJAB,2013,SUDDEN DEATHS(HEART ATTACKS),666,0,0,0,604,62,666
PUNJAB,2013,EPILEPTIC FITS/GIDDINESS,126,0,0,0,110,16,126
PUNJAB,2013,ABORTIONS/CHILD BIRTH,6,0,0,0,0,6,6
PUNJAB,2013,INFLUENCE OF ALCOHOL,235,0,0,0,234,1,235
PUNJAB,2013,KILLED BY ANIMALS,17,0,0,0,14,3,17
PUNJAB,2013,MINES OR QUARY DISASTER,2,0,0,0,2,0,2
PUNJAB,2013,FOOD POISIONING/ACCIDENTAL INTAKE OF INSECTICIDES ETC.,366,0,0,0,257,110,367
PUNJAB,2013,SPURIOUS/POISIONOUS LIQUOR,44,0,0,0,38,6,44
PUNJAB,2013,LEAKAGE OF POISINOUS GASES ETC.,3,0,0,0,3,0,3
PUNJAB,2013,SNAKE BITE/ANIMAL BITE,63,0,0,0,53,10,63
PUNJAB,2013,OTHER,407,4,2,6,319,85,404
PUNJAB,2013,STAMPEDE,0,0,0,0,0,0,0
PUNJAB,2013,SUFFOCATION,14,0,0,0,12,2,14
PUNJAB,2013,TRAFFIC ACCIDENTS(ROAD ACCIDENTS),6323,3641,742,4383,3921,667,4588
PUNJAB,2013,TRAFFIC ACCIDENTS(RAIL-ROAD ACCIDENTS),6,0,0,0,7,3,10
PUNJAB,2013,OTHER RAILWAY ACCIDENTS,967,0,0,0,869,98,967
PUNJAB,2013,OTHER,641,4,1,5,555,88,643
PUNJAB,2013,CAUSES NOT KNOWN,83,0,0,0,74,9,83
PUNJAB,2013,TOTAL,11534,3695,758,4453,8311,1505,9816
PUNJAB,2013,TOTAL COLLAPSE,67,1,2,3,56,13,69
PUNJAB,2013,TOTAL DROWNING,559,4,0,4,484,75,559
PUNJAB,2013,TOTAL EXPLOSION,21,8,3,11,7,4,11
PUNJAB,2013,TOTAL FALLS,233,3,0,3,210,22,232
PUNJAB,2013,TOTAL FIRE,347,17,7,24,170,196,366
PUNJAB,2013,TOTAL SUDDEN DEATHS,1033,0,0,0,948,85,1033
PUNJAB,2013,TOTAL POISONING,883,4,2,6,670,211,881
PUNJAB,2013,TOTAL TRAFFIC ACCIDENTS,7296,3641,742,4383,4797,768,5565
RAJASTHAN,2013,AIR-CRASH,1,0,0,0,1,0,1
RAJASTHAN,2013,COLLAPSE OF STRUCTURE(HOUSE),56,5,4,9,49,14,63
RAJASTHAN,2013,COLLAPSE OF STRUCTURE(BUILDING),8,1,2,3,7,1,8
RAJASTHAN,2013,COLLAPSE OF STRUCTURE(DAM),0,0,0,0,0,0,0
RAJASTHAN,2013,COLLAPSE OF STRUCTURE(BRIDGE),0,0,0,0,0,0,0
RAJASTHAN,2013,COLLAPSE OF STRUCTURE(OTHERS),80,9,7,16,59,22,81
RAJASTHAN,2013,DROWNING(BOAT CAPSIZE),5,0,0,0,5,0,5
RAJASTHAN,2013,DROWNING(OTHER),1570,3,2,5,1243,394,1637
RAJASTHAN,2013,ELECTROCUTION,889,8,3,11,764,130,894
RAJASTHAN,2013,EXPLOSION(BOMB EXPLOSION),1,0,0,0,1,0,1
RAJASTHAN,2013,EXPLOSION(OTHER EXPLOSION LIKE BOIL,31,1,0,1,20,12,32
RAJASTHAN,2013,FALLS(FALL FROM HEIGHT),612,0,0,0,523,92,615
RAJASTHAN,2013,FALL INTO PIT/MANHOLE,160,2,0,2,134,27,161
RAJASTHAN,2013,FACTORY/MACHINE ACCIDENTS,127,0,0,0,112,15,127
RAJASTHAN,2013,FIRE(FIREWORKS/CRACKERS),9,0,0,0,9,0,9
RAJASTHAN,2013,FIRE(SHORT-CIRCUIT),41,2,1,3,30,13,43
RAJASTHAN,2013,GAS CYLINDER/STOVE BURST,190,3,2,5,43,150,193
RAJASTHAN,2013,OTHER FIRE ACCIDENTS,653,7,3,10,302,361,663
RAJASTHAN,2013,FIRE-ARMS,7,0,0,0,7,0,7
RAJASTHAN,2013,SUDDEN DEATHS(HEART ATTACKS),667,0,0,0,569,98,667
RAJASTHAN,2013,EPILEPTIC FITS/GIDDINESS,154,0,0,0,116,38,154
RAJASTHAN,2013,ABORTIONS/CHILD BIRTH,18,0,0,0,0,18,18
RAJASTHAN,2013,INFLUENCE OF ALCOHOL,274,0,0,0,270,6,276
RAJASTHAN,2013,KILLED BY ANIMALS,52,3,1,4,37,15,52
RAJASTHAN,2013,MINES OR QUARY DISASTER,67,9,6,15,59,16,75
RAJASTHAN,2013,FOOD POISIONING/ACCIDENTAL INTAKE OF INSECTICIDES ETC.,648,2,0,2,426,231,657
RAJASTHAN,2013,SPURIOUS/POISIONOUS LIQUOR,0,0,0,0,0,0,0
RAJASTHAN,2013,LEAKAGE OF POISINOUS GASES ETC.,0,0,0,0,0,0,0
RAJASTHAN,2013,SNAKE BITE/ANIMAL BITE,561,0,0,0,361,203,564
RAJASTHAN,2013,OTHER,465,0,0,0,337,134,471
RAJASTHAN,2013,STAMPEDE,0,0,0,0,0,0,0
RAJASTHAN,2013,SUFFOCATION,46,0,0,0,37,11,48
RAJASTHAN,2013,TRAFFIC ACCIDENTS(ROAD ACCIDENTS),23586,21914,5323,27237,8468,1256,9724
RAJASTHAN,2013,TRAFFIC ACCIDENTS(RAIL-ROAD ACCIDENTS),41,5,0,5,34,5,39
RAJASTHAN,2013,OTHER RAILWAY ACCIDENTS,300,0,0,0,261,44,305
RAJASTHAN,2013,OTHER,2813,0,0,0,2126,700,2826
RAJASTHAN,2013,CAUSES NOT KNOWN,1597,9,8,17,1266,336,1602
RAJASTHAN,2013,TOTAL,35729,21983,5362,27345,17676,4342,22018
RAJASTHAN,2013,TOTAL COLLAPSE,144,15,13,28,115,37,152
RAJASTHAN,2013,TOTAL DROWNING,1575,3,2,5,1248,394,1642
RAJASTHAN,2013,TOTAL EXPLOSION,32,1,0,1,21,12,33
RAJASTHAN,2013,TOTAL FALLS,772,2,0,2,657,119,776
RAJASTHAN,2013,TOTAL FIRE,893,12,6,18,384,524,908
RAJASTHAN,2013,TOTAL SUDDEN DEATHS,1113,0,0,0,955,160,1115
RAJASTHAN,2013,TOTAL POISONING,1674,2,0,2,1124,568,1692
RAJASTHAN,2013,TOTAL TRAFFIC ACCIDENTS,23927,21919,5323,27242,8763,1305,10068
SIKKIM,2013,AIR-CRASH,0,0,0,0,0,0,0
SIKKIM,2013,COLLAPSE OF STRUCTURE(HOUSE),0,0,0,0,0,0,0
SIKKIM,2013,COLLAPSE OF STRUCTURE(BUILDING),0,0,0,0,0,0,0
SIKKIM,2013,COLLAPSE OF STRUCTURE(DAM),0,0,0,0,0,0,0
SIKKIM,2013,COLLAPSE OF STRUCTURE(BRIDGE),0,0,0,0,0,0,0
SIKKIM,2013,COLLAPSE OF STRUCTURE(OTHERS),0,0,0,0,0,0,0
SIKKIM,2013,DROWNING(BOAT CAPSIZE),0,0,0,0,0,0,0
SIKKIM,2013,DROWNING(OTHER),39,0,0,0,31,8,39
SIKKIM,2013,ELECTROCUTION,2,0,0,0,2,0,2
SIKKIM,2013,EXPLOSION(BOMB EXPLOSION),0,0,0,0,0,0,0
SIKKIM,2013,EXPLOSION(OTHER EXPLOSION LIKE BOIL,0,0,0,0,0,0,0
SIKKIM,2013,FALLS(FALL FROM HEIGHT),58,0,0,0,46,12,58
SIKKIM,2013,FALL INTO PIT/MANHOLE,0,0,0,0,0,0,0
SIKKIM,2013,FACTORY/MACHINE ACCIDENTS,0,0,0,0,0,0,0
SIKKIM,2013,FIRE(FIREWORKS/CRACKERS),0,0,0,0,0,0,0
SIKKIM,2013,FIRE(SHORT-CIRCUIT),0,0,0,0,0,0,0
SIKKIM,2013,GAS CYLINDER/STOVE BURST,0,0,0,0,0,0,0
SIKKIM,2013,OTHER FIRE ACCIDENTS,10,0,0,0,4,6,10
SIKKIM,2013,FIRE-ARMS,0,0,0,0,0,0,0
SIKKIM,2013,SUDDEN DEATHS(HEART ATTACKS),5,0,0,0,4,1,5
SIKKIM,2013,EPILEPTIC FITS/GIDDINESS,0,0,0,0,0,0,0
SIKKIM,2013,ABORTIONS/CHILD BIRTH,0,0,0,0,0,0,0
SIKKIM,2013,INFLUENCE OF ALCOHOL,14,0,0,0,13,1,14
SIKKIM,2013,KILLED BY ANIMALS,0,0,0,0,0,0,0
SIKKIM,2013,MINES OR QUARY DISASTER,0,0,0,0,0,0,0
SIKKIM,2013,FOOD POISIONING/ACCIDENTAL INTAKE OF INSECTICIDES ETC.,0,0,0,0,0,0,0
SIKKIM,2013,SPURIOUS/POISIONOUS LIQUOR,0,0,0,0,0,0,0
SIKKIM,2013,LEAKAGE OF POISINOUS GASES ETC.,0,0,0,0,0,0,0
SIKKIM,2013,SNAKE BITE/ANIMAL BITE,0,0,0,0,0,0,0
SIKKIM,2013,OTHER,0,0,0,0,0,0,0
SIKKIM,2013,STAMPEDE,0,0,0,0,0,0,0
SIKKIM,2013,SUFFOCATION,0,0,0,0,0,0,0
SIKKIM,2013,TRAFFIC ACCIDENTS(ROAD ACCIDENTS),244,319,90,409,58,10,68
SIKKIM,2013,TRAFFIC ACCIDENTS(RAIL-ROAD ACCIDENTS),0,0,0,0,0,0,0
SIKKIM,2013,OTHER RAILWAY ACCIDENTS,0,0,0,0,0,0,0
SIKKIM,2013,OTHER,31,0,0,0,25,6,31
SIKKIM,2013,CAUSES NOT KNOWN,79,0,0,0,69,10,79
SIKKIM,2013,TOTAL,482,319,90,409,252,54,306
SIKKIM,2013,TOTAL COLLAPSE,0,0,0,0,0,0,0
SIKKIM,2013,TOTAL DROWNING,39,0,0,0,31,8,39
SIKKIM,2013,TOTAL EXPLOSION,0,0,0,0,0,0,0
SIKKIM,2013,TOTAL FALLS,58,0,0,0,46,12,58
SIKKIM,2013,TOTAL FIRE,10,0,0,0,4,6,10
SIKKIM,2013,TOTAL SUDDEN DEATHS,19,0,0,0,17,2,19
SIKKIM,2013,TOTAL POISONING,0,0,0,0,0,0,0
SIKKIM,2013,TOTAL TRAFFIC ACCIDENTS,244,319,90,409,58,10,68
TAMIL NADU,2013,AIR-CRASH,0,0,0,0,0,0,0
TAMIL NADU,2013,COLLAPSE OF STRUCTURE(HOUSE),28,1,0,1,20,12,32
TAMIL NADU,2013,COLLAPSE OF STRUCTURE(BUILDING),37,6,0,6,28,9,37
TAMIL NADU,2013,COLLAPSE OF STRUCTURE(DAM),0,0,0,0,0,0,0
TAMIL NADU,2013,COLLAPSE OF STRUCTURE(BRIDGE),0,0,0,0,0,0,0
TAMIL NADU,2013,COLLAPSE OF STRUCTURE(OTHERS),131,31,1,32,76,34,110
TAMIL NADU,2013,DROWNING(BOAT CAPSIZE),21,6,0,6,19,0,19
TAMIL NADU,2013,DROWNING(OTHER),1658,4,3,7,1402,296,1698
TAMIL NADU,2013,ELECTROCUTION,519,0,0,0,460,66,526
TAMIL NADU,2013,EXPLOSION(BOMB EXPLOSION),1,0,0,0,1,0,1
TAMIL NADU,2013,EXPLOSION(OTHER EXPLOSION LIKE BOIL,16,2,0,2,10,5,15
TAMIL NADU,2013,FALLS(FALL FROM HEIGHT),877,14,2,16,757,109,866
TAMIL NADU,2013,FALL INTO PIT/MANHOLE,100,0,0,0,88,15,103
TAMIL NADU,2013,FACTORY/MACHINE ACCIDENTS,46,11,3,14,29,7,36
TAMIL NADU,2013,FIRE(FIREWORKS/CRACKERS),13,8,0,8,18,5,23
TAMIL NADU,2013,FIRE(SHORT-CIRCUIT),154,1,0,1,126,31,157
TAMIL NADU,2013,GAS CYLINDER/STOVE BURST,623,6,39,45,144,452,596
TAMIL NADU,2013,OTHER FIRE ACCIDENTS,1211,27,15,42,470,723,1193
TAMIL NADU,2013,FIRE-ARMS,0,0,0,0,0,0,0
TAMIL NADU,2013,SUDDEN DEATHS(HEART ATTACKS),1492,0,0,0,1322,171,1493
TAMIL NADU,2013,EPILEPTIC FITS/GIDDINESS,705,0,0,0,554,151,705
TAMIL NADU,2013,ABORTIONS/CHILD BIRTH,45,0,0,0,0,45,45
TAMIL NADU,2013,INFLUENCE OF ALCOHOL,432,0,0,0,425,7,432
TAMIL NADU,2013,KILLED BY ANIMALS,51,0,0,0,37,14,51
TAMIL NADU,2013,MINES OR QUARY DISASTER,5,0,0,0,5,0,5
TAMIL NADU,2013,FOOD POISIONING/ACCIDENTAL INTAKE OF INSECTICIDES ETC.,210,0,0,0,153,58,211
TAMIL NADU,2013,SPURIOUS/POISIONOUS LIQUOR,0,0,0,0,0,0,0
TAMIL NADU,2013,LEAKAGE OF POISINOUS GASES ETC.,4,0,0,0,4,0,4
TAMIL NADU,2013,SNAKE BITE/ANIMAL BITE,610,0,0,0,384,226,610
TAMIL NADU,2013,OTHER,1876,0,0,0,1336,553,1889
TAMIL NADU,2013,STAMPEDE,47,0,0,0,39,8,47
TAMIL NADU,2013,SUFFOCATION,40,0,0,0,31,11,42
TAMIL NADU,2013,TRAFFIC ACCIDENTS(ROAD ACCIDENTS),66238,60309,15372,75681,13438,2125,15563
TAMIL NADU,2013,TRAFFIC ACCIDENTS(RAIL-ROAD ACCIDENTS),0,0,0,0,0,0,0
TAMIL NADU,2013,OTHER RAILWAY ACCIDENTS,1978,60,3,63,1694,277,1971
TAMIL NADU,2013,OTHER,3517,3,1,4,2404,1137,3541
TAMIL NADU,2013,CAUSES NOT KNOWN,1143,0,0,0,937,220,1157
TAMIL NADU,2013,TOTAL,83828,60489,15439,75928,26411,6767,33178
TAMIL NADU,2013,TOTAL COLLAPSE,196,38,1,39,124,55,179
TAMIL NADU,2013,TOTAL DROWNING,1679,10,3,13,1421,296,1717
TAMIL NADU,2013,TOTAL EXPLOSION,17,2,0,2,11,5,16
TAMIL NADU,2013,TOTAL FALLS,977,14,2,16,845,124,969
TAMIL NADU,2013,TOTAL FIRE,2001,42,54,96,758,1211,1969
TAMIL NADU,2013,TOTAL SUDDEN DEATHS,2674,0,0,0,2301,374,2675
TAMIL NADU,2013,TOTAL POISONING,2700,0,0,0,1877,837,2714
TAMIL NADU,2013,TOTAL TRAFFIC ACCIDENTS,68216,60369,15375,75744,15132,2402,17534
TRIPURA,2013,AIR-CRASH,0,0,0,0,0,0,0
TRIPURA,2013,COLLAPSE OF STRUCTURE(HOUSE),1,0,0,0,1,0,1
TRIPURA,2013,COLLAPSE OF STRUCTURE(BUILDING),1,0,0,0,3,0,3
TRIPURA,2013,COLLAPSE OF STRUCTURE(DAM),0,0,0,0,0,0,0
TRIPURA,2013,COLLAPSE OF STRUCTURE(BRIDGE),0,0,0,0,0,0,0
TRIPURA,2013,COLLAPSE OF STRUCTURE(OTHERS),9,0,0,0,7,2,9
TRIPURA,2013,DROWNING(BOAT CAPSIZE),0,0,0,0,0,0,0
TRIPURA,2013,DROWNING(OTHER),63,0,0,0,41,22,63
TRIPURA,2013,ELECTROCUTION,21,0,0,0,17,4,21
TRIPURA,2013,EXPLOSION(BOMB EXPLOSION),0,0,0,0,0,0,0
TRIPURA,2013,EXPLOSION(OTHER EXPLOSION LIKE BOIL,0,0,0,0,0,0,0
TRIPURA,2013,FALLS(FALL FROM HEIGHT),10,0,0,0,8,2,10
TRIPURA,2013,FALL INTO PIT/MANHOLE,1,0,0,0,0,1,1
TRIPURA,2013,FACTORY/MACHINE ACCIDENTS,0,0,0,0,0,0,0
TRIPURA,2013,FIRE(FIREWORKS/CRACKERS),0,0,0,0,0,0,0
TRIPURA,2013,FIRE(SHORT-CIRCUIT),4,0,0,0,4,0,4
TRIPURA,2013,GAS CYLINDER/STOVE BURST,0,0,0,0,0,0,0
TRIPURA,2013,OTHER FIRE ACCIDENTS,31,0,0,0,8,23,31
TRIPURA,2013,FIRE-ARMS,1,0,0,0,1,0,1
TRIPURA,2013,SUDDEN DEATHS(HEART ATTACKS),50,0,0,0,39,11,50
TRIPURA,2013,EPILEPTIC FITS/GIDDINESS,16,0,0,0,13,3,16
TRIPURA,2013,ABORTIONS/CHILD BIRTH,2,0,0,0,0,2,2
TRIPURA,2013,INFLUENCE OF ALCOHOL,7,0,0,0,7,0,7
TRIPURA,2013,KILLED BY ANIMALS,0,0,0,0,0,0,0
TRIPURA,2013,MINES OR QUARY DISASTER,0,0,0,0,0,0,0
TRIPURA,2013,FOOD POISIONING/ACCIDENTAL INTAKE OF INSECTICIDES ETC.,0,0,0,0,0,0,0
TRIPURA,2013,SPURIOUS/POISIONOUS LIQUOR,10,0,0,0,5,5,10
TRIPURA,2013,LEAKAGE OF POISINOUS GASES ETC.,0,0,0,0,0,0,0
TRIPURA,2013,SNAKE BITE/ANIMAL BITE,1,0,0,0,0,1,1
TRIPURA,2013,OTHER,23,0,0,0,13,10,23
TRIPURA,2013,STAMPEDE,0,0,0,0,0,0,0
TRIPURA,2013,SUFFOCATION,0,0,0,0,0,0,0
TRIPURA,2013,TRAFFIC ACCIDENTS(ROAD ACCIDENTS),818,994,283,1277,198,28,226
TRIPURA,2013,TRAFFIC ACCIDENTS(RAIL-ROAD ACCIDENTS),0,0,0,0,0,0,0
TRIPURA,2013,OTHER RAILWAY ACCIDENTS,0,0,0,0,0,0,0
TRIPURA,2013,OTHER,64,0,0,0,48,19,67
TRIPURA,2013,CAUSES NOT KNOWN,48,0,0,0,39,14,53
TRIPURA,2013,TOTAL,1181,994,283,1277,452,147,599
TRIPURA,2013,TOTAL COLLAPSE,11,0,0,0,11,2,13
TRIPURA,2013,TOTAL DROWNING,63,0,0,0,41,22,63
TRIPURA,2013,TOTAL EXPLOSION,0,0,0,0,0,0,0
TRIPURA,2013,TOTAL FALLS,11,0,0,0,8,3,11
TRIPURA,2013,TOTAL FIRE,35,0,0,0,12,23,35
TRIPURA,2013,TOTAL SUDDEN DEATHS,75,0,0,0,59,16,75
TRIPURA,2013,TOTAL POISONING,34,0,0,0,18,16,34
TRIPURA,2013,TOTAL TRAFFIC ACCIDENTS,818,994,283,1277,198,28,226
UTTAR PRADESH,2013,AIR-CRASH,3,4,5,9,7,8,15
UTTAR PRADESH,2013,COLLAPSE OF STRUCTURE(HOUSE),217,58,33,91,132,82,214
UTTAR PRADESH,2013,COLLAPSE OF STRUCTURE(BUILDING),64,17,2,19,38,27,65
UTTAR PRADESH,2013,COLLAPSE OF STRUCTURE(DAM),2,0,0,0,1,1,2
UTTAR PRADESH,2013,COLLAPSE OF STRUCTURE(BRIDGE),4,21,0,21,7,1,8
UTTAR PRADESH,2013,COLLAPSE OF STRUCTURE(OTHERS),161,22,12,34,121,38,159
UTTAR PRADESH,2013,DROWNING(BOAT CAPSIZE),114,13,5,18,118,34,152
UTTAR PRADESH,2013,DROWNING(OTHER),1187,99,22,121,944,235,1179
UTTAR PRADESH,2013,ELECTROCUTION,639,59,9,68,539,80,619
UTTAR PRADESH,2013,EXPLOSION(BOMB EXPLOSION),7,2,0,2,5,1,6
UTTAR PRADESH,2013,EXPLOSION(OTHER EXPLOSION LIKE BOIL,43,16,6,22,21,18,39
UTTAR PRADESH,2013,FALLS(FALL FROM HEIGHT),337,27,5,32,269,44,313
UTTAR PRADESH,2013,FALL INTO PIT/MANHOLE,133,10,4,14,110,14,124
UTTAR PRADESH,2013,FACTORY/MACHINE ACCIDENTS,63,9,1,10,47,6,53
UTTAR PRADESH,2013,FIRE(FIREWORKS/CRACKERS),93,25,16,41,52,37,89
UTTAR PRADESH,2013,FIRE(SHORT-CIRCUIT),66,15,8,23,49,20,69
UTTAR PRADESH,2013,GAS CYLINDER/STOVE BURST,124,8,17,25,34,99,133
UTTAR PRADESH,2013,OTHER FIRE ACCIDENTS,1044,39,53,92,302,741,1043
UTTAR PRADESH,2013,FIRE-ARMS,832,265,41,306,595,125,720
UTTAR PRADESH,2013,SUDDEN DEATHS(HEART ATTACKS),384,14,5,19,306,69,375
UTTAR PRADESH,2013,EPILEPTIC FITS/GIDDINESS,56,4,1,5,50,10,60
UTTAR PRADESH,2013,ABORTIONS/CHILD BIRTH,77,0,4,4,0,67,67
UTTAR PRADESH,2013,INFLUENCE OF ALCOHOL,245,23,0,23,228,5,233
UTTAR PRADESH,2013,KILLED BY ANIMALS,60,8,6,14,40,17,57
UTTAR PRADESH,2013,MINES OR QUARY DISASTER,26,2,3,5,17,9,26
UTTAR PRADESH,2013,FOOD POISIONING/ACCIDENTAL INTAKE OF INSECTICIDES ETC.,563,30,12,42,333,236,569
UTTAR PRADESH,2013,SPURIOUS/POISIONOUS LIQUOR,117,9,7,16,84,26,110
UTTAR PRADESH,2013,LEAKAGE OF POISINOUS GASES ETC.,19,0,0,0,19,1,20
UTTAR PRADESH,2013,SNAKE BITE/ANIMAL BITE,208,16,6,22,143,50,193
UTTAR PRADESH,2013,OTHER,392,47,19,66,250,133,383
UTTAR PRADESH,2013,STAMPEDE,24,7,4,11,19,4,23
UTTAR PRADESH,2013,SUFFOCATION,354,2,2,4,215,175,390
UTTAR PRADESH,2013,TRAFFIC ACCIDENTS(ROAD ACCIDENTS),25975,13989,2755,16744,13076,2554,15630
UTTAR PRADESH,2013,TRAFFIC ACCIDENTS(RAIL-ROAD ACCIDENTS),701,122,28,150,527,115,642
UTTAR PRADESH,2013,OTHER RAILWAY ACCIDENTS,3341,200,37,237,2831,536,3367
UTTAR PRADESH,2013,OTHER,1591,242,107,349,1253,381,1634
UTTAR PRADESH,2013,CAUSES NOT KNOWN,1367,97,28,125,1034,322,1356
UTTAR PRADESH,2013,TOTAL,40633,15521,3263,18784,23816,6321,30137
UTTAR PRADESH,2013,TOTAL COLLAPSE,448,118,47,165,299,149,448
UTTAR PRADESH,2013,TOTAL DROWNING,1301,112,27,139,1062,269,1331
UTTAR PRADESH,2013,TOTAL EXPLOSION,50,18,6,24,26,19,45
UTTAR PRADESH,2013,TOTAL FALLS,470,37,9,46,379,58,437
UTTAR PRADESH,2013,TOTAL FIRE,1327,87,94,181,437,897,1334
UTTAR PRADESH,2013,TOTAL SUDDEN DEATHS,762,41,10,51,584,151,735
UTTAR PRADESH,2013,TOTAL POISONING,1299,102,44,146,829,446,1275
UTTAR PRADESH,2013,TOTAL TRAFFIC ACCIDENTS,30017,14311,2820,17131,16434,3205,19639
UTTARAKHAND,2013,AIR-CRASH,3,0,0,0,20,0,20
UTTARAKHAND,2013,COLLAPSE OF STRUCTURE(HOUSE),6,0,0,0,2,4,6
UTTARAKHAND,2013,COLLAPSE OF STRUCTURE(BUILDING),1,0,0,0,1,0,1
UTTARAKHAND,2013,COLLAPSE OF STRUCTURE(DAM),0,0,0,0,0,0,0
UTTARAKHAND,2013,COLLAPSE OF STRUCTURE(BRIDGE),0,0,0,0,0,0,0
UTTARAKHAND,2013,COLLAPSE OF STRUCTURE(OTHERS),0,0,0,0,0,0,0
UTTARAKHAND,2013,DROWNING(BOAT CAPSIZE),1,0,0,0,2,0,2
UTTARAKHAND,2013,DROWNING(OTHER),131,20,4,24,116,28,144
UTTARAKHAND,2013,ELECTROCUTION,39,22,0,22,54,9,63
UTTARAKHAND,2013,EXPLOSION(BOMB EXPLOSION),1,0,0,0,1,0,1
UTTARAKHAND,2013,EXPLOSION(OTHER EXPLOSION LIKE BOIL,3,2,0,2,7,1,8
UTTARAKHAND,2013,FALLS(FALL FROM HEIGHT),55,2,0,2,61,11,72
UTTARAKHAND,2013,FALL INTO PIT/MANHOLE,23,7,4,11,7,1,8
UTTARAKHAND,2013,FACTORY/MACHINE ACCIDENTS,4,1,0,1,3,0,3
UTTARAKHAND,2013,FIRE(FIREWORKS/CRACKERS),0,0,0,0,0,0,0
UTTARAKHAND,2013,FIRE(SHORT-CIRCUIT),4,0,0,0,3,1,4
UTTARAKHAND,2013,GAS CYLINDER/STOVE BURST,11,0,0,0,6,5,11
UTTARAKHAND,2013,OTHER FIRE ACCIDENTS,92,1,0,1,39,62,101
UTTARAKHAND,2013,FIRE-ARMS,8,2,0,2,5,1,6
UTTARAKHAND,2013,SUDDEN DEATHS(HEART ATTACKS),168,5,0,5,142,23,165
UTTARAKHAND,2013,EPILEPTIC FITS/GIDDINESS,8,0,0,0,5,3,8
UTTARAKHAND,2013,ABORTIONS/CHILD BIRTH,3,0,0,0,0,3,3
UTTARAKHAND,2013,INFLUENCE OF ALCOHOL,38,0,0,0,42,0,42
UTTARAKHAND,2013,KILLED BY ANIMALS,16,0,0,0,9,8,17
UTTARAKHAND,2013,MINES OR QUARY DISASTER,0,0,0,0,0,0,0
UTTARAKHAND,2013,FOOD POISIONING/ACCIDENTAL INTAKE OF INSECTICIDES ETC.,96,3,1,4,70,35,105
UTTARAKHAND,2013,SPURIOUS/POISIONOUS LIQUOR,0,0,0,0,0,0,0
UTTARAKHAND,2013,LEAKAGE OF POISINOUS GASES ETC.,0,0,0,0,0,0,0
UTTARAKHAND,2013,SNAKE BITE/ANIMAL BITE,2,0,0,0,1,1,2
UTTARAKHAND,2013,OTHER,112,4,0,4,64,51,115
UTTARAKHAND,2013,STAMPEDE,0,0,0,0,0,0,0
UTTARAKHAND,2013,SUFFOCATION,7,0,0,0,5,3,8
UTTARAKHAND,2013,TRAFFIC ACCIDENTS(ROAD ACCIDENTS),1297,1245,258,1503,639,127,766
UTTARAKHAND,2013,TRAFFIC ACCIDENTS(RAIL-ROAD ACCIDENTS),0,0,0,0,0,0,0
UTTARAKHAND,2013,OTHER RAILWAY ACCIDENTS,67,5,3,8,52,7,59
UTTARAKHAND,2013,OTHER,403,34,7,41,298,90,388
UTTARAKHAND,2013,CAUSES NOT KNOWN,42,0,0,0,37,5,42
UTTARAKHAND,2013,TOTAL,2641,1353,277,1630,1691,479,2170
UTTARAKHAND,2013,TOTAL COLLAPSE,7,0,0,0,3,4,7
UTTARAKHAND,2013,TOTAL DROWNING,132,20,4,24,118,28,146
UTTARAKHAND,2013,TOTAL EXPLOSION,4,2,0,2,8,1,9
UTTARAKHAND,2013,TOTAL FALLS,78,9,4,13,68,12,80
UTTARAKHAND,2013,TOTAL FIRE,107,1,0,1,48,68,116
UTTARAKHAND,2013,TOTAL SUDDEN DEATHS,217,5,0,5,189,29,218
UTTARAKHAND,2013,TOTAL POISONING,210,7,1,8,135,87,222
UTTARAKHAND,2013,TOTAL TRAFFIC ACCIDENTS,1364,1250,261,1511,691,134,825
WEST BENGAL,2013,AIR-CRASH,0,0,0,0,0,0,0
WEST BENGAL,2013,COLLAPSE OF STRUCTURE(HOUSE),1,0,0,0,1,0,1
WEST BENGAL,2013,COLLAPSE OF STRUCTURE(BUILDING),2,0,0,0,1,1,2
WEST BENGAL,2013,COLLAPSE OF STRUCTURE(DAM),0,0,0,0,0,0,0
WEST BENGAL,2013,COLLAPSE OF STRUCTURE(BRIDGE),0,0,0,0,0,0,0
WEST BENGAL,2013,COLLAPSE OF STRUCTURE(OTHERS),27,14,3,17,13,5,18
WEST BENGAL,2013,DROWNING(BOAT CAPSIZE),5,13,9,22,7,0,7
WEST BENGAL,2013,DROWNING(OTHER),815,45,15,60,638,214,852
WEST BENGAL,2013,ELECTROCUTION,172,11,2,13,140,37,177
WEST BENGAL,2013,EXPLOSION(BOMB EXPLOSION),62,82,10,92,27,5,32
WEST BENGAL,2013,EXPLOSION(OTHER EXPLOSION LIKE BOIL,2,1,0,1,2,1,3
WEST BENGAL,2013,FALLS(FALL FROM HEIGHT),166,35,10,45,136,19,155
WEST BENGAL,2013,FALL INTO PIT/MANHOLE,10,0,0,0,10,0,10
WEST BENGAL,2013,FACTORY/MACHINE ACCIDENTS,18,8,5,13,11,3,14
WEST BENGAL,2013,FIRE(FIREWORKS/CRACKERS),27,8,9,17,14,20,34
WEST BENGAL,2013,FIRE(SHORT-CIRCUIT),60,22,6,28,41,19,60
WEST BENGAL,2013,GAS CYLINDER/STOVE BURST,60,4,12,16,14,52,66
WEST BENGAL,2013,OTHER FIRE ACCIDENTS,845,32,29,61,202,708,910
WEST BENGAL,2013,FIRE-ARMS,56,20,4,24,38,1,39
WEST BENGAL,2013,SUDDEN DEATHS(HEART ATTACKS),469,86,32,118,342,101,443
WEST BENGAL,2013,EPILEPTIC FITS/GIDDINESS,13,7,0,7,7,4,11
WEST BENGAL,2013,ABORTIONS/CHILD BIRTH,33,0,14,14,0,15,15
WEST BENGAL,2013,INFLUENCE OF ALCOHOL,23,2,0,2,22,1,23
WEST BENGAL,2013,KILLED BY ANIMALS,48,0,0,0,33,15,48
WEST BENGAL,2013,MINES OR QUARY DISASTER,0,0,0,0,0,0,0
WEST BENGAL,2013,FOOD POISIONING/ACCIDENTAL INTAKE OF INSECTICIDES ETC.,294,18,29,47,182,137,319
WEST BENGAL,2013,SPURIOUS/POISIONOUS LIQUOR,1,0,0,0,7,0,7
WEST BENGAL,2013,LEAKAGE OF POISINOUS GASES ETC.,3,0,0,0,2,1,3
WEST BENGAL,2013,SNAKE BITE/ANIMAL BITE,512,25,19,44,382,313,695
WEST BENGAL,2013,OTHER,2066,179,41,220,1810,942,2752
WEST BENGAL,2013,STAMPEDE,0,0,0,0,0,0,0
WEST BENGAL,2013,SUFFOCATION,17,0,0,0,12,5,17
WEST BENGAL,2013,TRAFFIC ACCIDENTS(ROAD ACCIDENTS),16549,14272,3035,17307,4798,1029,5827
WEST BENGAL,2013,TRAFFIC ACCIDENTS(RAIL-ROAD ACCIDENTS),21,0,0,0,17,4,21
WEST BENGAL,2013,OTHER RAILWAY ACCIDENTS,2784,37,18,55,2218,565,2783
WEST BENGAL,2013,OTHER,2308,20,1,21,1597,690,2287
WEST BENGAL,2013,CAUSES NOT KNOWN,2498,921,395,1316,1751,782,2533
WEST BENGAL,2013,TOTAL,29967,15862,3698,19560,14475,5689,20164
WEST BENGAL,2013,TOTAL COLLAPSE,30,14,3,17,15,6,21
WEST BENGAL,2013,TOTAL DROWNING,820,58,24,82,645,214,859
WEST BENGAL,2013,TOTAL EXPLOSION,64,83,10,93,29,6,35
WEST BENGAL,2013,TOTAL FALLS,176,35,10,45,146,19,165
WEST BENGAL,2013,TOTAL FIRE,992,66,56,122,271,799,1070
WEST BENGAL,2013,TOTAL SUDDEN DEATHS,538,95,46,141,371,121,492
WEST BENGAL,2013,TOTAL POISONING,2876,222,89,311,2383,1393,3776
WEST BENGAL,2013,TOTAL TRAFFIC ACCIDENTS,19354,14309,3053,17362,7033,1598,8631
A & N ISLANDS,2013,AIR-CRASH,0,0,0,0,0,0,0
A & N ISLANDS,2013,COLLAPSE OF STRUCTURE(HOUSE),0,0,0,0,0,0,0
A & N ISLANDS,2013,COLLAPSE OF STRUCTURE(BUILDING),0,0,0,0,0,0,0
A & N ISLANDS,2013,COLLAPSE OF STRUCTURE(DAM),0,0,0,0,0,0,0
A & N ISLANDS,2013,COLLAPSE OF STRUCTURE(BRIDGE),0,0,0,0,0,0,0
A & N ISLANDS,2013,COLLAPSE OF STRUCTURE(OTHERS),0,0,0,0,0,0,0
A & N ISLANDS,2013,DROWNING(BOAT CAPSIZE),0,0,0,0,0,0,0
A & N ISLANDS,2013,DROWNING(OTHER),43,0,0,0,39,7,46
A & N ISLANDS,2013,ELECTROCUTION,5,0,0,0,4,2,6
A & N ISLANDS,2013,EXPLOSION(BOMB EXPLOSION),0,0,0,0,0,0,0
A & N ISLANDS,2013,EXPLOSION(OTHER EXPLOSION LIKE BOIL,0,0,0,0,0,0,0
A & N ISLANDS,2013,FALLS(FALL FROM HEIGHT),4,0,0,0,3,1,4
A & N ISLANDS,2013,FALL INTO PIT/MANHOLE,4,0,0,0,3,1,4
A & N ISLANDS,2013,FACTORY/MACHINE ACCIDENTS,0,0,0,0,0,0,0
A & N ISLANDS,2013,FIRE(FIREWORKS/CRACKERS),1,0,0,0,0,1,1
A & N ISLANDS,2013,FIRE(SHORT-CIRCUIT),0,0,0,0,0,0,0
A & N ISLANDS,2013,GAS CYLINDER/STOVE BURST,0,0,0,0,0,0,0
A & N ISLANDS,2013,OTHER FIRE ACCIDENTS,6,0,0,0,1,5,6
A & N ISLANDS,2013,FIRE-ARMS,0,0,0,0,0,0,0
A & N ISLANDS,2013,SUDDEN DEATHS(HEART ATTACKS),31,0,0,0,27,4,31
A & N ISLANDS,2013,EPILEPTIC FITS/GIDDINESS,4,0,0,0,4,0,4
A & N ISLANDS,2013,ABORTIONS/CHILD BIRTH,0,0,0,0,0,0,0
A & N ISLANDS,2013,INFLUENCE OF ALCOHOL,0,0,0,0,0,0,0
A & N ISLANDS,2013,KILLED BY ANIMALS,2,0,0,0,2,0,2
A & N ISLANDS,2013,MINES OR QUARY DISASTER,0,0,0,0,0,0,0
A & N ISLANDS,2013,FOOD POISIONING/ACCIDENTAL INTAKE OF INSECTICIDES ETC.,5,0,0,0,3,3,6
A & N ISLANDS,2013,SPURIOUS/POISIONOUS LIQUOR,0,0,0,0,0,0,0
A & N ISLANDS,2013,LEAKAGE OF POISINOUS GASES ETC.,0,0,0,0,0,0,0
A & N ISLANDS,2013,SNAKE BITE/ANIMAL BITE,1,0,0,0,1,0,1
A & N ISLANDS,2013,OTHER,0,0,0,0,0,0,0
A & N ISLANDS,2013,STAMPEDE,0,0,0,0,0,0,0
A & N ISLANDS,2013,SUFFOCATION,3,0,0,0,2,1,3
A & N ISLANDS,2013,TRAFFIC ACCIDENTS(ROAD ACCIDENTS),200,146,61,207,34,6,40
A & N ISLANDS,2013,TRAFFIC ACCIDENTS(RAIL-ROAD ACCIDENTS),0,0,0,0,0,0,0
A & N ISLANDS,2013,OTHER RAILWAY ACCIDENTS,0,0,0,0,0,0,0
A & N ISLANDS,2013,OTHER,87,0,0,0,70,17,87
A & N ISLANDS,2013,CAUSES NOT KNOWN,10,0,0,0,7,2,9
A & N ISLANDS,2013,TOTAL,406,146,61,207,200,50,250
A & N ISLANDS,2013,TOTAL COLLAPSE,0,0,0,0,0,0,0
A & N ISLANDS,2013,TOTAL DROWNING,43,0,0,0,39,7,46
A & N ISLANDS,2013,TOTAL EXPLOSION,0,0,0,0,0,0,0
A & N ISLANDS,2013,TOTAL FALLS,8,0,0,0,6,2,8
A & N ISLANDS,2013,TOTAL FIRE,7,0,0,0,1,6,7
A & N ISLANDS,2013,TOTAL SUDDEN DEATHS,35,0,0,0,31,4,35
A & N ISLANDS,2013,TOTAL POISONING,6,0,0,0,4,3,7
A & N ISLANDS,2013,TOTAL TRAFFIC ACCIDENTS,200,146,61,207,34,6,40
CHANDIGARH,2013,AIR-CRASH,0,0,0,0,0,0,0
CHANDIGARH,2013,COLLAPSE OF STRUCTURE(HOUSE),1,0,0,0,0,1,1
CHANDIGARH,2013,COLLAPSE OF STRUCTURE(BUILDING),0,0,0,0,0,0,0
CHANDIGARH,2013,COLLAPSE OF STRUCTURE(DAM),0,0,0,0,0,0,0
CHANDIGARH,2013,COLLAPSE OF STRUCTURE(BRIDGE),0,0,0,0,0,0,0
CHANDIGARH,2013,COLLAPSE OF STRUCTURE(OTHERS),0,0,0,0,0,0,0
CHANDIGARH,2013,DROWNING(BOAT CAPSIZE),0,0,0,0,0,0,0
CHANDIGARH,2013,DROWNING(OTHER),1,0,0,0,1,0,1
CHANDIGARH,2013,ELECTROCUTION,2,0,0,0,2,0,2
CHANDIGARH,2013,EXPLOSION(BOMB EXPLOSION),0,0,0,0,0,0,0
CHANDIGARH,2013,EXPLOSION(OTHER EXPLOSION LIKE BOIL,0,0,0,0,0,0,0
CHANDIGARH,2013,FALLS(FALL FROM HEIGHT),30,0,0,0,26,4,30
CHANDIGARH,2013,FALL INTO PIT/MANHOLE,2,0,0,0,1,1,2
CHANDIGARH,2013,FACTORY/MACHINE ACCIDENTS,0,0,0,0,0,0,0
CHANDIGARH,2013,FIRE(FIREWORKS/CRACKERS),2,0,0,0,1,1,2
CHANDIGARH,2013,FIRE(SHORT-CIRCUIT),2,0,0,0,2,0,2
CHANDIGARH,2013,GAS CYLINDER/STOVE BURST,4,0,0,0,1,3,4
CHANDIGARH,2013,OTHER FIRE ACCIDENTS,12,0,0,0,2,10,12
CHANDIGARH,2013,FIRE-ARMS,0,0,0,0,0,0,0
CHANDIGARH,2013,SUDDEN DEATHS(HEART ATTACKS),47,0,0,0,43,4,47
CHANDIGARH,2013,EPILEPTIC FITS/GIDDINESS,4,0,0,0,4,0,4
CHANDIGARH,2013,ABORTIONS/CHILD BIRTH,4,0,0,0,0,4,4
CHANDIGARH,2013,INFLUENCE OF ALCOHOL,20,0,0,0,20,0,20
CHANDIGARH,2013,KILLED BY ANIMALS,1,0,0,0,1,0,1
CHANDIGARH,2013,MINES OR QUARY DISASTER,0,0,0,0,0,0,0
CHANDIGARH,2013,FOOD POISIONING/ACCIDENTAL INTAKE OF INSECTICIDES ETC.,2,0,0,0,1,1,2
CHANDIGARH,2013,SPURIOUS/POISIONOUS LIQUOR,3,0,0,0,1,2,3
CHANDIGARH,2013,LEAKAGE OF POISINOUS GASES ETC.,1,0,0,0,1,0,1
CHANDIGARH,2013,SNAKE BITE/ANIMAL BITE,1,0,0,0,0,1,1
CHANDIGARH,2013,OTHER,7,0,0,0,5,2,7
CHANDIGARH,2013,STAMPEDE,0,0,0,0,0,0,0
CHANDIGARH,2013,SUFFOCATION,0,0,0,0,0,0,0
CHANDIGARH,2013,TRAFFIC ACCIDENTS(ROAD ACCIDENTS),409,238,97,335,104,18,122
CHANDIGARH,2013,TRAFFIC ACCIDENTS(RAIL-ROAD ACCIDENTS),0,0,0,0,0,0,0
CHANDIGARH,2013,OTHER RAILWAY ACCIDENTS,0,0,0,0,0,0,0
CHANDIGARH,2013,OTHER,67,0,0,0,53,14,67
CHANDIGARH,2013,CAUSES NOT KNOWN,55,0,0,0,46,9,55
CHANDIGARH,2013,TOTAL,677,238,97,335,315,75,390
CHANDIGARH,2013,TOTAL COLLAPSE,1,0,0,0,0,1,1
CHANDIGARH,2013,TOTAL DROWNING,1,0,0,0,1,0,1
CHANDIGARH,2013,TOTAL EXPLOSION,0,0,0,0,0,0,0
CHANDIGARH,2013,TOTAL FALLS,32,0,0,0,27,5,32
CHANDIGARH,2013,TOTAL FIRE,20,0,0,0,6,14,20
CHANDIGARH,2013,TOTAL SUDDEN DEATHS,75,0,0,0,67,8,75
CHANDIGARH,2013,TOTAL POISONING,14,0,0,0,8,6,14
CHANDIGARH,2013,TOTAL TRAFFIC ACCIDENTS,409,238,97,335,104,18,122
D & N HAVELI,2013,AIR-CRASH,0,0,0,0,0,0,0
D & N HAVELI,2013,COLLAPSE OF STRUCTURE(HOUSE),0,0,0,0,0,0,0
D & N HAVELI,2013,COLLAPSE OF STRUCTURE(BUILDING),0,0,0,0,0,0,0
D & N HAVELI,2013,COLLAPSE OF STRUCTURE(DAM),0,0,0,0,0,0,0
D & N HAVELI,2013,COLLAPSE OF STRUCTURE(BRIDGE),0,0,0,0,0,0,0
D & N HAVELI,2013,COLLAPSE OF STRUCTURE(OTHERS),0,0,0,0,0,0,0
D & N HAVELI,2013,DROWNING(BOAT CAPSIZE),0,0,0,0,0,0,0
D & N HAVELI,2013,DROWNING(OTHER),13,0,0,0,10,3,13
D & N HAVELI,2013,ELECTROCUTION,3,0,0,0,3,0,3
D & N HAVELI,2013,EXPLOSION(BOMB EXPLOSION),0,0,0,0,0,0,0
D & N HAVELI,2013,EXPLOSION(OTHER EXPLOSION LIKE BOIL,0,0,0,0,0,0,0
D & N HAVELI,2013,FALLS(FALL FROM HEIGHT),8,0,0,0,7,1,8
D & N HAVELI,2013,FALL INTO PIT/MANHOLE,0,0,0,0,0,0,0
D & N HAVELI,2013,FACTORY/MACHINE ACCIDENTS,1,0,0,0,1,0,1
D & N HAVELI,2013,FIRE(FIREWORKS/CRACKERS),0,0,0,0,0,0,0
D & N HAVELI,2013,FIRE(SHORT-CIRCUIT),0,0,0,0,0,0,0
D & N HAVELI,2013,GAS CYLINDER/STOVE BURST,11,0,0,0,4,7,11
D & N HAVELI,2013,OTHER FIRE ACCIDENTS,1,0,0,0,0,1,1
D & N HAVELI,2013,FIRE-ARMS,0,0,0,0,0,0,0
D & N HAVELI,2013,SUDDEN DEATHS(HEART ATTACKS),3,0,0,0,3,0,3
D & N HAVELI,2013,EPILEPTIC FITS/GIDDINESS,0,0,0,0,0,0,0
D & N HAVELI,2013,ABORTIONS/CHILD BIRTH,1,0,0,0,0,1,1
D & N HAVELI,2013,INFLUENCE OF ALCOHOL,0,0,0,0,0,0,0
D & N HAVELI,2013,KILLED BY ANIMALS,0,0,0,0,0,0,0
D & N HAVELI,2013,MINES OR QUARY DISASTER,0,0,0,0,0,0,0
D & N HAVELI,2013,FOOD POISIONING/ACCIDENTAL INTAKE OF INSECTICIDES ETC.,3,0,0,0,1,2,3
D & N HAVELI,2013,SPURIOUS/POISIONOUS LIQUOR,0,0,0,0,0,0,0
D & N HAVELI,2013,LEAKAGE OF POISINOUS GASES ETC.,0,0,0,0,0,0,0
D & N HAVELI,2013,SNAKE BITE/ANIMAL BITE,1,0,0,0,1,0,1
D & N HAVELI,2013,OTHER,1,0,0,0,1,0,1
D & N HAVELI,2013,STAMPEDE,0,0,0,0,0,0,0
D & N HAVELI,2013,SUFFOCATION,0,0,0,0,0,0,0
D & N HAVELI,2013,TRAFFIC ACCIDENTS(ROAD ACCIDENTS),91,92,12,104,44,5,49
D & N HAVELI,2013,TRAFFIC ACCIDENTS(RAIL-ROAD ACCIDENTS),0,0,0,0,0,0,0
D & N HAVELI,2013,OTHER RAILWAY ACCIDENTS,0,0,0,0,0,0,0
D & N HAVELI,2013,OTHER,0,0,0,0,0,0,0
D & N HAVELI,2013,CAUSES NOT KNOWN,0,0,0,0,0,0,0
D & N HAVELI,2013,TOTAL,137,92,12,104,75,20,95
D & N HAVELI,2013,TOTAL COLLAPSE,0,0,0,0,0,0,0
D & N HAVELI,2013,TOTAL DROWNING,13,0,0,0,10,3,13
D & N HAVELI,2013,TOTAL EXPLOSION,0,0,0,0,0,0,0
D & N HAVELI,2013,TOTAL FALLS,8,0,0,0,7,1,8
D & N HAVELI,2013,TOTAL FIRE,12,0,0,0,4,8,12
D & N HAVELI,2013,TOTAL SUDDEN DEATHS,4,0,0,0,3,1,4
D & N HAVELI,2013,TOTAL POISONING,5,0,0,0,3,2,5
D & N HAVELI,2013,TOTAL TRAFFIC ACCIDENTS,91,92,12,104,44,5,49
DAMAN & DIU,2013,AIR-CRASH,0,0,0,0,0,0,0
DAMAN & DIU,2013,COLLAPSE OF STRUCTURE(HOUSE),0,0,0,0,0,0,0
DAMAN & DIU,2013,COLLAPSE OF STRUCTURE(BUILDING),0,0,0,0,0,0,0
DAMAN & DIU,2013,COLLAPSE OF STRUCTURE(DAM),0,0,0,0,0,0,0
DAMAN & DIU,2013,COLLAPSE OF STRUCTURE(BRIDGE),0,0,0,0,0,0,0
DAMAN & DIU,2013,COLLAPSE OF STRUCTURE(OTHERS),0,0,0,0,0,0,0
DAMAN & DIU,2013,DROWNING(BOAT CAPSIZE),0,0,0,0,0,0,0
DAMAN & DIU,2013,DROWNING(OTHER),26,0,0,0,25,1,26
DAMAN & DIU,2013,ELECTROCUTION,4,0,0,0,4,0,4
DAMAN & DIU,2013,EXPLOSION(BOMB EXPLOSION),0,0,0,0,0,0,0
DAMAN & DIU,2013,EXPLOSION(OTHER EXPLOSION LIKE BOIL,0,0,0,0,0,0,0
DAMAN & DIU,2013,FALLS(FALL FROM HEIGHT),4,0,0,0,4,0,4
DAMAN & DIU,2013,FALL INTO PIT/MANHOLE,1,0,0,0,0,2,2
DAMAN & DIU,2013,FACTORY/MACHINE ACCIDENTS,0,0,0,0,0,0,0
DAMAN & DIU,2013,FIRE(FIREWORKS/CRACKERS),0,0,0,0,0,0,0
DAMAN & DIU,2013,FIRE(SHORT-CIRCUIT),0,0,0,0,0,0,0
DAMAN & DIU,2013,GAS CYLINDER/STOVE BURST,14,0,0,0,5,9,14
DAMAN & DIU,2013,OTHER FIRE ACCIDENTS,2,0,0,0,1,1,2
DAMAN & DIU,2013,FIRE-ARMS,0,0,0,0,0,0,0
DAMAN & DIU,2013,SUDDEN DEATHS(HEART ATTACKS),8,0,0,0,8,0,8
DAMAN & DIU,2013,EPILEPTIC FITS/GIDDINESS,3,0,0,0,3,0,3
DAMAN & DIU,2013,ABORTIONS/CHILD BIRTH,3,0,0,0,0,2,2
DAMAN & DIU,2013,INFLUENCE OF ALCOHOL,2,0,0,0,1,0,1
DAMAN & DIU,2013,KILLED BY ANIMALS,0,0,0,0,0,0,0
DAMAN & DIU,2013,MINES OR QUARY DISASTER,0,0,0,0,0,0,0
DAMAN & DIU,2013,FOOD POISIONING/ACCIDENTAL INTAKE OF INSECTICIDES ETC.,0,0,0,0,0,0,0
DAMAN & DIU,2013,SPURIOUS/POISIONOUS LIQUOR,3,0,0,0,3,0,3
DAMAN & DIU,2013,LEAKAGE OF POISINOUS GASES ETC.,0,0,0,0,0,0,0
DAMAN & DIU,2013,SNAKE BITE/ANIMAL BITE,0,0,0,0,0,0,0
DAMAN & DIU,2013,OTHER,0,0,0,0,0,0,0
DAMAN & DIU,2013,STAMPEDE,0,0,0,0,0,0,0
DAMAN & DIU,2013,SUFFOCATION,1,0,0,0,1,0,1
DAMAN & DIU,2013,TRAFFIC ACCIDENTS(ROAD ACCIDENTS),30,71,4,75,29,2,31
DAMAN & DIU,2013,TRAFFIC ACCIDENTS(RAIL-ROAD ACCIDENTS),0,0,0,0,0,0,0
DAMAN & DIU,2013,OTHER RAILWAY ACCIDENTS,0,0,0,0,0,0,0
DAMAN & DIU,2013,OTHER,45,0,0,0,36,9,45
DAMAN & DIU,2013,CAUSES NOT KNOWN,6,0,0,0,4,3,7
DAMAN & DIU,2013,TOTAL,152,71,4,75,124,29,153
DAMAN & DIU,2013,TOTAL COLLAPSE,0,0,0,0,0,0,0
DAMAN & DIU,2013,TOTAL DROWNING,26,0,0,0,25,1,26
DAMAN & DIU,2013,TOTAL EXPLOSION,0,0,0,0,0,0,0
DAMAN & DIU,2013,TOTAL FALLS,5,0,0,0,4,2,6
DAMAN & DIU,2013,TOTAL FIRE,16,0,0,0,6,10,16
DAMAN & DIU,2013,TOTAL SUDDEN DEATHS,16,0,0,0,12,2,14
DAMAN & DIU,2013,TOTAL POISONING,3,0,0,0,3,0,3
DAMAN & DIU,2013,TOTAL TRAFFIC ACCIDENTS,30,71,4,75,29,2,31
DELHI(UT),2013,AIR-CRASH,0,0,0,0,0,0,0
DELHI(UT),2013,COLLAPSE OF STRUCTURE(HOUSE),24,35,6,41,17,3,20
DELHI(UT),2013,COLLAPSE OF STRUCTURE(BUILDING),3,1,0,1,3,0,3
DELHI(UT),2013,COLLAPSE OF STRUCTURE(DAM),0,0,0,0,0,0,0
DELHI(UT),2013,COLLAPSE OF STRUCTURE(BRIDGE),0,0,0,0,0,0,0
DELHI(UT),2013,COLLAPSE OF STRUCTURE(OTHERS),63,48,19,67,18,4,22
DELHI(UT),2013,DROWNING(BOAT CAPSIZE),46,0,0,0,43,3,46
DELHI(UT),2013,DROWNING(OTHER),113,1,0,1,111,15,126
DELHI(UT),2013,ELECTROCUTION,125,17,1,18,106,13,119
DELHI(UT),2013,EXPLOSION(BOMB EXPLOSION),0,0,0,0,0,0,0
DELHI(UT),2013,EXPLOSION(OTHER EXPLOSION LIKE BOIL,21,12,3,15,15,5,20
DELHI(UT),2013,FALLS(FALL FROM HEIGHT),408,60,10,70,301,67,368
DELHI(UT),2013,FALL INTO PIT/MANHOLE,15,2,0,2,12,1,13
DELHI(UT),2013,FACTORY/MACHINE ACCIDENTS,228,201,6,207,33,0,33
DELHI(UT),2013,FIRE(FIREWORKS/CRACKERS),10,2,0,2,5,3,8
DELHI(UT),2013,FIRE(SHORT-CIRCUIT),46,12,4,16,42,5,47
DELHI(UT),2013,GAS CYLINDER/STOVE BURST,41,15,6,21,6,29,35
DELHI(UT),2013,OTHER FIRE ACCIDENTS,95,36,3,39,67,45,112
DELHI(UT),2013,FIRE-ARMS,43,25,3,28,19,2,21
DELHI(UT),2013,SUDDEN DEATHS(HEART ATTACKS),220,0,0,0,187,33,220
DELHI(UT),2013,EPILEPTIC FITS/GIDDINESS,3,0,0,0,2,1,3
DELHI(UT),2013,ABORTIONS/CHILD BIRTH,11,0,0,0,0,11,11
DELHI(UT),2013,INFLUENCE OF ALCOHOL,65,0,0,0,65,0,65
DELHI(UT),2013,KILLED BY ANIMALS,4,3,0,3,1,0,1
DELHI(UT),2013,MINES OR QUARY DISASTER,0,0,0,0,0,0,0
DELHI(UT),2013,FOOD POISIONING/ACCIDENTAL INTAKE OF INSECTICIDES ETC.,52,0,0,0,35,18,53
DELHI(UT),2013,SPURIOUS/POISIONOUS LIQUOR,5,1,0,1,3,1,4
DELHI(UT),2013,LEAKAGE OF POISINOUS GASES ETC.,1,0,0,0,1,0,1
DELHI(UT),2013,SNAKE BITE/ANIMAL BITE,18,5,2,7,9,3,12
DELHI(UT),2013,OTHER,68,15,0,15,36,18,54
DELHI(UT),2013,STAMPEDE,0,0,0,0,0,0,0
DELHI(UT),2013,SUFFOCATION,12,1,0,1,11,3,14
DELHI(UT),2013,TRAFFIC ACCIDENTS(ROAD ACCIDENTS),7569,5627,936,6563,1651,180,1831
DELHI(UT),2013,TRAFFIC ACCIDENTS(RAIL-ROAD ACCIDENTS),0,0,0,0,0,0,0
DELHI(UT),2013,OTHER RAILWAY ACCIDENTS,1285,325,34,359,826,100,926
DELHI(UT),2013,OTHER,1568,214,26,240,1081,293,1374
DELHI(UT),2013,CAUSES NOT KNOWN,560,2,1,3,471,97,568
DELHI(UT),2013,TOTAL,12722,6660,1060,7720,5177,953,6130
DELHI(UT),2013,TOTAL COLLAPSE,90,84,25,109,38,7,45
DELHI(UT),2013,TOTAL DROWNING,159,1,0,1,154,18,172
DELHI(UT),2013,TOTAL EXPLOSION,21,12,3,15,15,5,20
DELHI(UT),2013,TOTAL FALLS,423,62,10,72,313,68,381
DELHI(UT),2013,TOTAL FIRE,192,65,13,78,120,82,202
DELHI(UT),2013,TOTAL SUDDEN DEATHS,299,0,0,0,254,45,299
DELHI(UT),2013,TOTAL POISONING,144,21,2,23,84,40,124
DELHI(UT),2013,TOTAL TRAFFIC ACCIDENTS,8854,5952,970,6922,2477,280,2757
LAKSHADWEEP,2013,AIR-CRASH,0,0,0,0,0,0,0
LAKSHADWEEP,2013,COLLAPSE OF STRUCTURE(HOUSE),0,0,0,0,0,0,0
LAKSHADWEEP,2013,COLLAPSE OF STRUCTURE(BUILDING),0,0,0,0,0,0,0
LAKSHADWEEP,2013,COLLAPSE OF STRUCTURE(DAM),0,0,0,0,0,0,0
LAKSHADWEEP,2013,COLLAPSE OF STRUCTURE(BRIDGE),0,0,0,0,0,0,0
LAKSHADWEEP,2013,COLLAPSE OF STRUCTURE(OTHERS),1,1,0,1,1,0,1
LAKSHADWEEP,2013,DROWNING(BOAT CAPSIZE),0,0,0,0,0,0,0
LAKSHADWEEP,2013,DROWNING(OTHER),1,1,0,1,1,0,1
LAKSHADWEEP,2013,ELECTROCUTION,0,0,0,0,0,0,0
LAKSHADWEEP,2013,EXPLOSION(BOMB EXPLOSION),0,0,0,0,0,0,0
LAKSHADWEEP,2013,EXPLOSION(OTHER EXPLOSION LIKE BOIL,0,0,0,0,0,0,0
LAKSHADWEEP,2013,FALLS(FALL FROM HEIGHT),0,0,0,0,0,0,0
LAKSHADWEEP,2013,FALL INTO PIT/MANHOLE,0,0,0,0,0,0,0
LAKSHADWEEP,2013,FACTORY/MACHINE ACCIDENTS,0,0,0,0,0,0,0
LAKSHADWEEP,2013,FIRE(FIREWORKS/CRACKERS),0,0,0,0,0,0,0
LAKSHADWEEP,2013,FIRE(SHORT-CIRCUIT),0,0,0,0,0,0,0
LAKSHADWEEP,2013,GAS CYLINDER/STOVE BURST,0,0,0,0,0,0,0
LAKSHADWEEP,2013,OTHER FIRE ACCIDENTS,0,0,0,0,0,0,0
LAKSHADWEEP,2013,FIRE-ARMS,0,0,0,0,0,0,0
LAKSHADWEEP,2013,SUDDEN DEATHS(HEART ATTACKS),1,1,0,1,1,0,1
LAKSHADWEEP,2013,EPILEPTIC FITS/GIDDINESS,1,1,0,1,1,0,1
LAKSHADWEEP,2013,ABORTIONS/CHILD BIRTH,0,0,0,0,0,0,0
LAKSHADWEEP,2013,INFLUENCE OF ALCOHOL,0,0,0,0,0,0,0
LAKSHADWEEP,2013,KILLED BY ANIMALS,0,0,0,0,0,0,0
LAKSHADWEEP,2013,MINES OR QUARY DISASTER,0,0,0,0,0,0,0
LAKSHADWEEP,2013,FOOD POISIONING/ACCIDENTAL INTAKE OF INSECTICIDES ETC.,0,0,0,0,0,0,0
LAKSHADWEEP,2013,SPURIOUS/POISIONOUS LIQUOR,0,0,0,0,0,0,0
LAKSHADWEEP,2013,LEAKAGE OF POISINOUS GASES ETC.,0,0,0,0,0,0,0
LAKSHADWEEP,2013,SNAKE BITE/ANIMAL BITE,0,0,0,0,0,0,0
LAKSHADWEEP,2013,OTHER,0,0,0,0,0,0,0
LAKSHADWEEP,2013,STAMPEDE,0,0,0,0,0,0,0
LAKSHADWEEP,2013,SUFFOCATION,0,0,0,0,0,0,0
LAKSHADWEEP,2013,TRAFFIC ACCIDENTS(ROAD ACCIDENTS),0,0,0,0,0,0,0
LAKSHADWEEP,2013,TRAFFIC ACCIDENTS(RAIL-ROAD ACCIDENTS),0,0,0,0,0,0,0
LAKSHADWEEP,2013,OTHER RAILWAY ACCIDENTS,0,0,0,0,0,0,0
LAKSHADWEEP,2013,OTHER,0,0,0,0,0,0,0
LAKSHADWEEP,2013,CAUSES NOT KNOWN,0,0,0,0,0,0,0
LAKSHADWEEP,2013,TOTAL,4,4,0,4,4,0,4
LAKSHADWEEP,2013,TOTAL COLLAPSE,1,1,0,1,1,0,1
LAKSHADWEEP,2013,TOTAL DROWNING,1,1,0,1,1,0,1
LAKSHADWEEP,2013,TOTAL EXPLOSION,0,0,0,0,0,0,0
LAKSHADWEEP,2013,TOTAL FALLS,0,0,0,0,0,0,0
LAKSHADWEEP,2013,TOTAL FIRE,0,0,0,0,0,0,0
LAKSHADWEEP,2013,TOTAL SUDDEN DEATHS,2,2,0,2,2,0,2
LAKSHADWEEP,2013,TOTAL POISONING,0,0,0,0,0,0,0
LAKSHADWEEP,2013,TOTAL TRAFFIC ACCIDENTS,0,0,0,0,0,0,0
PUDUCHERRY,2013,AIR-CRASH,0,0,0,0,0,0,0
PUDUCHERRY,2013,COLLAPSE OF STRUCTURE(HOUSE),0,0,0,0,0,0,0
PUDUCHERRY,2013,COLLAPSE OF STRUCTURE(BUILDING),0,0,0,0,0,0,0
PUDUCHERRY,2013,COLLAPSE OF STRUCTURE(DAM),0,0,0,0,0,0,0
PUDUCHERRY,2013,COLLAPSE OF STRUCTURE(BRIDGE),0,0,0,0,0,0,0
PUDUCHERRY,2013,COLLAPSE OF STRUCTURE(OTHERS),1,0,0,0,1,0,1
PUDUCHERRY,2013,DROWNING(BOAT CAPSIZE),1,0,0,0,1,0,1
PUDUCHERRY,2013,DROWNING(OTHER),100,0,0,0,94,9,103
PUDUCHERRY,2013,ELECTROCUTION,29,4,0,4,22,3,25
PUDUCHERRY,2013,EXPLOSION(BOMB EXPLOSION),0,0,0,0,0,0,0
PUDUCHERRY,2013,EXPLOSION(OTHER EXPLOSION LIKE BOIL,0,0,0,0,0,0,0
PUDUCHERRY,2013,FALLS(FALL FROM HEIGHT),56,1,0,1,48,7,55
PUDUCHERRY,2013,FALL INTO PIT/MANHOLE,0,0,0,0,0,0,0
PUDUCHERRY,2013,FACTORY/MACHINE ACCIDENTS,7,6,0,6,1,0,1
PUDUCHERRY,2013,FIRE(FIREWORKS/CRACKERS),0,0,0,0,0,0,0
PUDUCHERRY,2013,FIRE(SHORT-CIRCUIT),0,0,0,0,0,0,0
PUDUCHERRY,2013,GAS CYLINDER/STOVE BURST,5,0,0,0,0,5,5
PUDUCHERRY,2013,OTHER FIRE ACCIDENTS,11,2,0,2,4,5,9
PUDUCHERRY,2013,FIRE-ARMS,0,0,0,0,0,0,0
PUDUCHERRY,2013,SUDDEN DEATHS(HEART ATTACKS),71,0,0,0,66,5,71
PUDUCHERRY,2013,EPILEPTIC FITS/GIDDINESS,258,0,0,0,217,41,258
PUDUCHERRY,2013,ABORTIONS/CHILD BIRTH,1,0,0,0,0,1,1
PUDUCHERRY,2013,INFLUENCE OF ALCOHOL,226,0,0,0,220,6,226
PUDUCHERRY,2013,KILLED BY ANIMALS,0,0,0,0,0,0,0
PUDUCHERRY,2013,MINES OR QUARY DISASTER,0,0,0,0,0,0,0
PUDUCHERRY,2013,FOOD POISIONING/ACCIDENTAL INTAKE OF INSECTICIDES ETC.,10,0,0,0,4,6,10
PUDUCHERRY,2013,SPURIOUS/POISIONOUS LIQUOR,0,0,0,0,0,0,0
PUDUCHERRY,2013,LEAKAGE OF POISINOUS GASES ETC.,1,3,0,3,2,0,2
PUDUCHERRY,2013,SNAKE BITE/ANIMAL BITE,8,0,0,0,5,3,8
PUDUCHERRY,2013,OTHER,1,0,0,0,1,0,1
PUDUCHERRY,2013,STAMPEDE,0,0,0,0,0,0,0
PUDUCHERRY,2013,SUFFOCATION,0,0,0,0,0,0,0
PUDUCHERRY,2013,TRAFFIC ACCIDENTS(ROAD ACCIDENTS),1451,1209,356,1565,193,35,228
PUDUCHERRY,2013,TRAFFIC ACCIDENTS(RAIL-ROAD ACCIDENTS),0,0,0,0,0,0,0
PUDUCHERRY,2013,OTHER RAILWAY ACCIDENTS,11,0,0,0,7,4,11
PUDUCHERRY,2013,OTHER,18,5,0,5,13,0,13
PUDUCHERRY,2013,CAUSES NOT KNOWN,19,6,0,6,14,5,19
PUDUCHERRY,2013,TOTAL,2285,1236,356,1592,913,135,1048
PUDUCHERRY,2013,TOTAL COLLAPSE,1,0,0,0,1,0,1
PUDUCHERRY,2013,TOTAL DROWNING,101,0,0,0,95,9,104
PUDUCHERRY,2013,TOTAL EXPLOSION,0,0,0,0,0,0,0
PUDUCHERRY,2013,TOTAL FALLS,56,1,0,1,48,7,55
PUDUCHERRY,2013,TOTAL FIRE,16,2,0,2,4,10,14
PUDUCHERRY,2013,TOTAL SUDDEN DEATHS,556,0,0,0,503,53,556
PUDUCHERRY,2013,TOTAL POISONING,20,3,0,3,12,9,21
PUDUCHERRY,2013,TOTAL TRAFFIC ACCIDENTS,1462,1209,356,1565,200,39,239
